 icrys=  2 alat= 8.00000 ncmp=  1 nspn=  1
 at. # =     83
 conc  = 1.0000
   #              energy(ryd)  press(mbar)   rmsrh
  97             -40180.22727    -0.07678   0.10E-12
  97             -40180.22727    -0.07678   0.11E-12                            
  97             -40180.22727    -0.07678   0.10E-12                            
  97             -40180.22727    -0.07678   0.11E-12                            
  96             -40180.22727    -0.07678   0.78E-13                            
  95             -40180.22727    -0.07678   0.85E-13                            
  94             -40180.22727    -0.07678   0.11E-12                            
  93             -40180.22727    -0.07678   0.58E-13                            
  92             -40180.22727    -0.07678   0.50E-13                            
  91             -40180.22727    -0.07678   0.89E-13                            
  90             -40180.22727    -0.07678   0.12E-12                            
  89             -40180.22727    -0.07678   0.71E-13                            
  88             -40180.22727    -0.07678   0.11E-12                            
  87             -40180.22727    -0.07678   0.84E-13                            
  86             -40180.22727    -0.07678   0.12E-12                            
  85             -40180.22727    -0.07678   0.95E-13                            
  84             -40180.22727    -0.07678   0.77E-13                            
  83             -40180.22727    -0.07678   0.60E-13                            
  82             -40180.22727    -0.07678   0.92E-13                            
  81             -40180.22727    -0.07678   0.12E-12                            
  80             -40180.22727    -0.07678   0.77E-13                            
  79             -40180.22727    -0.07678   0.82E-13                            
  78             -40180.22727    -0.07678   0.55E-13                            
  77             -40180.22727    -0.07678   0.51E-13                            
  76             -40180.22727    -0.07678   0.99E-13                            
  75             -40180.22727    -0.07678   0.74E-13                            
  74             -40180.22727    -0.07678   0.78E-13                            
  73             -40180.22727    -0.07678   0.84E-13                            
  72             -40180.22727    -0.07678   0.67E-13                            
  71             -40180.22727    -0.07678   0.14E-12                            
  70             -40180.22727    -0.07678   0.82E-13                            
  69             -40180.22727    -0.07678   0.13E-12                            
  68             -40180.22727    -0.07678   0.13E-12                            
  67             -40180.22727    -0.07678   0.96E-13                            
  66             -40180.22727    -0.07678   0.90E-13                            
  65             -40180.22727    -0.07678   0.11E-12                            
  64             -40180.22727    -0.07678   0.74E-13                            
  63             -40180.22727    -0.07678   0.63E-13                            
  62             -40180.22727    -0.07678   0.10E-12                            
  61             -40180.22727    -0.07678   0.11E-12                            
  60             -40180.22727    -0.07678   0.13E-12                            
  59             -40180.22727    -0.07678   0.14E-12                            
  58             -40180.22727    -0.07678   0.25E-12                            
  57             -40180.22727    -0.07678   0.19E-12                            
  56             -40180.22727    -0.07678   0.23E-12                            
  55             -40180.22727    -0.07678   0.26E-12                            
  54             -40180.22727    -0.07678   0.66E-12                            
  53             -40180.22727    -0.07678   0.30E-12                            
  52             -40180.22727    -0.07678   0.12E-11                            
  51             -40180.22727    -0.07678   0.16E-11                            
  50             -40180.22727    -0.07678   0.18E-11                            
  49             -40180.22727    -0.07678   0.35E-11                            
  48             -40180.22727    -0.07678   0.34E-11                            
  47             -40180.22727    -0.07678   0.24E-11                            
  46             -40180.22727    -0.07678   0.27E-11                            
  45             -40180.22727    -0.07678   0.71E-11                            
  44             -40180.22727    -0.07678   0.81E-11                            
  43             -40180.22727    -0.07678   0.12E-10                            
  42             -40180.22727    -0.07678   0.14E-10                            
  41             -40180.22727    -0.07678   0.18E-10                            
  40             -40180.22727    -0.07678   0.34E-10                            
  39             -40180.22727    -0.07678   0.36E-10                            
  38             -40180.22727    -0.07678   0.56E-10                            
  37             -40180.22727    -0.07678   0.65E-10                            
  36             -40180.22727    -0.07678   0.81E-10                            
  35             -40180.22727    -0.07678   0.21E-09                            
  34             -40180.22727    -0.07678   0.23E-09                            
  33             -40180.22727    -0.07678   0.39E-09                            
  32             -40180.22727    -0.07678   0.52E-09                            
  31             -40180.22727    -0.07678   0.61E-09                            
  30             -40180.22727    -0.07678   0.11E-08                            
  29             -40180.22727    -0.07678   0.14E-08                            
  28             -40180.22727    -0.07678   0.16E-08                            
  27             -40180.22727    -0.07678   0.39E-08                            
  26             -40180.22727    -0.07678   0.45E-08                            
  25             -40180.22727    -0.07678   0.72E-08                            
  24             -40180.22727    -0.07678   0.11E-07                            
  23             -40180.22727    -0.07678   0.12E-07                            
  22             -40180.22727    -0.07678   0.19E-07                            
  21             -40180.22727    -0.07678   0.25E-07                            
  20             -40180.22727    -0.07678   0.28E-07                            
  19             -40180.22727    -0.07678   0.16E-06                            
  18             -40180.22727    -0.07678   0.20E-06                            
  17             -40180.22727    -0.07678   0.23E-06                            
  16             -40180.22727    -0.07678   0.90E-06                            
  15             -40180.22727    -0.07676   0.11E-05                            
  14             -40180.22727    -0.07673   0.14E-05                            
  13             -40180.22726    -0.07674   0.19E-04                            
  12             -40180.22726    -0.07674   0.22E-04                            
  11             -40180.22727    -0.07644   0.59E-04                            
  10             -40180.22726    -0.07289   0.10E-03                            
   9             -40180.22725    -0.07223   0.12E-03                            
   8             -40180.22725    -0.08309   0.32E-03                            
   7             -40180.22738    -0.08604   0.52E-03                            
   6             -40180.22778    -0.08519   0.16E-02                            
   5             -40180.22775    -0.05651   0.24E-02                            
   4             -40180.22917    -0.18808   0.62E-02                            
