DOS Data: Averaged over      2 atoms
--------------------------------
Fermi energy:  0.64178141                                   
LIZ Radius: 12.36545592                                     
Num Energy Points:   500                                    
--------------------------------
        Energy           DOS
     -0.400000      0.370806E-01
     -0.397194      0.374376E-01
     -0.394389      0.378006E-01
     -0.391583      0.381696E-01
     -0.388778      0.385448E-01
     -0.385972      0.389263E-01
     -0.383166      0.393143E-01
     -0.380361      0.397090E-01
     -0.377555      0.401105E-01
     -0.374749      0.405190E-01
     -0.371944      0.409346E-01
     -0.369138      0.413576E-01
     -0.366333      0.417880E-01
     -0.363527      0.422262E-01
     -0.360721      0.426723E-01
     -0.357916      0.431265E-01
     -0.355110      0.435889E-01
     -0.352305      0.440600E-01
     -0.349499      0.445397E-01
     -0.346693      0.450284E-01
     -0.343888      0.455264E-01
     -0.341082      0.460338E-01
     -0.338277      0.465509E-01
     -0.335471      0.470780E-01
     -0.332665      0.476153E-01
     -0.329860      0.481632E-01
     -0.327054      0.487219E-01
     -0.324248      0.492917E-01
     -0.321443      0.498730E-01
     -0.318637      0.504661E-01
     -0.315832      0.510713E-01
     -0.313026      0.516889E-01
     -0.310220      0.523194E-01
     -0.307415      0.529631E-01
     -0.304609      0.536204E-01
     -0.301804      0.542917E-01
     -0.298998      0.549775E-01
     -0.296192      0.556782E-01
     -0.293387      0.563942E-01
     -0.290581      0.571260E-01
     -0.287776      0.578742E-01
     -0.284970      0.586393E-01
     -0.282164      0.594217E-01
     -0.279359      0.602221E-01
     -0.276553      0.610411E-01
     -0.273747      0.618792E-01
     -0.270942      0.627372E-01
     -0.268136      0.636157E-01
     -0.265331      0.645154E-01
     -0.262525      0.654370E-01
     -0.259719      0.663814E-01
     -0.256914      0.673493E-01
     -0.254108      0.683416E-01
     -0.251303      0.693591E-01
     -0.248497      0.704028E-01
     -0.245691      0.714738E-01
     -0.242886      0.725729E-01
     -0.240080      0.737013E-01
     -0.237275      0.748602E-01
     -0.234469      0.760508E-01
     -0.231663      0.772742E-01
     -0.228858      0.785320E-01
     -0.226052      0.798254E-01
     -0.223246      0.811560E-01
     -0.220441      0.825253E-01
     -0.217635      0.839351E-01
     -0.214830      0.853871E-01
     -0.212024      0.868833E-01
     -0.209218      0.884256E-01
     -0.206413      0.900162E-01
     -0.203607      0.916574E-01
     -0.200802      0.933517E-01
     -0.197996      0.951017E-01
     -0.195190      0.969103E-01
     -0.192385      0.987804E-01
     -0.189579      0.100715E+00
     -0.186774      0.102719E+00
     -0.183968      0.104795E+00
     -0.181162      0.106947E+00
     -0.178357      0.109181E+00
     -0.175551      0.111501E+00
     -0.172745      0.113912E+00
     -0.169940      0.116422E+00
     -0.167134      0.119036E+00
     -0.164329      0.121762E+00
     -0.161523      0.124610E+00
     -0.158717      0.127589E+00
     -0.155912      0.130711E+00
     -0.153106      0.133987E+00
     -0.150301      0.137435E+00
     -0.147495      0.141071E+00
     -0.144689      0.144918E+00
     -0.141884      0.149003E+00
     -0.139078      0.153358E+00
     -0.136273      0.158028E+00
     -0.133467      0.163067E+00
     -0.130661      0.168553E+00
     -0.127856      0.174591E+00
     -0.125050      0.181339E+00
     -0.122244      0.189043E+00
     -0.119439      0.198112E+00
     -0.116633      0.209302E+00
     -0.113828      0.224191E+00
     -0.111022      0.246700E+00
     -0.108216      0.288675E+00
     -0.105411      0.375290E+00
     -0.102605      0.424698E+00
     -0.099800      0.531419E+00
     -0.096994      0.659755E+00
     -0.094188      0.601975E+00
     -0.091383      0.737315E+00
     -0.088577      0.696286E+00
     -0.085772      0.830580E+00
     -0.082966      0.882384E+00
     -0.080160      0.934919E+00
     -0.077355      0.112321E+01
     -0.074549      0.885918E+00
     -0.071743      0.949492E+00
     -0.068938      0.933611E+00
     -0.066132      0.119403E+01
     -0.063327      0.124504E+01
     -0.060521      0.137926E+01
     -0.057715      0.153837E+01
     -0.054910      0.115822E+01
     -0.052104      0.117269E+01
     -0.049299      0.118768E+01
     -0.046493      0.155307E+01
     -0.043687      0.148332E+01
     -0.040882      0.177751E+01
     -0.038076      0.167761E+01
     -0.035271      0.164485E+01
     -0.032465      0.165001E+01
     -0.029659      0.181184E+01
     -0.026854      0.201459E+01
     -0.024048      0.197007E+01
     -0.021242      0.208370E+01
     -0.018437      0.186922E+01
     -0.015631      0.199332E+01
     -0.012826      0.200194E+01
     -0.010020      0.233834E+01
     -0.007214      0.285780E+01
     -0.004409      0.302798E+01
     -0.001603      0.284171E+01
      0.001202      0.283879E+01
      0.004008      0.287958E+01
      0.006814      0.296396E+01
      0.009619      0.354048E+01
      0.012425      0.363311E+01
      0.015230      0.391498E+01
      0.018036      0.477473E+01
      0.020842      0.516565E+01
      0.023647      0.540397E+01
      0.026453      0.611321E+01
      0.029259      0.749080E+01
      0.032064      0.924215E+01
      0.034870      0.120403E+02
      0.037675      0.164511E+02
      0.040481      0.223308E+02
      0.043287      0.288703E+02
      0.046092      0.376980E+02
      0.048898      0.471305E+02
      0.051703      0.577319E+02
      0.054509      0.678069E+02
      0.057315      0.751739E+02
      0.060120      0.749585E+02
      0.062926      0.709685E+02
      0.065731      0.683762E+02
      0.068537      0.648651E+02
      0.071343      0.717301E+02
      0.074148      0.767070E+02
      0.076954      0.773050E+02
      0.079760      0.866431E+02
      0.082565      0.911862E+02
      0.085371      0.850597E+02
      0.088176      0.821860E+02
      0.090982      0.802029E+02
      0.093788      0.769296E+02
      0.096593      0.674348E+02
      0.099399      0.618884E+02
      0.102204      0.495483E+02
      0.105010      0.357459E+02
      0.107816      0.290262E+02
      0.110621      0.257346E+02
      0.113427      0.222024E+02
      0.116232      0.191401E+02
      0.119038      0.138865E+02
      0.121844      0.919587E+01
      0.124649      0.675753E+01
      0.127455      0.642029E+01
      0.130261      0.558766E+01
      0.133066      0.528560E+01
      0.135872      0.490600E+01
      0.138677      0.487202E+01
      0.141483      0.398990E+01
      0.144289      0.366696E+01
      0.147094      0.364469E+01
      0.149900      0.386321E+01
      0.152705      0.364272E+01
      0.155511      0.388333E+01
      0.158317      0.403048E+01
      0.161122      0.397187E+01
      0.163928      0.360490E+01
      0.166733      0.346788E+01
      0.169539      0.360658E+01
      0.172345      0.377476E+01
      0.175150      0.360465E+01
      0.177956      0.346372E+01
      0.180762      0.313033E+01
      0.183567      0.250084E+01
      0.186373      0.263542E+01
      0.189178      0.378945E+01
      0.191984      0.475132E+01
      0.194790      0.435643E+01
      0.197595      0.408190E+01
      0.200401      0.335665E+01
      0.203206      0.345128E+01
      0.206012      0.352604E+01
      0.208818      0.316026E+01
      0.211623      0.362635E+01
      0.214429      0.387120E+01
      0.217234      0.372080E+01
      0.220040      0.351273E+01
      0.222846      0.446184E+01
      0.225651      0.380975E+01
      0.228457      0.337081E+01
      0.231263      0.379440E+01
      0.234068      0.445714E+01
      0.236874      0.463565E+01
      0.239679      0.405753E+01
      0.242485      0.389817E+01
      0.245291      0.350951E+01
      0.248096      0.366364E+01
      0.250902      0.386821E+01
      0.253707      0.455084E+01
      0.256513      0.602998E+01
      0.259319      0.571486E+01
      0.262124      0.485313E+01
      0.264930      0.485893E+01
      0.267735      0.504648E+01
      0.270541      0.588366E+01
      0.273347      0.656826E+01
      0.276152      0.782182E+01
      0.278958      0.899306E+01
      0.281764      0.990177E+01
      0.284569      0.931621E+01
      0.287375      0.942925E+01
      0.290180      0.967566E+01
      0.292986      0.947267E+01
      0.295792      0.978479E+01
      0.298597      0.954065E+01
      0.301403      0.842835E+01
      0.304208      0.744641E+01
      0.307014      0.645860E+01
      0.309820      0.604397E+01
      0.312625      0.654431E+01
      0.315431      0.755070E+01
      0.318236      0.771876E+01
      0.321042      0.738827E+01
      0.323848      0.749037E+01
      0.326653      0.792358E+01
      0.329459      0.859032E+01
      0.332265      0.903062E+01
      0.335070      0.996161E+01
      0.337876      0.119642E+02
      0.340681      0.139156E+02
      0.343487      0.172551E+02
      0.346293      0.208988E+02
      0.349098      0.206093E+02
      0.351904      0.219244E+02
      0.354709      0.232324E+02
      0.357515      0.272066E+02
      0.360321      0.363578E+02
      0.363126      0.435163E+02
      0.365932      0.491350E+02
      0.368737      0.491007E+02
      0.371543      0.473011E+02
      0.374349      0.429321E+02
      0.377154      0.405546E+02
      0.379960      0.367342E+02
      0.382766      0.282249E+02
      0.385571      0.267127E+02
      0.388377      0.269404E+02
      0.391182      0.286315E+02
      0.393988      0.342071E+02
      0.396794      0.420901E+02
      0.399599      0.481296E+02
      0.402405      0.478526E+02
      0.405210      0.451184E+02
      0.408016      0.467370E+02
      0.410822      0.469142E+02
      0.413627      0.469753E+02
      0.416433      0.460263E+02
      0.419238      0.460016E+02
      0.422044      0.493782E+02
      0.424850      0.579661E+02
      0.427655      0.712073E+02
      0.430461      0.690469E+02
      0.433267      0.529270E+02
      0.436072      0.377179E+02
      0.438878      0.282063E+02
      0.441683      0.232368E+02
      0.444489      0.196935E+02
      0.447295      0.165513E+02
      0.450100      0.139649E+02
      0.452906      0.118695E+02
      0.455711      0.981066E+01
      0.458517      0.738213E+01
      0.461323      0.586229E+01
      0.464128      0.484166E+01
      0.466934      0.497150E+01
      0.469739      0.516569E+01
      0.472545      0.536497E+01
      0.475351      0.532577E+01
      0.478156      0.453351E+01
      0.480962      0.416415E+01
      0.483768      0.413896E+01
      0.486573      0.349735E+01
      0.489379      0.323336E+01
      0.492184      0.401097E+01
      0.494990      0.559989E+01
      0.497796      0.695916E+01
      0.500601      0.744676E+01
      0.503407      0.727892E+01
      0.506212      0.592077E+01
      0.509018      0.543901E+01
      0.511824      0.552595E+01
      0.514629      0.652801E+01
      0.517435      0.641706E+01
      0.520240      0.626483E+01
      0.523046      0.646458E+01
      0.525852      0.601627E+01
      0.528657      0.598985E+01
      0.531463      0.560509E+01
      0.534269      0.458784E+01
      0.537074      0.504381E+01
      0.539880      0.565897E+01
      0.542685      0.537759E+01
      0.545491      0.374938E+01
      0.548297      0.324189E+01
      0.551102      0.361003E+01
      0.553908      0.467319E+01
      0.556713      0.568708E+01
      0.559519      0.566881E+01
      0.562325      0.579079E+01
      0.565130      0.584222E+01
      0.567936      0.559267E+01
      0.570741      0.580902E+01
      0.573547      0.475728E+01
      0.576353      0.360299E+01
      0.579158      0.314852E+01
      0.581964      0.288679E+01
      0.584770      0.317853E+01
      0.587575      0.302010E+01
      0.590381      0.391897E+01
      0.593186      0.469932E+01
      0.595992      0.489346E+01
      0.598798      0.435669E+01
      0.601603      0.475272E+01
      0.604409      0.439779E+01
      0.607214      0.353154E+01
      0.610020      0.318197E+01
      0.612826      0.354245E+01
      0.615631      0.482376E+01
      0.618437      0.486328E+01
      0.621242      0.390455E+01
      0.624048      0.325902E+01
      0.626854      0.300911E+01
      0.629659      0.307824E+01
      0.632465      0.364723E+01
      0.635271      0.432098E+01
      0.638076      0.396652E+01
      0.640882      0.322865E+01
      0.643687      0.390576E+01
      0.646493      0.406357E+01
      0.649299      0.350927E+01
      0.652104      0.303219E+01
      0.654910      0.294682E+01
      0.657715      0.313369E+01
      0.660521      0.301758E+01
      0.663327      0.260888E+01
      0.666132      0.251418E+01
      0.668938      0.300429E+01
      0.671743      0.361863E+01
      0.674549      0.338008E+01
      0.677355      0.266452E+01
      0.680160      0.261815E+01
      0.682966      0.347453E+01
      0.685772      0.439076E+01
      0.688577      0.422128E+01
      0.691383      0.277128E+01
      0.694188      0.230412E+01
      0.696994      0.238531E+01
      0.699800      0.234330E+01
      0.702605      0.258286E+01
      0.705411      0.234218E+01
      0.708216      0.297401E+01
      0.711022      0.322357E+01
      0.713828      0.249547E+01
      0.716633      0.230377E+01
      0.719439      0.226863E+01
      0.722244      0.227176E+01
      0.725050      0.235100E+01
      0.727856      0.295004E+01
      0.730661      0.313821E+01
      0.733467      0.310922E+01
      0.736273      0.278642E+01
      0.739078      0.250467E+01
      0.741884      0.219220E+01
      0.744689      0.187936E+01
      0.747495      0.241840E+01
      0.750301      0.253763E+01
      0.753106      0.193739E+01
      0.755912      0.229032E+01
      0.758717      0.275517E+01
      0.761523      0.200310E+01
      0.764329      0.157304E+01
      0.767134      0.162124E+01
      0.769940      0.134974E+01
      0.772745      0.129025E+01
      0.775551      0.131630E+01
      0.778357      0.132418E+01
      0.781162      0.184701E+01
      0.783968      0.235492E+01
      0.786774      0.261840E+01
      0.789579      0.276150E+01
      0.792385      0.212209E+01
      0.795190      0.181971E+01
      0.797996      0.190409E+01
      0.800802      0.221753E+01
      0.803607      0.314413E+01
      0.806413      0.278589E+01
      0.809218      0.245366E+01
      0.812024      0.303585E+01
      0.814830      0.333754E+01
      0.817635      0.328566E+01
      0.820441      0.378063E+01
      0.823246      0.365469E+01
      0.826052      0.344907E+01
      0.828858      0.370840E+01
      0.831663      0.430596E+01
      0.834469      0.442490E+01
      0.837275      0.437798E+01
      0.840080      0.455525E+01
      0.842886      0.388885E+01
      0.845691      0.300324E+01
      0.848497      0.319597E+01
      0.851303      0.408893E+01
      0.854108      0.444738E+01
      0.856914      0.369413E+01
      0.859719      0.361500E+01
      0.862525      0.368693E+01
      0.865331      0.431469E+01
      0.868136      0.550947E+01
      0.870942      0.589957E+01
      0.873747      0.601474E+01
      0.876553      0.594242E+01
      0.879359      0.549128E+01
      0.882164      0.472105E+01
      0.884970      0.509628E+01
      0.887776      0.615408E+01
      0.890581      0.599833E+01
      0.893387      0.518793E+01
      0.896192      0.458421E+01
      0.898998      0.462943E+01
      0.901804      0.400447E+01
      0.904609      0.410220E+01
      0.907415      0.470331E+01
      0.910220      0.605887E+01
      0.913026      0.585628E+01
      0.915832      0.466236E+01
      0.918637      0.360360E+01
      0.921443      0.344465E+01
      0.924248      0.384001E+01
      0.927054      0.464365E+01
      0.929860      0.527252E+01
      0.932665      0.582415E+01
      0.935471      0.475303E+01
      0.938277      0.434594E+01
      0.941082      0.373725E+01
      0.943888      0.315606E+01
      0.946693      0.335259E+01
      0.949499      0.349667E+01
      0.952305      0.395705E+01
      0.955110      0.456954E+01
      0.957916      0.556336E+01
      0.960721      0.659892E+01
      0.963527      0.613281E+01
      0.966333      0.466192E+01
      0.969138      0.412267E+01
      0.971944      0.447502E+01
      0.974749      0.448660E+01
      0.977555      0.491930E+01
      0.980361      0.448368E+01
      0.983166      0.353618E+01
      0.985972      0.367334E+01
      0.988778      0.427081E+01
      0.991583      0.462081E+01
      0.994389      0.477167E+01
      0.997194      0.476242E+01
      1.000000      0.519749E+01
