 nspin  vdif :::::: Potentials for non-spin-polarized non-relativistic Va.      
    1   0.0000000000000D+00
 LSMS:           Va     z=  0.    xvalws=   0.14340
   0.                      2.65165   0. 0.2551193007259D+00
                 -0.1113096740000D+02 0.9751822497023D+00 1001 1030
 0.2077212871006D-04 0.2103639405349D-04 0.2130396284930D-04 0.2157487590233D-04
 0.2184915452065D-04 0.2212682114321D-04 0.2240791881480D-04 0.2269249112700D-04
 0.2298058213431D-04 0.2327223639233D-04 0.2356749895210D-04 0.2386641543836D-04
 0.2416903191389D-04 0.2447539505942D-04 0.2478555204458D-04 0.2509955057253D-04
 0.2541743896378D-04 0.2573926605742D-04 0.2606508127245D-04 0.2639493460174D-04
 0.2672887663962D-04 0.2706695855753D-04 0.2740923215695D-04 0.2775574981388D-04
 0.2810656456201D-04 0.2846173000918D-04 0.2882130047019D-04 0.2918533085364D-04
 0.2955387675067D-04 0.2992699437387D-04 0.3030474066838D-04 0.3068717318877D-04
 0.3107435023084D-04 0.3146633076237D-04 0.3186317447813D-04 0.3226494175226D-04
 0.3267169373537D-04 0.3308349224688D-04 0.3350039990734D-04 0.3392248005241D-04
 0.3434979679524D-04 0.3478241501910D-04 0.3522040041468D-04 0.3566381940593D-04
 0.3611273927767D-04 0.3656722806846D-04 0.3702735469979D-04 0.3749318888704D-04
 0.3796480118990D-04 0.3844226303674D-04 0.3892564670483D-04 0.3941502535882D-04
 0.3991047303827D-04 0.4041206467895D-04 0.4091987613704D-04 0.4143398416894D-04
 0.4195446647972D-04 0.4248140169901D-04 0.4301486942447D-04 0.4355495020806D-04
 0.4410172558752D-04 0.4465527808088D-04 0.4521569120793D-04 0.4578304952725D-04
 0.4635743858241D-04 0.4693894498664D-04 0.4752765637215D-04 0.4812366150142D-04
 0.4872705010706D-04 0.4933791313540D-04 0.4995634255641D-04 0.5058243145548D-04
 0.5121627409401D-04 0.5185796583941D-04 0.5250760324919D-04 0.5316528406022D-04
 0.5383110712203D-04 0.5450517258838D-04 0.5518758176503D-04 0.5587843720940D-04
 0.5657784271434D-04 0.5728590333991D-04 0.5800272543289D-04 0.5872841663032D-04
 0.5946308587814D-04 0.6020684343626D-04 0.6095980090186D-04 0.6172207125434D-04
 0.6249376881225D-04 0.6327500931744D-04 0.6406590990645D-04 0.6486658911239D-04
 0.6567716697167D-04 0.6649776493773D-04 0.6732850591075D-04 0.6816951435001D-04
 0.6902091620306D-04 0.6988283893129D-04 0.7075541158421D-04 0.7163876469919D-04
 0.7253303053561D-04 0.7343834281014D-04 0.7435483697618D-04 0.7528265009927D-04
 0.7622192089101D-04 0.7717278977474D-04 0.7813539888754D-04 0.7910989203018D-04
 0.8009641483981D-04 0.8109511469978D-04 0.8210614073153D-04 0.8312964392441D-04
 0.8416577707818D-04 0.8521469488555D-04 0.8627655387075D-04 0.8735151247782D-04
 0.8843973108218D-04 0.8954137204483D-04 0.9065659959740D-04 0.9178558009271D-04
 0.9292848179776D-04 0.9408547512402D-04 0.9525673245202D-04 0.9644242834470D-04
 0.9764273944423D-04 0.9885784452429D-04 0.1000879245711D-03 0.1013331627201D-03
 0.1025937444158D-03 0.1038698572622D-03 0.1051616912107D-03 0.1064694384422D-03
 0.1077932935924D-03 0.1091334535532D-03 0.1104901176502D-03 0.1118634876591D-03
 0.1132537677350D-03 0.1146611645813D-03 0.1160858873769D-03 0.1175281478600D-03
 0.1189881603286D-03 0.1204661417053D-03 0.1219623115293D-03 0.1234768919646D-03
 0.1250101079800D-03 0.1265621871814D-03 0.1281333599724D-03 0.1297238596128D-03
 0.1313339220395D-03 0.1329637862516D-03 0.1346136939658D-03 0.1362838900133D-03
 0.1379746220637D-03 0.1396861408534D-03 0.1414187001638D-03 0.1431725568093D-03
 0.1449479708013D-03 0.1467452052533D-03 0.1485645264827D-03 0.1504062040716D-03
 0.1522705108365D-03 0.1541577229492D-03 0.1560681198818D-03 0.1580019845593D-03
 0.1599596033334D-03 0.1619412659513D-03 0.1639472658498D-03 0.1659778997798D-03
 0.1680334683866D-03 0.1701142757165D-03 0.1722206296641D-03 0.1743528418127D-03
 0.1765112275118D-03 0.1786961059883D-03 0.1809078002891D-03 0.1831466374214D-03
 0.1854129483844D-03 0.1877070681267D-03 0.1900293357556D-03 0.1923800943808D-03
 0.1947596914527D-03 0.1971684784940D-03 0.1996068112960D-03 0.2020750500786D-03
 0.2045735593764D-03 0.2071027081156D-03 0.2096628697169D-03 0.2122544222467D-03
 0.2148777482532D-03 0.2175332349208D-03 0.2202212742141D-03 0.2229422627882D-03
 0.2256966021696D-03 0.2284846987872D-03 0.2313069638607D-03 0.2341638137732D-03
 0.2370556699198D-03 0.2399829587238D-03 0.2429461119611D-03 0.2459455664650D-03
 0.2489817645391D-03 0.2520551537163D-03 0.2551661871281D-03 0.2583153232414D-03
 0.2615030262273D-03 0.2647297658600D-03 0.2679960175713D-03 0.2713022626158D-03
 0.2746489881072D-03 0.2780366870355D-03 0.2814658584782D-03 0.2849370074025D-03
 0.2884506451016D-03 0.2920072889879D-03 0.2956074627563D-03 0.2992516965013D-03
 0.3029405267189D-03 0.3066744964465D-03 0.3104541554040D-03 0.3142800598542D-03
 0.3181527728769D-03 0.3220728644581D-03 0.3260409114347D-03 0.3300574976744D-03
 0.3341232141791D-03 0.3382386590503D-03 0.3424044378215D-03 0.3466211631817D-03
 0.3508894554258D-03 0.3552099423334D-03 0.3595832593291D-03 0.3640100495942D-03
 0.3684909639864D-03 0.3730266615161D-03 0.3776178089895D-03 0.3822650814579D-03
 0.3869691621030D-03 0.3917307425195D-03 0.3965505225248D-03 0.4014292106732D-03
 0.4063675240441D-03 0.4113661882764D-03 0.4164259381213D-03 0.4215475170984D-03
 0.4267316777564D-03 0.4319791818769D-03 0.4372908004589D-03 0.4426673139420D-03
 0.4481095121426D-03 0.4536181946313D-03 0.4591941705916D-03 0.4648382590564D-03
 0.4705512891432D-03 0.4763340999385D-03 0.4821875407658D-03 0.4881124712571D-03
 0.4941097616551D-03 0.5001802924838D-03 0.5063249553483D-03 0.5125446523998D-03
 0.5188402970078D-03 0.5252128134457D-03 0.5316631373647D-03 0.5381922157990D-03
 0.5448010072110D-03 0.5514904819050D-03 0.5582616218099D-03 0.5651154208215D-03
 0.5720528850992D-03 0.5790750329125D-03 0.5861828949197D-03 0.5933775144042D-03
 0.6006599472154D-03 0.6080312622690D-03 0.6154925412363D-03 0.6230448791579D-03
 0.6306893843587D-03 0.6384271784663D-03 0.6462593971196D-03 0.6541871894689D-03
 0.6622117187319D-03 0.6703341624682D-03 0.6785557123231D-03 0.6868775745670D-03
 0.6953009701585D-03 0.7038271348600D-03 0.7124573196437D-03 0.7211927904136D-03
 0.7300348288892D-03 0.7389847320093D-03 0.7480438126927D-03 0.7572133998220D-03
 0.7664948385467D-03 0.7758894902125D-03 0.7853987328932D-03 0.7950239613108D-03
 0.8047665872452D-03 0.8146280397791D-03 0.8246097651825D-03 0.8347132274927D-03
 0.8449399084566D-03 0.8552913079599D-03 0.8657689441944D-03 0.8763743536259D-03
 0.8871090917250D-03 0.8979747326560D-03 0.9089728698707D-03 0.9201051161788D-03
 0.9313731040861D-03 0.9427784859800D-03 0.9543229342893D-03 0.9660081418841D-03
 0.9778358222131D-03 0.9898077096731D-03 0.1001925559574D-02 0.1014191148916D-02
 0.1026606276130D-02 0.1039172761566D-02 0.1051892447716D-02 0.1064767199702D-02
 0.1077798905218D-02 0.1090989474769D-02 0.1104340842530D-02 0.1117854966048D-02
 0.1131533826473D-02 0.1145379429502D-02 0.1159393804986D-02 0.1173579007539D-02
 0.1187937116868D-02 0.1202470237958D-02 0.1217180501513D-02 0.1232070064029D-02
 0.1247141108484D-02 0.1262395844243D-02 0.1277836507670D-02 0.1293465362379D-02
 0.1309284699605D-02 0.1325296838365D-02 0.1341504125976D-02 0.1357908938363D-02
 0.1374513680370D-02 0.1391320786198D-02 0.1408332719614D-02 0.1425551974412D-02
 0.1442981074803D-02 0.1460622575749D-02 0.1478479063179D-02 0.1496553154802D-02
 0.1514847499963D-02 0.1533364780367D-02 0.1552107710410D-02 0.1571079037521D-02
 0.1590281542694D-02 0.1609718040474D-02 0.1629391380190D-02 0.1649304445410D-02
 0.1669460155131D-02 0.1689861463723D-02 0.1710511361680D-02 0.1731412875855D-02
 0.1752569070012D-02 0.1773983045062D-02 0.1795657939979D-02 0.1817596931796D-02
 0.1839803236137D-02 0.1862280108058D-02 0.1885030842129D-02 0.1908058772952D-02
 0.1931367275975D-02 0.1954959767564D-02 0.1978839705765D-02 0.2003010590876D-02
 0.2027475965538D-02 0.2052239415782D-02 0.2077304571274D-02 0.2102675105846D-02
 0.2128354738178D-02 0.2154347232056D-02 0.2180656397328D-02 0.2207286090086D-02
 0.2234240213522D-02 0.2261522718280D-02 0.2289137603162D-02 0.2317088915731D-02
 0.2345380752669D-02 0.2374017260727D-02 0.2403002637129D-02 0.2432341130319D-02
 0.2462037040223D-02 0.2492094719439D-02 0.2522518573419D-02 0.2553313061300D-02
 0.2584482696611D-02 0.2616032047677D-02 0.2647965738639D-02 0.2680288449980D-02
 0.2713004919057D-02 0.2746119941000D-02 0.2779638369409D-02 0.2813565116869D-02
 0.2847905155915D-02 0.2882663519604D-02 0.2917845302403D-02 0.2953455660562D-02
 0.2989499813444D-02 0.3025983043822D-02 0.3062910698814D-02 0.3100288190775D-02
 0.3138120997850D-02 0.3176414665123D-02 0.3215174804859D-02 0.3254407098044D-02
 0.3294117294676D-02 0.3334311214872D-02 0.3374994749500D-02 0.3416173861507D-02
 0.3457854585891D-02 0.3500043031858D-02 0.3542745382520D-02 0.3585967896517D-02
 0.3629716908568D-02 0.3673998830785D-02 0.3718820153219D-02 0.3764187445018D-02
 0.3810107355274D-02 0.3856586614149D-02 0.3903632033781D-02 0.3951250509250D-02
 0.3999449019636D-02 0.4048234629018D-02 0.4097614487476D-02 0.4147595832333D-02
 0.4198185988845D-02 0.4249392371605D-02 0.4301222485598D-02 0.4353683927134D-02
 0.4406784384960D-02 0.4460531641620D-02 0.4514933574396D-02 0.4569998156527D-02
 0.4625733458307D-02 0.4682147648477D-02 0.4739248995104D-02 0.4797045867058D-02
 0.4855546735080D-02 0.4914760173216D-02 0.4974694859701D-02 0.5035359578810D-02
 0.5096763221495D-02 0.5158914787139D-02 0.5221823384781D-02 0.5285498234379D-02
 0.5349948668052D-02 0.5415184131825D-02 0.5481214186518D-02 0.5548048509678D-02
 0.5615696896569D-02 0.5684169261676D-02 0.5753475640408D-02 0.5823626190304D-02
 0.5894631192739D-02 0.5966501054073D-02 0.6039246307764D-02 0.6112877615171D-02
 0.6187405767865D-02 0.6262841688671D-02 0.6339196433441D-02 0.6416481192766D-02
 0.6494707293437D-02 0.6573886200384D-02 0.6654029517982D-02 0.6735148992071D-02
 0.6817256511354D-02 0.6900364109694D-02 0.6984483967221D-02 0.7069628412430D-02
 0.7155809924222D-02 0.7243041133232D-02 0.7331334824064D-02 0.7420703936922D-02
 0.7511161569762D-02 0.7602720979970D-02 0.7695395586361D-02 0.7789198971384D-02
 0.7884144882678D-02 0.7980247235518D-02 0.8077520114464D-02 0.8175977775923D-02
 0.8275634649532D-02 0.8376505340981D-02 0.8478604633918D-02 0.8581947491605D-02
 0.8686549060033D-02 0.8792424669451D-02 0.8899589836776D-02 0.9008060268065D-02
 0.9117851860512D-02 0.9228980705016D-02 0.9341463088424D-02 0.9455315496037D-02
 0.9570554613684D-02 0.9687197330851D-02 0.9805260742280D-02 0.9924762151225D-02
 0.1004571907144D-01 0.1016814923015D-01 0.1029207057053D-01 0.1041750125413D-01
 0.1054445966386D-01 0.1067296440627D-01 0.1080303431482D-01 0.1093468845222D-01
 0.1106794611321D-01 0.1120282682781D-01 0.1133935036365D-01 0.1147753672926D-01
 0.1161740617673D-01 0.1175897920505D-01 0.1190227656253D-01 0.1204731925038D-01
 0.1219412852564D-01 0.1234272590399D-01 0.1249313316341D-01 0.1264537234700D-01
 0.1279946576636D-01 0.1295543600477D-01 0.1311330592059D-01 0.1327309865056D-01
 0.1343483761308D-01 0.1359854651211D-01 0.1376424933978D-01 0.1393197038091D-01
 0.1410173421580D-01 0.1427356572406D-01 0.1444749008861D-01 0.1462353279885D-01
 0.1480171965448D-01 0.1498207676959D-01 0.1516463057638D-01 0.1534940782868D-01
 0.1553643560638D-01 0.1572574131905D-01 0.1591735271011D-01 0.1611129786089D-01
 0.1630760519460D-01 0.1650630348073D-01 0.1670742183895D-01 0.1691098974366D-01
 0.1711703702831D-01 0.1732559388958D-01 0.1753669089172D-01 0.1775035897149D-01
 0.1796662944225D-01 0.1818553399860D-01 0.1840710472130D-01 0.1863137408180D-01
 0.1885837494681D-01 0.1908814058332D-01 0.1932070466352D-01 0.1955610126970D-01
 0.1979436489904D-01 0.2003553046897D-01 0.2027963332195D-01 0.2052670923099D-01
 0.2077679440461D-01 0.2102992549235D-01 0.2128613958996D-01 0.2154547424502D-01
 0.2180796746222D-01 0.2207365770912D-01 0.2234258392163D-01 0.2261478550992D-01
 0.2289030236391D-01 0.2316917485930D-01 0.2345144386345D-01 0.2373715074150D-01
 0.2402633736193D-01 0.2431904610329D-01 0.2461531986029D-01 0.2491520204952D-01
 0.2521873661667D-01 0.2552596804221D-01 0.2583694134833D-01 0.2615170210544D-01
 0.2647029643888D-01 0.2679277103540D-01 0.2711917315038D-01 0.2744955061457D-01
 0.2778395184090D-01 0.2812242583200D-01 0.2846502218699D-01 0.2881179110885D-01
 0.2916278341200D-01 0.2951805052926D-01 0.2987764451968D-01 0.3024161807651D-01
 0.3061002453392D-01 0.3098291787578D-01 0.3136035274329D-01 0.3174238444256D-01
 0.3212906895317D-01 0.3252046293630D-01 0.3291662374258D-01 0.3331760942132D-01
 0.3372347872809D-01 0.3413429113391D-01 0.3455010683374D-01 0.3497098675527D-01
 0.3539699256790D-01 0.3582818669165D-01 0.3626463230666D-01 0.3670639336169D-01
 0.3715353458427D-01 0.3760612148954D-01 0.3806422039034D-01 0.3852789840650D-01
 0.3899722347489D-01 0.3947226435931D-01 0.3995309066020D-01 0.4043977282564D-01
 0.4093238216062D-01 0.4143099083819D-01 0.4193567190986D-01 0.4244649931603D-01
 0.4296354789689D-01 0.4348689340374D-01 0.4401661250931D-01 0.4455278281972D-01
 0.4509548288527D-01 0.4564479221230D-01 0.4620079127433D-01 0.4676356152436D-01
 0.4733318540635D-01 0.4790974636749D-01 0.4849332887028D-01 0.4908401840477D-01
 0.4968190150131D-01 0.5028706574285D-01 0.5089959977794D-01 0.5151959333360D-01
 0.5214713722836D-01 0.5278232338557D-01 0.5342524484690D-01 0.5407599578568D-01
 0.5473467152080D-01 0.5540136853054D-01 0.5607618446656D-01 0.5675921816837D-01
 0.5745056967755D-01 0.5815034025230D-01 0.5885863238233D-01 0.5957554980368D-01
 0.6030119751388D-01 0.6103568178724D-01 0.6177911019019D-01 0.6253159159728D-01
 0.6329323620658D-01 0.6406415555626D-01 0.6484446254003D-01 0.6563427142453D-01
 0.6643369786504D-01 0.6724285892308D-01 0.6806187308280D-01 0.6889086026856D-01
 0.6972994186242D-01 0.7057924072138D-01 0.7143888119574D-01 0.7230898914659D-01
 0.7318969196470D-01 0.7408111858843D-01 0.7498339952315D-01 0.7589666685923D-01
 0.7682105429221D-01 0.7775669714126D-01 0.7870373236976D-01 0.7966229860429D-01
 0.8063253615521D-01 0.8161458703675D-01 0.8260859498786D-01 0.8361470549277D-01
 0.8463306580219D-01 0.8566382495454D-01 0.8670713379740D-01 0.8776314500978D-01
 0.8883201312363D-01 0.8991389454654D-01 0.9100894758417D-01 0.9211733246323D-01
 0.9323921135451D-01 0.9437474839638D-01 0.9552410971832D-01 0.9668746346524D-01
 0.9786497982102D-01 0.9905683103403D-01 0.1002631914409D+00 0.1014842374923D+00
 0.1027201477783D+00 0.1039711030537D+00 0.1052372862641D+00 0.1065188825725D+00
 0.1078160793860D+00 0.1091290663819D+00 0.1104580355357D+00 0.1118031811484D+00
 0.1131646998742D+00 0.1145427907488D+00 0.1159376552181D+00 0.1173494971666D+00
 0.1187785229470D+00 0.1202249414095D+00 0.1216889639312D+00 0.1231708044473D+00
 0.1246706794806D+00 0.1261888081730D+00 0.1277254123165D+00 0.1292807163846D+00
 0.1308549475646D+00 0.1324483357898D+00 0.1340611137720D+00 0.1356935170344D+00
 0.1373457839457D+00 0.1390181557530D+00 0.1407108766166D+00 0.1424241936443D+00
 0.1441583569261D+00 0.1459136195702D+00 0.1476902377378D+00 0.1494884706801D+00
 0.1513085807741D+00 0.1531508335600D+00 0.1550154977785D+00 0.1569028454077D+00
 0.1588131517027D+00 0.1607466952329D+00 0.1627037579214D+00 0.1646846250849D+00
 0.1666895854727D+00 0.1687189313074D+00 0.1707729583256D+00 0.1728519658190D+00
 0.1749562566760D+00 0.1770861374233D+00 0.1792419182693D+00 0.1814239131459D+00
 0.1836324397527D+00 0.1858678196005D+00 0.1881303780554D+00 0.1904204443838D+00
 0.1927383517974D+00 0.1950844374993D+00 0.1974590427295D+00 0.1998625128119D+00
 0.2022951972012D+00 0.2047574495307D+00 0.2072496276600D+00 0.2097720937236D+00
 0.2123252141803D+00 0.2149093598621D+00 0.2175249060243D+00 0.2201722323963D+00
 0.2228517232319D+00 0.2255637673614D+00 0.2283087582434D+00 0.2310870940165D+00
 0.2338991775531D+00 0.2367454165125D+00 0.2396262233945D+00 0.2425420155941D+00
 0.2454932154563D+00 0.2484802503316D+00 0.2515035526315D+00 0.2545635598854D+00
 0.2576607147970D+00 0.2607954653020D+00 0.2639682646256D+00 0.2671795713411D+00
 0.2704298494288D+00 0.2737195683350D+00 0.2770492030319D+00 0.2804192340780D+00
 0.2838301476789D+00 0.2872824357482D+00 0.2907765959697D+00 0.2943131318590D+00
 0.2978925528266D+00 0.3015153742405D+00 0.3051821174903D+00 0.3088933100510D+00
 0.3126494855468D+00 0.3164511838171D+00 0.3202989509806D+00 0.3241933395019D+00
 0.3281349082572D+00 0.3321242226005D+00 0.3361618544311D+00 0.3402483822606D+00
 0.3443843912802D+00 0.3485704734294D+00 0.3528072274636D+00 0.3570952590231D+00
 0.3614351807023D+00 0.3658276121182D+00 0.3702731799810D+00 0.3747725181632D+00
 0.3793262677697D+00 0.3839350772085D+00 0.3885996022608D+00 0.3933205061520D+00
 0.3980984596224D+00 0.4029341409983D+00 0.4078282362632D+00 0.4127814391289D+00
 0.4177944511067D+00 0.4228679815795D+00 0.4280027478720D+00 0.4331994753231D+00
 0.4384588973563D+00 0.4437817555519D+00 0.4491687997171D+00 0.4546207879578D+00
 0.4601384867486D+00 0.4657226710039D+00 0.4713741241479D+00 0.4770936381843D+00
 0.4828820137665D+00 0.4887400602655D+00 0.4946685958401D+00 0.5006684475037D+00
 0.5067404511926D+00 0.5128854518325D+00 0.5191043034051D+00 0.5253978690132D+00
 0.5317670209455D+00 0.5382126407400D+00 0.5447356192473D+00 0.5513368566918D+00
 0.5580172627323D+00 0.5647777565217D+00 0.5716192667644D+00 0.5785427317739D+00
 0.5855490995268D+00 0.5926393277173D+00 0.5998143838087D+00 0.6070752450835D+00
 0.6144228986914D+00 0.6218583416960D+00 0.6293825811180D+00 0.6369966339776D+00
 0.6447015273333D+00 0.6524982983188D+00 0.6603879941770D+00 0.6683716722910D+00
 0.6764504002123D+00 0.6846252556859D+00 0.6928973266713D+00 0.7012677113611D+00
 0.7097375181946D+00 0.7183078658685D+00 0.7269798833430D+00 0.7357547098430D+00
 0.7446334948559D+00 0.7536173981230D+00 0.7627075896272D+00 0.7719052495744D+00
 0.7812115683698D+00 0.7906277465876D+00 0.8001549949347D+00 0.8097945342085D+00
 0.8195475952466D+00 0.8294154188700D+00 0.8393992558184D+00 0.8495003666776D+00
 0.8597200217981D+00 0.8700595012052D+00 0.8805200944995D+00 0.8911031007480D+00
 0.9018098283644D+00 0.9126415949787D+00 0.9235997272960D+00 0.9346855609423D+00
 0.9459004402988D+00 0.9572457183227D+00 0.9687227563534D+00 0.9803329239057D+00
 0.9920775984461D+00 0.1003958165154D+01 0.1015976016667D+01 0.1028132552804D+01
 0.1040429180278D+01 0.1052867312379D+01 0.1065448368646D+01 0.1078173774510D+01
 0.1091044960918D+01 0.1104063363936D+01 0.1117230424315D+01 0.1130547587049D+01
 0.1144016300887D+01 0.1157638017828D+01 0.1171414192579D+01 0.1185346281984D+01
 0.1199435744419D+01 0.1213684039147D+01 0.1228092625640D+01 0.1242662962858D+01
 0.1257396508493D+01 0.1272294718157D+01 0.1287359044536D+01 0.1302590936486D+01
 0.1317991838088D+01 0.1333563187634D+01 0.1349306416573D+01 0.1365222948385D+01
 0.1381314197395D+01 0.1397581567525D+01 0.1414026450968D+01 0.1430650226794D+01
 0.1447454259477D+01 0.1464439897338D+01 0.1481608470902D+01 0.1498961291164D+01
 0.1516499647759D+01 0.1534224807030D+01 0.1552138009987D+01 0.1570240470154D+01
 0.1588533371300D+01 0.1607017865032D+01 0.1625695068274D+01 0.1644566060582D+01
 0.1663631881331D+01 0.1682893526731D+01 0.1702351946687D+01 0.1722008041470D+01
 0.1741862658219D+01 0.1761916587235D+01 0.1782170558071D+01 0.1802625235405D+01
 0.1823281214673D+01 0.1844139017472D+01 0.1865199086682D+01 0.1886461781331D+01
 0.1907927371158D+01 0.1929596030874D+01 0.1951467834086D+01 0.1973542746886D+01
 0.1995820621066D+01 0.2018301186944D+01 0.2040984045774D+01 0.2063868661727D+01
 0.2086954353394D+01 0.2110240284803D+01 0.2133725455912D+01 0.2157408692532D+01
 0.2181288635679D+01 0.2205363730271D+01 0.2229632213175D+01 0.2254092100528D+01
 0.2278741174305D+01 0.2303576968076D+01 0.2328596751897D+01 0.2353797516291D+01
 0.2379175955241D+01 0.2404728448141D+01 0.2430451040627D+01 0.2456339424216D+01
 0.2482388914673D+01 0.2508594429003D+01 0.2534950460997D+01 0.2561451055195D+01
 0.2588089779190D+01 0.2614859694121D+01 0.2641753323235D+01 0.2668762618384D+01
 0.2695878924274D+01 0.2723092940334D+01 0.2750394679981D+01 0.2777773427107D+01
 0.2805217689555D+01 0.2832715149349D+01 0.2860252609405D+01 0.2887815936448D+01
 0.2915389999799D+01 0.2942958605700D+01 0.2970504426787D+01 0.2998008926275D+01
 0.3025452276410D+01 0.3052813270653D+01 0.3080069229025D+01 0.3107195895990D+01
 0.3134167330161D+01 0.3160955785040D+01 0.3187531579940D+01 0.3213862960086D+01
 0.3239915944841D+01 0.3265654162808D+01 0.3291038672466D+01 0.3316027766812D+01
 0.3340576760280D+01 0.3364637756009D+01 0.3388159391295D+01 0.3411086549396D+01
 0.3433360080951D+01
                                    0.0000000000000D+00
 1030 0.1434024459850D+00
 0.1147882002062D-11 0.1161226832100D-11 0.1174740761391D-11 0.1188426188517D-11
 0.1202311827815D-11 0.1216426307037D-11 0.1230771538333D-11 0.1245349705008D-11
 0.1260163030716D-11 0.1275213813895D-11 0.1290504398772D-11 0.1306037212078D-11
 0.1321814909051D-11 0.1337839953815D-11 0.1354115124457D-11 0.1370643204532D-11
 0.1387426963307D-11 0.1404469440455D-11 0.1421773534310D-11 0.1439342378611D-11
 0.1457179137263D-11 0.1475287119896D-11 0.1493669587673D-11 0.1512329901503D-11
 0.1531271671090D-11 0.1550498382847D-11 0.1570013772730D-11 0.1589821485304D-11
 0.1609925370959D-11 0.1630329379732D-11 0.1651037539308D-11 0.1672053876152D-11
 0.1693382591775D-11 0.1715027933760D-11 0.1736994228836D-11 0.1759285971744D-11
 0.1781907694754D-11 0.1804864012805D-11 0.1828159676284D-11 0.1851799467197D-11
 0.1875788304645D-11 0.1900131267427D-11 0.1924833447905D-11 0.1949900084256D-11
 0.1975336434971D-11 0.2001148042527D-11 0.2027340383297D-11 0.2053919104568D-11
 0.2080890047535D-11 0.2108258953320D-11 0.2136031960380D-11 0.2164215000551D-11
 0.2192814406993D-11 0.2221836557157D-11 0.2251287913083D-11 0.2281174966132D-11
 0.2311504452525D-11 0.2342283356341D-11 0.2373518542117D-11 0.2405217132195D-11
 0.2437386394170D-11 0.2470033796253D-11 0.2503166750636D-11 0.2536792938719D-11
 0.2570920341321D-11 0.2605556760791D-11 0.2640710363645D-11 0.2676389538266D-11
 0.2712602544721D-11 0.2749358188574D-11 0.2786665143555D-11 0.2824532251306D-11
 0.2862968778252D-11 0.2901983999545D-11 0.2941587221677D-11 0.2981788322065D-11
 0.3022596930690D-11 0.3064023140833D-11 0.3106077175873D-11 0.3148769504049D-11
 0.3192110618322D-11 0.3236111459144D-11 0.3280782981509D-11 0.3326136424916D-11
 0.3372183286057D-11 0.3418935203126D-11 0.3466404138789D-11 0.3514602162589D-11
 0.3563541651937D-11 0.3613235327106D-11 0.3663696024723D-11 0.3714936840771D-11
 0.3766971105532D-11 0.3819812423374D-11 0.3873474848594D-11 0.3927972527259D-11
 0.3983319895942D-11 0.4039531556173D-11 0.4096622812292D-11 0.4154608795236D-11
 0.4213505173603D-11 0.4273327946098D-11 0.4334093315136D-11 0.4395818097172D-11
 0.4458518773777D-11 0.4522213090070D-11 0.4586918101128D-11 0.4652652333232D-11
 0.4719433730147D-11 0.4787281164023D-11 0.4856213533565D-11 0.4926250297752D-11
 0.4997411458296D-11 0.5069717006867D-11 0.5143187880595D-11 0.5217845033971D-11
 0.5293709692098D-11 0.5370804056881D-11 0.5449150402947D-11 0.5528771831119D-11
 0.5609691168042D-11 0.5691932448085D-11 0.5775519847491D-11 0.5860478492844D-11
 0.5946832992395D-11 0.6034609512583D-11 0.6123834401511D-11 0.6214534303603D-11
 0.6306736905299D-11 0.6400470228586D-11 0.6495762309900D-11 0.6592642783560D-11
 0.6691141324514D-11 0.6791288131295D-11 0.6893114452807D-11 0.6996651571166D-11
 0.7101932345729D-11 0.7208989430170D-11 0.7317856587455D-11 0.7428568013310D-11
 0.7541159035272D-11 0.7655665856339D-11 0.7772124286538D-11 0.7890572388261D-11
 0.8011047922320D-11 0.8133590072975D-11 0.8258238618260D-11 0.8385034186896D-11
 0.8514018421940D-11 0.8645233587061D-11 0.8778722900396D-11 0.8914530799908D-11
 0.9052702174524D-11 0.9193283556934D-11 0.9336322009422D-11 0.9481865250354D-11
 0.9629962772473D-11 0.9780664783907D-11 0.9934022649554D-11 0.1009008865913D-10
 0.1024891637849D-10 0.1041056064959D-10 0.1057507704631D-10 0.1074252303438D-10
 0.1091295690976D-10 0.1108643771457D-10 0.1126302707547D-10 0.1144278688579D-10
 0.1162578060644D-10 0.1181207357009D-10 0.1200173181467D-10 0.1219482335124D-10
 0.1239141743169D-10 0.1259158492467D-10 0.1279539811229D-10 0.1300293142193D-10
 0.1321425980787D-10 0.1342946084632D-10 0.1364861363844D-10 0.1387179882275D-10
 0.1409909878401D-10 0.1433059780802D-10 0.1456638236390D-10 0.1480654025657D-10
 0.1505116169814D-10 0.1530033875635D-10 0.1555416555334D-10 0.1581273786757D-10
 0.1607615460439D-10 0.1634451642009D-10 0.1661792496238D-10 0.1689648630171D-10
 0.1718030766883D-10 0.1746949888433D-10 0.1776417206542D-10 0.1806444177424D-10
 0.1837042585368D-10 0.1868224347908D-10 0.1900001890026D-10 0.1932387625556D-10
 0.1965394351923D-10 0.1999035353279D-10 0.2033323892085D-10 0.2068273753936D-10
 0.2103898902226D-10 0.2140213759375D-10 0.2177232935622D-10 0.2214971415112D-10
 0.2253444594176D-10 0.2292668120245D-10 0.2332658077373D-10 0.2373430810805D-10
 0.2415003216852D-10 0.2457392330206D-10 0.2500615736397D-10 0.2544691413892D-10
 0.2589637750454D-10 0.2635473555196D-10 0.2682217898310D-10 0.2729890557339D-10
 0.2778511629571D-10 0.2828101607292D-10 0.2878681571311D-10 0.2930273041760D-10
 0.2982898069791D-10 0.3036579090671D-10 0.3091339188316D-10 0.3147201848658D-10
 0.3204191333591D-10 0.3262332166428D-10 0.3321649621144D-10 0.3382169481490D-10
 0.3443918191389D-10 0.3506922795594D-10 0.3571210875359D-10 0.3636810730807D-10
 0.3703751356278D-10 0.3772062308922D-10 0.3841773788229D-10 0.3912916928267D-10
 0.3985523364585D-10 0.4059625618815D-10 0.4135256794201D-10 0.4212450969439D-10
 0.4291242833514D-10 0.4371668043578D-10 0.4453762844442D-10 0.4537564591671D-10
 0.4623111424412D-10 0.4710442364967D-10 0.4799597144040D-10 0.4890616910261D-10
 0.4983543292274D-10 0.5078418975357D-10 0.5175287955068D-10 0.5274194858876D-10
 0.5375185655236D-10 0.5478307187800D-10 0.5583607614481D-10 0.5691135896855D-10
 0.5800942490390D-10 0.5913078844584D-10 0.6027597533355D-10 0.6144552770444D-10
 0.6263999454948D-10 0.6385994260607D-10 0.6510595035650D-10 0.6637860783277D-10
 0.6767852305576D-10 0.6900631513968D-10 0.7036261853027D-10 0.7174808320376D-10
 0.7316337317603D-10 0.7460917145700D-10 0.7608617274742D-10 0.7759509136890D-10
 0.7913665696706D-10 0.8071161593410D-10 0.8232073536626D-10 0.8396479618475D-10
 0.8564460188473D-10 0.8736097253525D-10 0.8911474675652D-10 0.9090678608349D-10
 0.9273797023145D-10 0.9460920073595D-10 0.9652139970449D-10 0.9847551219534D-10
 0.1004725054039D-09 0.1025133674861D-09 0.1045991136125D-09 0.1067307811201D-09
 0.1089094296472D-09 0.1111361502448D-09 0.1134120562863D-09 0.1157382823089D-09
 0.1181159996034D-09 0.1205464025311D-09 0.1230307128312D-09 0.1255701837619D-09
 0.1281660977251D-09 0.1308197675389D-09 0.1335325360021D-09 0.1363057778137D-09
 0.1391409062652D-09 0.1420393602131D-09 0.1450026199922D-09 0.1480321943473D-09
 0.1511296336449D-09 0.1542965238040D-09 0.1575344862232D-09 0.1608451847752D-09
 0.1642303206764D-09 0.1676916374825D-09 0.1712309175822D-09 0.1748499914159D-09
 0.1785507272153D-09 0.1823350425156D-09 0.1862048976926D-09 0.1901623001058D-09
 0.1942093095953D-09 0.1983480309015D-09 0.2025806203936D-09 0.2069092863539D-09
 0.2113362900120D-09 0.2158639484437D-09 0.2204946309382D-09 0.2252307689755D-09
 0.2300748449065D-09 0.2350294071511D-09 0.2400970642379D-09 0.2452804851883D-09
 0.2505824054050D-09 0.2560056234228D-09 0.2615530075149D-09 0.2672274947812D-09
 0.2730320914156D-09 0.2789698766442D-09 0.2850440069769D-09 0.2912577108984D-09
 0.2976142922275D-09 0.3041171436386D-09 0.3107697311701D-09 0.3175756069180D-09
 0.3245384099322D-09 0.3316618629178D-09 0.3389497872053D-09 0.3464060851156D-09
 0.3540347622447D-09 0.3618399139945D-09 0.3698257398678D-09 0.3779965374595D-09
 0.3863567083943D-09 0.3949107615713D-09 0.4036633172897D-09 0.4126191043057D-09
 0.4217829628631D-09 0.4311598563679D-09 0.4407548612104D-09 0.4505731841921D-09
 0.4606201524893D-09 0.4709012250964D-09 0.4814219898484D-09 0.4921881745194D-09
 0.5032056394354D-09 0.5144803919503D-09 0.5260185849733D-09 0.5378265087009D-09
 0.5499106252015D-09 0.5622775367824D-09 0.5749340154820D-09 0.5878869888760D-09
 0.6011435592617D-09 0.6147109988745D-09 0.6285967555992D-09 0.6428084534590D-09
 0.6573539128900D-09 0.6722411329859D-09 0.6874783085086D-09 0.7030738384724D-09
 0.7190363200067D-09 0.7353745609822D-09 0.7520975777497D-09 0.7692146174053D-09
 0.7867351447762D-09 0.8046688420729D-09 0.8230256506858D-09 0.8418157315235D-09
 0.8610495051310D-09 0.8807376385652D-09 0.9008910626631D-09 0.9215209716485D-09
 0.9426388248676D-09 0.9642563764159D-09 0.9863856414939D-09 0.1009038947635D-08
 0.1032228918765D-08 0.1055968480467D-08 0.1080270873266D-08 0.1105149657814D-08
 0.1130618726609D-08 0.1156692311595D-08 0.1183384989823D-08 0.1210711689826D-08
 0.1238687699712D-08 0.1267328693918D-08 0.1296650709236D-08 0.1326670191576D-08
 0.1357403971168D-08 0.1388869288328D-08 0.1421083817412D-08 0.1454065649184D-08
 0.1487833314172D-08 0.1522405803316D-08 0.1557802562314D-08 0.1594043518296D-08
 0.1631149063579D-08 0.1669140108976D-08 0.1708038067812D-08 0.1747864869893D-08
 0.1788642978146D-08 0.1830395411326D-08 0.1873145741067D-08 0.1916918117973D-08
 0.1961737273059D-08 0.2007628547360D-08 0.2054617892196D-08 0.2102731902846D-08
 0.2151997809019D-08 0.2202443513070D-08 0.2254097591580D-08 0.2306989317233D-08
 0.2361148685563D-08 0.2416606415738D-08 0.2473393962200D-08 0.2531543576137D-08
 0.2591088268346D-08 0.2652061867081D-08 0.2714499023470D-08 0.2778435238245D-08
 0.2843906850735D-08 0.2910951133423D-08 0.2979606224180D-08 0.3049911221865D-08
 0.3121906149835D-08 0.3195632032270D-08 0.3271130886055D-08 0.3348445744041D-08
 0.3427620703360D-08 0.3508700929479D-08 0.3591732684881D-08 0.3676763377314D-08
 0.3763841540733D-08 0.3853016935386D-08 0.3944340493555D-08 0.4037864417512D-08
 0.4133642182204D-08 0.4231728552391D-08 0.4332179642084D-08 0.4435052929330D-08
 0.4540407299672D-08 0.4648303054537D-08 0.4758802018225D-08 0.4871967480175D-08
 0.4987864288683D-08 0.5106558863276D-08 0.5228119268279D-08 0.5352615201088D-08
 0.5480118103047D-08 0.5610701117116D-08 0.5744439194946D-08 0.5881409113171D-08
 0.6021689528366D-08 0.6165361006780D-08 0.6312506105568D-08 0.6463209372923D-08
 0.6617557434946D-08 0.6775639026939D-08 0.6937545064036D-08 0.7103368677346D-08
 0.7273205267045D-08 0.7447152562835D-08 0.7625310721347D-08 0.7807782280386D-08
 0.7994672319925D-08 0.8186088494340D-08 0.8382141091587D-08 0.8582943073017D-08
 0.8788610166757D-08 0.8999260941867D-08 0.9215016850889D-08 0.9436002332843D-08
 0.9662344862683D-08 0.9894175013597D-08 0.1013162657328D-07 0.1037483659424D-07
 0.1062394547205D-07 0.1087909703745D-07 0.1114043866801D-07 0.1140812128818D-07
 0.1168229955704D-07 0.1196313190242D-07 0.1225078062286D-07 0.1254541200227D-07
 0.1284719637559D-07 0.1315630822497D-07 0.1347292636543D-07 0.1379723390033D-07
 0.1412941847551D-07 0.1446967231871D-07 0.1481819232074D-07 0.1517518023525D-07
 0.1554084273225D-07 0.1591539153400D-07 0.1629904354357D-07 0.1669202100024D-07
 0.1709455151753D-07 0.1750686834651D-07 0.1792921040746D-07 0.1836182247708D-07
 0.1880495533589D-07 0.1925886587608D-07 0.1972381726948D-07 0.2020007919405D-07
 0.2068792784305D-07 0.2118764622632D-07 0.2169952428845D-07 0.2222385902161D-07
 0.2276095471576D-07 0.2331112310171D-07 0.2387468359588D-07 0.2445196333134D-07
 0.2504329753953D-07 0.2564902962526D-07 0.2626951140586D-07 0.2690510333412D-07
 0.2755617461670D-07 0.2822310360040D-07 0.2890627782667D-07 0.2960609435941D-07
 0.3032295999506D-07 0.3105729148595D-07 0.3180951572446D-07 0.3258007018646D-07
 0.3336940296286D-07 0.3417797315042D-07 0.3500625115080D-07 0.3585471878101D-07
 0.3672386974051D-07 0.3761420982086D-07 0.3852625715547D-07 0.3946054264998D-07
 0.4041761014387D-07 0.4139801685650D-07 0.4240233364766D-07 0.4343114533072D-07
 0.4448505112086D-07 0.4556466491925D-07 0.4667061555344D-07 0.4780354742150D-07
 0.4896412061970D-07 0.5015301146250D-07 0.5137091285362D-07 0.5261853465628D-07
 0.5389660415511D-07 0.5520586647683D-07 0.5654708499678D-07 0.5792104185083D-07
 0.5932853832075D-07 0.6077039532515D-07 0.6224745397543D-07 0.6376057595939D-07
 0.6531064415189D-07 0.6689856301617D-07 0.6852525929314D-07 0.7019168239819D-07
 0.7189880509581D-07 0.7364762391702D-07 0.7543915993827D-07 0.7727445933166D-07
 0.7915459386665D-07 0.8108066159570D-07 0.8305378757403D-07 0.8507512448316D-07
 0.8714585333721D-07 0.8926718410021D-07 0.9144035637700D-07 0.9366664028607D-07
 0.9594733723720D-07 0.9828378040853D-07 0.1006773358348D-06 0.1031294031510D-06
 0.1056414161916D-06 0.1082148442607D-06 0.1108511925524D-06 0.1135520034325D-06
 0.1163188570319D-06 0.1191533723382D-06 0.1220572082039D-06 0.1250320642110D-06
 0.1280796817358D-06 0.1312018449918D-06 0.1344003820087D-06 0.1376771658213D-06
 0.1410341155384D-06 0.1444731974241D-06 0.1479964262528D-06 0.1516058661574D-06
 0.1553036323023D-06 0.1590918916576D-06 0.1629728647249D-06 0.1669488265884D-06
 0.1710221083891D-06 0.1751950986683D-06 0.1794702446891D-06 0.1838500540819D-06
 0.1883370962698D-06 0.1929340039251D-06 0.1976434746228D-06 0.2024682723533D-06
 0.2074112294046D-06 0.2124752476962D-06 0.2176633008219D-06 0.2229784356319D-06
 0.2284237742465D-06 0.2340025157008D-06 0.2397179379794D-06 0.2455733999856D-06
 0.2515723435116D-06 0.2577182953668D-06 0.2640148693896D-06 0.2704657688076D-06
 0.2770747881785D-06 0.2838458157976D-06 0.2907828362529D-06 0.2978899324333D-06
 0.3051712882870D-06 0.3126311912244D-06 0.3202740346083D-06 0.3281043206488D-06
 0.3361266629205D-06 0.3443457891964D-06 0.3527665443966D-06 0.3613938932465D-06
 0.3702329238053D-06 0.3792888496737D-06 0.3885670143747D-06 0.3980728933595D-06
 0.4078120983297D-06 0.4177903799519D-06 0.4280136316064D-06 0.4384878932005D-06
 0.4492193543146D-06 0.4602143586932D-06 0.4714794072962D-06 0.4830211631840D-06
 0.4948464546689D-06 0.5069622802763D-06 0.5193758125057D-06 0.5320944025087D-06
 0.5451255845986D-06 0.5584770806823D-06 0.5721568051732D-06 0.5861728700108D-06
 0.6005335893769D-06 0.6152474849087D-06 0.6303232911812D-06 0.6457699609978D-06
 0.6615966707581D-06 0.6778128264142D-06 0.6944280692582D-06 0.7114522819060D-06
 0.7288955945660D-06 0.7467683908964D-06 0.7650813154491D-06 0.7838452793085D-06
 0.8030714676675D-06 0.8227713465304D-06 0.8429566700137D-06 0.8636394879348D-06
 0.8848321528487D-06 0.9065473286861D-06 0.9287979982307D-06 0.9515974716468D-06
 0.9749593945556D-06 0.9988977571976D-06 0.1023426903307D-05 0.1048561539137D-05
 0.1074316742748D-05 0.1100707974087D-05 0.1127751084806D-05 0.1155462328637D-05
 0.1183858371164D-05 0.1212956301910D-05 0.1242773644362D-05 0.1273328367911D-05
 0.1304638899570D-05 0.1336724135692D-05 0.1369603455209D-05 0.1403296731211D-05
 0.1437824345111D-05 0.1473207199550D-05 0.1509466732377D-05 0.1546624931096D-05
 0.1584704347712D-05 0.1623728112974D-05 0.1663719952758D-05 0.1704704203935D-05
 0.1746705830640D-05 0.1789750440687D-05 0.1833864304305D-05 0.1879074370438D-05
 0.1925408286597D-05 0.1972894417315D-05 0.2021561862756D-05 0.2071440480755D-05
 0.2122560905558D-05 0.2174954570989D-05 0.2228653730887D-05 0.2283691482812D-05
 0.2340101790254D-05 0.2397919508149D-05 0.2457180406560D-05 0.2517921195845D-05
 0.2580179554305D-05 0.2643994154221D-05 0.2709404690123D-05 0.2776451907164D-05
 0.2845177631454D-05 0.2915624800665D-05 0.2987837494431D-05 0.3061860969033D-05
 0.3137741688290D-05 0.3215527361019D-05 0.3295266974481D-05 0.3377010832705D-05
 0.3460810593788D-05 0.3546719309959D-05 0.3634791467161D-05 0.3725083028026D-05
 0.3817651474301D-05 0.3912555852251D-05 0.4009856818041D-05 0.4109616686464D-05
 0.4211899478861D-05 0.4316770975371D-05 0.4424298766992D-05 0.4534552310225D-05
 0.4647602982881D-05 0.4763524142361D-05 0.4882391186913D-05 0.5004281616149D-05
 0.5129275096770D-05 0.5257453528093D-05 0.5388901113302D-05 0.5523704427822D-05
 0.5661952494153D-05 0.5803736860912D-05 0.5949151677629D-05 0.6098293780491D-05
 0.6251262776933D-05 0.6408161130496D-05 0.6569094256612D-05 0.6734170614518D-05
 0.6903501804914D-05 0.7077202674249D-05 0.7255391418045D-05 0.7438189691177D-05
 0.7625722719974D-05 0.7818119422226D-05 0.8015512529332D-05 0.8218038709332D-05
 0.8425838704043D-05 0.8639057461604D-05 0.8857844281472D-05 0.9082352959705D-05
 0.9312741943069D-05 0.9549174489357D-05 0.9791818831299D-05 0.1004084835027D-04
 0.1029644175357D-04 0.1055878326228D-04 0.1082806280414D-04 0.1110447621398D-04
 0.1138822544614D-04 0.1167951878919D-04 0.1197857109554D-04 0.1228560401727D-04
 0.1260084625168D-04 0.1292453379942D-04 0.1325691023077D-04 0.1359822696262D-04
 0.1394874355379D-04 0.1430872800138D-04 0.1467845706084D-04 0.1505821657411D-04
 0.1544830181174D-04 0.1584901783314D-04 0.1626067985882D-04 0.1668361366101D-04
 0.1711815597260D-04 0.1756465491026D-04 0.1802347042088D-04 0.1849497474539D-04
 0.1897955290315D-04 0.1947760319953D-04 0.1998953775610D-04 0.2051578306611D-04
 0.2105678057109D-04 0.2161298727076D-04 0.2218487635474D-04 0.2277293786816D-04
 0.2337767940641D-04 0.2399962684211D-04 0.2463932508710D-04 0.2529733889288D-04
 0.2597425368355D-04 0.2667067643448D-04 0.2738723658957D-04 0.2812458702597D-04
 0.2888340506069D-04 0.2966439351398D-04 0.3046828181622D-04 0.3129582717750D-04
 0.3214781580906D-04 0.3302506420928D-04 0.3392842051265D-04 0.3485876590528D-04
 0.3581701611842D-04 0.3680412298652D-04 0.3782107609529D-04 0.3886890450990D-04
 0.3994867859392D-04 0.4106151191612D-04 0.4220856327105D-04 0.4339103878677D-04
 0.4461019415997D-04 0.4586733699885D-04 0.4716382929570D-04 0.4850109002585D-04
 0.4988059789387D-04 0.5130389422418D-04 0.5277258600437D-04 0.5428834910007D-04
 0.5585293164305D-04 0.5746815760796D-04 0.5913593058212D-04 0.6085823774991D-04
 0.6263715409702D-04 0.6447484685038D-04 0.6637358017191D-04 0.6833572011126D-04
 0.7036373985036D-04 0.7246022524209D-04 0.7462788066541D-04 0.7686953523107D-04
 0.7918814933651D-04 0.8158682160012D-04 0.8406879622927D-04 0.8663747078744D-04
 0.8929640445401D-04 0.9204932675864D-04 0.9490014684323D-04 0.9785296329340D-04
 0.1009120745474D-03 0.1040819899609D-03 0.1073674415355D-03 0.1107733963759D-03
 0.1143050699170D-03 0.1179679399815D-03 0.1217677617083D-03 0.1257105834284D-03
 0.1298027635491D-03 0.1340509885055D-03 0.1384622918672D-03 0.1430440746743D-03
 0.1478041270929D-03 0.1527506514746D-03 0.1578922869377D-03 0.1632381355533D-03
 0.1687977902771D-03 0.1745813647345D-03 0.1805995250124D-03 0.1868635235759D-03
 0.1933852354953D-03 0.2001771971463D-03 0.2072526475514D-03 0.2146255725763D-03
 0.2223107521974D-03 0.2303238110578D-03 0.2386812725772D-03 0.2474006168852D-03
 0.2565003428498D-03 0.2660000345623D-03 0.2759204325807D-03 0.2862835103310D-03
 0.2971125560592D-03 0.3084322607915D-03 0.3202688127490D-03 0.3326499987721D-03
 0.3456053132978D-03 0.3591660754924D-03 0.3733655552391D-03 0.3882391086774D-03
 0.4038243240800D-03 0.4201611789580D-03 0.4372922093066D-03 0.4552626919993D-03
 0.4741208414829D-03 0.4939180219547D-03 0.5147089763673D-03 0.5365520736759D-03
 0.5595095759782D-03 0.5836479271859D-03 0.6090380652070D-03 0.6357557596398D-03
 0.6638819773006D-03 0.6935032780245D-03 0.7247122434889D-03 0.7576079420449D-03
 0.7922964328043D-03 0.8288913126120D-03 0.8675143098282D-03 0.9082959292767D-03
 0.9513761531114D-03 0.9969052028675D-03 0.1045044368462D-02 0.1095966910516D-02
 0.1149859043000D-02 0.1206921003927D-02 0.1267368222645D-02 0.1331432593105D-02
 0.1399363863519D-02 0.1471431153886D-02 0.1547924614078D-02 0.1629157236536D-02
 0.1715466839114D-02 0.1807218235300D-02 0.1904805610880D-02 0.2008655128192D-02
 0.2119227781481D-02 0.2237022529348D-02 0.2362579733269D-02 0.2496484934364D-02
 0.2639373004115D-02 0.2791932708907D-02 0.2954911732661D-02 0.3129122206946D-02
 0.3315446803576D-02 0.3514845451111D-02 0.3728362743745D-02 0.3957136119099D-02
 0.4202404890438D-02 0.4465520228862D-02 0.4747956202474D-02 0.5051321992275D-02
 0.5377375418860D-02 0.5728037930340D-02 0.6105411220068D-02 0.6511795663506D-02
 0.6949710786601D-02 0.7421918004703D-02 0.7931445900288D-02 0.8481618341797D-02
 0.9076085783488D-02 0.9718860129424D-02 0.1041435359339D-01 0.1116742204153D-01
 0.1198341336746D-01 0.1286822151999D-01 0.1382834688478D-01 0.1487096381234D-01
 0.1600399618894D-01 0.1723620206501D-01 0.1857726849057D-01 0.2003791785949D-01
 0.2163002723938D-01 0.2336676236208D-01 0.2526272817589D-01 0.2733413811903D-01
 0.2959900456782D-01 0.3207735324911D-01 0.3479146479043D-01 0.3776614701824D-01
 0.4102904211688D-01 0.4461097333158D-01 0.4854633655348D-01 0.5287354287307D-01
 0.5763551904368D-01 0.6288027377657D-01 0.6866153890926D-01 0.7503949577138D-01
 0.8208159854132D-01 0.8986350806663D-01 0.9847015154449D-01 0.1079969256614D+00
 0.1185510633099D+00 0.1302531868799D+00 0.1432390744257D+00 0.1576616748620D+00
 0.1736933774561D+00 0.1912788003276D+00 0.2103094095710D+00 0.2309015463224D+00
 0.2531823884206D+00 0.2772910370285D+00 0.3033797197579D+00 0.3316151231642D+00
 0.3621798689319D+00 0.3952741497009D+00 0.4311175422928D+00 0.4699510181158D+00
 0.5120391727804D+00 0.5576726994729D+00 0.6071711334168D+00 0.6608858978999D+00
 0.7192036858098D+00 0.7825502144994D+00 0.8513943961649D+00 0.9262529707160D+00
 0.1007695653532D+01 0.1096350856513D+01 0.1192912047543D+01 0.1298144820944D+01
 0.1412894759935D+01 0.1538096181324D+01 0.1674781863169D+01 0.1824093867731D+01
 0.1987295584919D+01 0.2165785136120D+01
    0    0
