 nspin  vdif :::::: Potentials for non-spin-polarized non-relativistic Va.      
    1   0.0000000000000D+00
 LSMS:           Va     z=  0.    xvalws=   0.48341
   0.                      2.65165   0. 0.4632960083990D+00
                 -0.1113096740000D+02 0.9751822497023D+00 1001 1030
 0.1420929526278D-04 0.1440015891432D-04 0.1459345820236D-04 0.1478922320203D-04
 0.1498743946605D-04 0.1518809460340D-04 0.1539122206785D-04 0.1559685557394D-04
 0.1580502914510D-04 0.1601577709174D-04 0.1622913402497D-04 0.1644513487384D-04
 0.1666381488992D-04 0.1688520965260D-04 0.1710935507797D-04 0.1733628743127D-04
 0.1756604332735D-04 0.1779865974044D-04 0.1803417402765D-04 0.1827262390814D-04
 0.1851404749170D-04 0.1875848328110D-04 0.1900597018075D-04 0.1925654750018D-04
 0.1951025496205D-04 0.1976713271678D-04 0.2002722134337D-04 0.2029056185888D-04
 0.2055719572589D-04 0.2082716485190D-04 0.2110051161439D-04 0.2137727885589D-04
 0.2165750989053D-04 0.2194124851807D-04 0.2222853903030D-04 0.2251942621193D-04
 0.2281395534782D-04 0.2311217224796D-04 0.2341412323711D-04 0.2371985516396D-04
 0.2402941540958D-04 0.2434285191406D-04 0.2466021314738D-04 0.2498154815011D-04
 0.2530690653052D-04 0.2563633846231D-04 0.2596989470438D-04 0.2630762661216D-04
 0.2664958613117D-04 0.2699582581448D-04 0.2734639882823D-04 0.2770135896301D-04
 0.2806076063759D-04 0.2842465890972D-04 0.2879310949525D-04 0.2916616874620D-04
 0.2954389369390D-04 0.2992634203195D-04 0.3031357214322D-04 0.3070564309436D-04
 0.3110261465831D-04 0.3150454731826D-04 0.3191150225929D-04 0.3232354141092D-04
 0.3274072742103D-04 0.3316312369641D-04 0.3359079439308D-04 0.3402380442492D-04
 0.3446221949537D-04 0.3490610606638D-04 0.3535553142042D-04 0.3581056361821D-04
 0.3627127154373D-04 0.3673772491137D-04 0.3720999425671D-04 0.3768815096622D-04
 0.3817226728021D-04 0.3866241629641D-04 0.3915867199688D-04 0.3966110923996D-04
 0.4016980379358D-04 0.4068483233080D-04 0.4120627243156D-04 0.4173420262653D-04
 0.4226870237279D-04 0.4280985208317D-04 0.4335773315099D-04 0.4391242793140D-04
 0.4447401977398D-04 0.4504259302988D-04 0.4561823307129D-04 0.4620102628201D-04
 0.4679106010010D-04 0.4738842300579D-04 0.4799320455363D-04 0.4860549536590D-04
 0.4922538715749D-04 0.4985297275823D-04 0.5048834610807D-04 0.5113160227116D-04
 0.5178283747401D-04 0.5244214909102D-04 0.5310963566854D-04 0.5378539695948D-04
 0.5446953389515D-04 0.5516214864075D-04 0.5586334458118D-04 0.5657322636787D-04
 0.5729189989439D-04 0.5801947234682D-04 0.5875605219845D-04 0.5950174923446D-04
 0.6025667455988D-04 0.6102094062791D-04 0.6179466125250D-04 0.6257795161603D-04
 0.6337092829503D-04 0.6417370927687D-04 0.6498641396508D-04 0.6580916322412D-04
 0.6664207936239D-04 0.6748528617907D-04 0.6833890895197D-04 0.6920307450910D-04
 0.7007791117136D-04 0.7096354883781D-04 0.7186011897365D-04 0.7276775463458D-04
 0.7368659047898D-04 0.7461676280717D-04 0.7555840956437D-04 0.7651167034594D-04
 0.7747668648159D-04 0.7845360097623D-04 0.7944255856896D-04 0.8044370575949D-04
 0.8145719083622D-04 0.8248316386162D-04 0.8352177671338D-04 0.8457318313384D-04
 0.8563753870621D-04 0.8671500090724D-04 0.8780572912412D-04 0.8890988468237D-04
 0.9002763083515D-04 0.9115913285447D-04 0.9230455797619D-04 0.9346407549411D-04
 0.9463785674938D-04 0.9582607515132D-04 0.9702890621880D-04 0.9824652759925D-04
 0.9947911909287D-04 0.1007268626840D-03 0.1019899425558D-03 0.1032685451460D-03
 0.1045628591401D-03 0.1058730755207D-03 0.1071993875768D-03 0.1085419909600D-03
 0.1099010836899D-03 0.1112768661820D-03 0.1126695412951D-03 0.1140793143589D-03
 0.1155063931703D-03 0.1169509880742D-03 0.1184133119644D-03 0.1198935803171D-03
 0.1213920112261D-03 0.1229088254317D-03 0.1244442463673D-03 0.1259985001746D-03
 0.1275718157382D-03 0.1291644247300D-03 0.1307765616351D-03 0.1324084637971D-03
 0.1340603714299D-03 0.1357325276664D-03 0.1374251786127D-03 0.1391385733540D-03
 0.1408729640121D-03 0.1426286057601D-03 0.1444057568797D-03 0.1462046788062D-03
 0.1480256361342D-03 0.1498688966865D-03 0.1517347315408D-03 0.1536234150867D-03
 0.1555352250092D-03 0.1574704424330D-03 0.1594293518465D-03 0.1614122412092D-03
 0.1634194020327D-03 0.1654511293080D-03 0.1675077216477D-03 0.1695894813075D-03
 0.1716967141978D-03 0.1738297299587D-03 0.1759888420072D-03 0.1781743675861D-03
 0.1803866277447D-03 0.1826259475064D-03 0.1848926557965D-03 0.1871870855872D-03
 0.1895095738780D-03 0.1918604617648D-03 0.1942400945235D-03 0.1966488216041D-03
 0.1990869967346D-03 0.2015549779232D-03 0.2040531275542D-03 0.2065818124188D-03
 0.2091414037880D-03 0.2117322774315D-03 0.2143548136896D-03 0.2170093975695D-03
 0.2196964187330D-03 0.2224162715982D-03 0.2251693553783D-03 0.2279560741647D-03
 0.2307768369551D-03 0.2336320577314D-03 0.2365221555139D-03 0.2394475544418D-03
 0.2424086837958D-03 0.2454059781056D-03 0.2484398771720D-03 0.2515108261698D-03
 0.2546192756838D-03 0.2577656818054D-03 0.2609505061643D-03 0.2641742160116D-03
 0.2674372842922D-03 0.2707401897345D-03 0.2740834168476D-03 0.2774674560934D-03
 0.2808928038915D-03 0.2843599626776D-03 0.2878694410664D-03 0.2914217538138D-03
 0.2950174219780D-03 0.2986569729529D-03 0.3023409405633D-03 0.3060698651208D-03
 0.3098442935411D-03 0.3136647793971D-03 0.3175318829855D-03 0.3214461714424D-03
 0.3254082188257D-03 0.3294186061826D-03 0.3334779216179D-03 0.3375867604177D-03
 0.3417457251043D-03 0.3459554255838D-03 0.3502164791369D-03 0.3545295105978D-03
 0.3588951524120D-03 0.3633140447073D-03 0.3677868354383D-03 0.3723141804380D-03
 0.3768967435330D-03 0.3815351966365D-03 0.3862302198457D-03 0.3909825015565D-03
 0.3957927385275D-03 0.4006616360278D-03 0.4055899079109D-03 0.4105782767250D-03
 0.4156274738303D-03 0.4207382394797D-03 0.4259113229628D-03 0.4311474826996D-03
 0.4364474863289D-03 0.4418121108642D-03 0.4472421427753D-03 0.4527383781089D-03
 0.4583016226153D-03 0.4639326918736D-03 0.4696324113909D-03 0.4754016167131D-03
 0.4812411535862D-03 0.4871518780669D-03 0.4931346566214D-03 0.4991903662869D-03
 0.5053198947845D-03 0.5115241406306D-03 0.5178040133174D-03 0.5241604334079D-03
 0.5305943326570D-03 0.5371066542208D-03 0.5436983526928D-03 0.5503703943344D-03
 0.5571237571644D-03 0.5639594311095D-03 0.5708784181733D-03 0.5778817325606D-03
 0.5849704008237D-03 0.5921454620184D-03 0.5994079678876D-03 0.6067589829622D-03
 0.6141995847516D-03 0.6217308638837D-03 0.6293539242870D-03 0.6370698833202D-03
 0.6448798719718D-03 0.6527850350052D-03 0.6607865311270D-03 0.6688855331583D-03
 0.6770832282054D-03 0.6853808178583D-03 0.6937795183042D-03 0.7022805605966D-03
 0.7108851907505D-03 0.7195946699587D-03 0.7284102748069D-03 0.7373332974158D-03
 0.7463650456454D-03 0.7555068432782D-03 0.7647600302622D-03 0.7741259628209D-03
 0.7836060137350D-03 0.7932015724786D-03 0.8029140454994D-03 0.8127448563148D-03
 0.8226954458518D-03 0.8327672725304D-03 0.8429618125689D-03 0.8532805601714D-03
 0.8637250277338D-03 0.8742967460709D-03 0.8849972646678D-03 0.8958281518693D-03
 0.9067909951053D-03 0.9178874011840D-03 0.9291189964741D-03 0.9404874271348D-03
 0.9519943594036D-03 0.9636414798161D-03 0.9754304954286D-03 0.9873631340984D-03
 0.9994411447585D-03 0.1011666297633D-02 0.1024040384479D-02 0.1036565218920D-02
 0.1049242636657D-02 0.1062074495748D-02 0.1075062676896D-02 0.1088209083693D-02
 0.1101515642967D-02 0.1114984304940D-02 0.1128617043660D-02 0.1142415857194D-02
 0.1156382767941D-02 0.1170519822954D-02 0.1184829094205D-02 0.1199312678903D-02
 0.1213972699839D-02 0.1228811305600D-02 0.1243830671000D-02 0.1259032997321D-02
 0.1274420512659D-02 0.1289995472252D-02 0.1305760158828D-02 0.1321716882873D-02
 0.1337867983078D-02 0.1354215826573D-02 0.1370762809337D-02 0.1387511356563D-02
 0.1404463922919D-02 0.1421622993054D-02 0.1438991081790D-02 0.1456570734674D-02
 0.1474364528214D-02 0.1492375070285D-02 0.1510605000569D-02 0.1529056990861D-02
 0.1547733745534D-02 0.1566638001879D-02 0.1585772530558D-02 0.1605140135928D-02
 0.1624743656562D-02 0.1644585965571D-02 0.1664669971080D-02 0.1684998616650D-02
 0.1705574881649D-02 0.1726401781775D-02 0.1747482369461D-02 0.1768819734284D-02
 0.1790417003503D-02 0.1812277342412D-02 0.1834403954924D-02 0.1856800083915D-02
 0.1879469011793D-02 0.1902414060950D-02 0.1925638594233D-02 0.1949146015461D-02
 0.1972939769903D-02 0.1997023344787D-02 0.2021400269836D-02 0.2046074117748D-02
 0.2071048504750D-02 0.2096327091116D-02 0.2121913581698D-02 0.2147811726441D-02
 0.2174025321037D-02 0.2200558207355D-02 0.2227414274071D-02 0.2254597457239D-02
 0.2282111740834D-02 0.2309961157378D-02 0.2338149788485D-02 0.2366681765521D-02
 0.2395561270134D-02 0.2424792534909D-02 0.2454379844018D-02 0.2484327533774D-02
 0.2514639993340D-02 0.2545321665305D-02 0.2576377046398D-02 0.2607810688111D-02
 0.2639627197372D-02 0.2671831237215D-02 0.2704427527480D-02 0.2737420845476D-02
 0.2770816026709D-02 0.2804617965618D-02 0.2838831616187D-02 0.2873461992789D-02
 0.2908514170860D-02 0.2943993287639D-02 0.2979904542976D-02 0.3016253200010D-02
 0.3053044585997D-02 0.3090284093093D-02 0.3127977179121D-02 0.3166129368373D-02
 0.3204746252443D-02 0.3243833491004D-02 0.3283396812690D-02 0.3323442015890D-02
 0.3363974969622D-02 0.3405001614390D-02 0.3446527963062D-02 0.3488560101705D-02
 0.3531104190550D-02 0.3574166464860D-02 0.3617753235799D-02 0.3661870891451D-02
 0.3706525897666D-02 0.3751724799082D-02 0.3797474220011D-02 0.3843780865469D-02
 0.3890651522152D-02 0.3938093059355D-02 0.3986112430126D-02 0.4034716672122D-02
 0.4083912908765D-02 0.4133708350206D-02 0.4184110294437D-02 0.4235126128329D-02
 0.4286763328717D-02 0.4339029463508D-02 0.4391932192759D-02 0.4445479269862D-02
 0.4499678542629D-02 0.4554537954440D-02 0.4610065545414D-02 0.4666269453639D-02
 0.4723157916272D-02 0.4780739270825D-02 0.4839021956353D-02 0.4898014514681D-02
 0.4957725591665D-02 0.5018163938494D-02 0.5079338412914D-02 0.5141257980563D-02
 0.5203931716271D-02 0.5267368805404D-02 0.5331578545176D-02 0.5396570346063D-02
 0.5462353733144D-02 0.5528938347503D-02 0.5596333947645D-02 0.5664550410942D-02
 0.5733597735056D-02 0.5803486039396D-02 0.5874225566654D-02 0.5945826684231D-02
 0.6018299885840D-02 0.6091655792949D-02 0.6165905156425D-02 0.6241058858058D-02
 0.6317127912175D-02 0.6394123467235D-02 0.6472056807491D-02 0.6550939354623D-02
 0.6630782669404D-02 0.6711598453420D-02 0.6793398550783D-02 0.6876194949838D-02
 0.6959999784928D-02 0.7044825338202D-02 0.7130684041385D-02 0.7217588477600D-02
 0.7305551383232D-02 0.7394585649762D-02 0.7484704325699D-02 0.7575920618463D-02
 0.7668247896301D-02 0.7761699690294D-02 0.7856289696319D-02 0.7952031777027D-02
 0.8048939963931D-02 0.8147028459391D-02 0.8246311638775D-02 0.8346804052500D-02
 0.8448520428184D-02 0.8551475672810D-02 0.8655684874934D-02 0.8761163306822D-02
 0.8867926426775D-02 0.8975989881322D-02 0.9085369507572D-02 0.9196081335482D-02
 0.9308141590228D-02 0.9421566694598D-02 0.9536373271385D-02 0.9652578145779D-02
 0.9770198347925D-02 0.9889251115336D-02 0.1000975389545D-01 0.1013172434818D-01
 0.1025518034850D-01 0.1038013998909D-01 0.1050662158292D-01 0.1063464366604D-01
 0.1076422500015D-01 0.1089538457550D-01 0.1102814161355D-01 0.1116251556985D-01
 0.1129852613689D-01 0.1143619324697D-01 0.1157553707508D-01 0.1171657804193D-01
 0.1185933681689D-01 0.1200383432104D-01 0.1215009173020D-01 0.1229813047809D-01
 0.1244797225942D-01 0.1259963903306D-01 0.1275315302531D-01 0.1290853673312D-01
 0.1306581292736D-01 0.1322500465620D-01 0.1338613524845D-01 0.1354922831702D-01
 0.1371430776233D-01 0.1388139777583D-01 0.1405052284353D-01 0.1422170774961D-01
 0.1439497758005D-01 0.1457035772623D-01 0.1474787388876D-01 0.1492755208119D-01
 0.1510941863374D-01 0.1529350019731D-01 0.1547982374727D-01 0.1566841658744D-01
 0.1585930635405D-01 0.1605252101989D-01 0.1624808889827D-01 0.1644603864727D-01
 0.1664639927388D-01 0.1684920013823D-01 0.1705447095797D-01 0.1726224181251D-01
 0.1747254314751D-01 0.1768540577928D-01 0.1790086089931D-01 0.1811894007884D-01
 0.1833967527347D-01 0.1856309882785D-01 0.1878924348035D-01 0.1901814236797D-01
 0.1924982903105D-01 0.1948433741829D-01 0.1972170189163D-01 0.1996195723135D-01
 0.2020513864109D-01 0.2045128175304D-01 0.2070042263315D-01 0.2095259778636D-01
 0.2120784416202D-01 0.2146619915921D-01 0.2172770063224D-01 0.2199238689622D-01
 0.2226029673257D-01 0.2253146939482D-01 0.2280594461421D-01 0.2308376260561D-01
 0.2336496407332D-01 0.2364959021704D-01 0.2393768273794D-01 0.2422928384467D-01
 0.2452443625960D-01 0.2482318322502D-01 0.2512556850944D-01 0.2543163641407D-01
 0.2574143177919D-01 0.2605499999075D-01 0.2637238698700D-01 0.2669363926518D-01
 0.2701880388832D-01 0.2734792849211D-01 0.2768106129185D-01 0.2801825108952D-01
 0.2835954728081D-01 0.2870499986247D-01 0.2905465943947D-01 0.2940857723248D-01
 0.2976680508529D-01 0.3012939547240D-01 0.3049640150666D-01 0.3086787694702D-01
 0.3124387620637D-01 0.3162445435948D-01 0.3200966715104D-01 0.3239957100371D-01
 0.3279422302648D-01 0.3319368102288D-01 0.3359800349944D-01 0.3400724967423D-01
 0.3442147948546D-01 0.3484075360021D-01 0.3526513342331D-01 0.3569468110624D-01
 0.3612945955615D-01 0.3656953244511D-01 0.3701496421928D-01 0.3746582010833D-01
 0.3792216613494D-01 0.3838406912439D-01 0.3885159671429D-01 0.3932481736439D-01
 0.3980380036654D-01 0.4028861585479D-01 0.4077933481557D-01 0.4127602909793D-01
 0.4177877142414D-01 0.4228763540007D-01 0.4280269552600D-01 0.4332402720738D-01
 0.4385170676579D-01 0.4438581145000D-01 0.4492641944721D-01 0.4547360989434D-01
 0.4602746288954D-01 0.4658805950378D-01 0.4715548179261D-01 0.4772981280801D-01
 0.4831113661050D-01 0.4889953828121D-01 0.4949510393427D-01 0.5009792072922D-01
 0.5070807688365D-01 0.5132566168594D-01 0.5195076550816D-01 0.5258347981914D-01
 0.5322389719770D-01 0.5387211134594D-01 0.5452821710289D-01 0.5519231045809D-01
 0.5586448856546D-01 0.5654484975733D-01 0.5723349355860D-01 0.5793052070107D-01
 0.5863603313792D-01 0.5935013405846D-01 0.6007292790290D-01 0.6080452037738D-01
 0.6154501846922D-01 0.6229453046220D-01 0.6305316595217D-01 0.6382103586279D-01
 0.6459825246138D-01 0.6538492937508D-01 0.6618118160705D-01 0.6698712555305D-01
 0.6780287901799D-01 0.6862856123285D-01 0.6946429287170D-01 0.7031019606893D-01
 0.7116639443672D-01 0.7203301308263D-01 0.7291017862747D-01 0.7379801922335D-01
 0.7469666457187D-01 0.7560624594267D-01 0.7652689619200D-01 0.7745874978162D-01
 0.7840194279794D-01 0.7935661297125D-01 0.8032289969528D-01 0.8130094404693D-01
 0.8229088880626D-01 0.8329287847657D-01 0.8430705930497D-01 0.8533357930287D-01
 0.8637258826693D-01 0.8742423780012D-01 0.8848868133305D-01 0.8956607414557D-01
 0.9065657338850D-01 0.9176033810573D-01 0.9287752925650D-01 0.9400830973785D-01
 0.9515284440750D-01 0.9631130010676D-01 0.9748384568386D-01 0.9867065201742D-01
 0.9987189204024D-01 0.1010877407633D+00 0.1023183753000D+00 0.1035639748909D+00
 0.1048247209281D+00 0.1061007969806D+00 0.1073923888197D+00 0.1086996844442D+00
 0.1100228741066D+00 0.1113621503389D+00 0.1127177079795D+00 0.1140897441990D+00
 0.1154784585279D+00 0.1168840528835D+00 0.1183067315972D+00 0.1197467014425D+00
 0.1212041716630D+00 0.1226793540004D+00 0.1241724627234D+00 0.1256837146563D+00
 0.1272133292085D+00 0.1287615284035D+00 0.1303285369086D+00 0.1319145820653D+00
 0.1335198939192D+00 0.1351447052505D+00 0.1367892516052D+00 0.1384537713256D+00
 0.1401385055825D+00 0.1418436984060D+00 0.1435695967181D+00 0.1453164503646D+00
 0.1470845121479D+00 0.1488740378594D+00 0.1506852863131D+00 0.1525185193785D+00
 0.1543740020145D+00 0.1562520023032D+00 0.1581527914842D+00 0.1600766439891D+00
 0.1620238374759D+00 0.1639946528645D+00 0.1659893743718D+00 0.1680082895471D+00
 0.1700516893079D+00 0.1721198679763D+00 0.1742131233149D+00 0.1763317565639D+00
 0.1784760724771D+00 0.1806463793600D+00 0.1828429891062D+00 0.1850662172355D+00
 0.1873163829314D+00 0.1895938090791D+00 0.1918988223041D+00 0.1942317530099D+00
 0.1965929354173D+00 0.1989827076029D+00 0.2014014115381D+00 0.2038493931283D+00
 0.2063270022526D+00 0.2088345928025D+00 0.2113725227227D+00 0.2139411540500D+00
 0.2165408529535D+00 0.2191719897750D+00 0.2218349390687D+00 0.2245300796418D+00
 0.2272577945948D+00 0.2300184713618D+00 0.2328125017509D+00 0.2356402819852D+00
 0.2385022127425D+00 0.2413986991968D+00 0.2443301510580D+00 0.2472969826127D+00
 0.2502996127649D+00 0.2533384650758D+00 0.2564139678045D+00 0.2595265539478D+00
 0.2626766612805D+00 0.2658647323950D+00 0.2690912147409D+00 0.2723565606647D+00
 0.2756612274483D+00 0.2790056773487D+00 0.2823903776358D+00 0.2858158006310D+00
 0.2892824237447D+00 0.2927907295140D+00 0.2963412056395D+00 0.2999343450216D+00
 0.3035706457964D+00 0.3072506113712D+00 0.3109747504588D+00 0.3147435771119D+00
 0.3185576107561D+00 0.3224173762224D+00 0.3263234037788D+00 0.3302762291613D+00
 0.3342763936035D+00 0.3383244438653D+00 0.3424209322609D+00 0.3465664166852D+00
 0.3507614606395D+00 0.3550066332550D+00 0.3593025093161D+00 0.3636496692814D+00
 0.3680486993036D+00 0.3725001912477D+00 0.3770047427075D+00 0.3815629570203D+00
 0.3861754432795D+00 0.3908428163459D+00 0.3955656968560D+00 0.4003447112288D+00
 0.4051804916700D+00 0.4100736761737D+00 0.4150249085218D+00 0.4200348382803D+00
 0.4251041207934D+00 0.4302334171739D+00 0.4354233942911D+00 0.4406747247550D+00
 0.4459880868975D+00 0.4513641647494D+00 0.4568036480143D+00 0.4623072320383D+00
 0.4678756177753D+00 0.4735095117483D+00 0.4792096260059D+00 0.4849766780746D+00
 0.4908113909053D+00 0.4967144928153D+00 0.5026867174243D+00 0.5087288035854D+00
 0.5148414953092D+00 0.5210255416825D+00 0.5272816967803D+00 0.5336107195703D+00
 0.5400133738111D+00 0.5464904279427D+00 0.5530426549691D+00 0.5596708323323D+00
 0.5663757417790D+00 0.5731581692169D+00 0.5800189045627D+00 0.5869587415801D+00
 0.5939784777076D+00 0.6010789138752D+00 0.6082608543109D+00 0.6155251063348D+00
 0.6228724801414D+00 0.6303037885690D+00 0.6378198468561D+00 0.6454214723835D+00
 0.6531094844024D+00 0.6608847037472D+00 0.6687479525317D+00 0.6767000538300D+00
 0.6847418313393D+00 0.6928741090245D+00 0.7010977107440D+00 0.7094134598563D+00
 0.7178221788048D+00 0.7263246886815D+00 0.7349218087685D+00 0.7436143560546D+00
 0.7524031447283D+00 0.7612889856441D+00 0.7702726857617D+00 0.7793550475571D+00
 0.7885368684038D+00 0.7978189399221D+00 0.8072020472974D+00 0.8166869685622D+00
 0.8262744738442D+00 0.8359653245754D+00 0.8457602726628D+00 0.8556600596177D+00
 0.8656654156412D+00 0.8757770586650D+00 0.8859956933446D+00 0.8963220100023D+00
 0.9067566835184D+00 0.9173003721667D+00 0.9279537163933D+00 0.9387173375343D+00
 0.9495918364698D+00 0.9605777922119D+00 0.9716757604216D+00 0.9828862718529D+00
 0.9942098307186D+00 0.1005646912975D+01 0.1017197964520D+01 0.1028863399305D+01
 0.1040643597343D+01 0.1052538902628D+01 0.1064549620941D+01 0.1076676017548D+01
 0.1088918314781D+01 0.1101276689495D+01 0.1113751270399D+01 0.1126342135247D+01
 0.1139049307880D+01 0.1151872755128D+01 0.1164812383539D+01 0.1177868035946D+01
 0.1191039487851D+01 0.1204326443621D+01 0.1217728532485D+01 0.1231245304316D+01
 0.1244876225192D+01 0.1258620672722D+01 0.1272477931116D+01 0.1286447185997D+01
 0.1300527518925D+01 0.1314717901632D+01 0.1329017189932D+01 0.1343424117307D+01
 0.1357937288132D+01 0.1372555170528D+01 0.1387276088816D+01 0.1402098215545D+01
 0.1417019563077D+01 0.1432037974688D+01 0.1447151115169D+01 0.1462356460881D+01
 0.1477651289240D+01 0.1493032667598D+01 0.1508497441464D+01 0.1524042222041D+01
 0.1539663373028D+01 0.1555356996634D+01 0.1571118918753D+01 0.1586944673261D+01
 0.1602829485342D+01 0.1618768253811D+01 0.1634755532349D+01 0.1650785509578D+01
 0.1666851987891D+01 0.1682948360968D+01 0.1699067589855D+01 0.1715202177540D+01
 0.1731344141885D+01 0.1747484986824D+01 0.1763615671678D+01 0.1779726578465D+01
 0.1795807477041D+01 0.1811847487933D+01 0.1827835042657D+01 0.1843757841365D+01
 0.1859602807584D+01 0.1875356039840D+01 0.1891002759916D+01 0.1906527257477D+01
 0.1921912830770D+01 0.1937141723075D+01 0.1952195054575D+01 0.1967052749245D+01
 0.1981693456355D+01 0.1996094466126D+01 0.2010231619044D+01 0.2024079208269D+01
 0.2037609874554D+01 0.2050794492988D+01 0.2063602050855D+01 0.2075999515783D+01
 0.2087951693313D+01 0.2099421072899D+01 0.2110367661263D+01 0.2120748801917D+01
 0.2130518979523D+01 0.2139629607651D+01 0.2148028798307D+01 0.2155661111461D+01
 0.2162467282594D+01 0.2168383926088D+01 0.2173343212020D+01 0.2177272506971D+01
 0.2180094009421D+01
                                    0.0000000000000D+00
 1030 0.4834080895464D+00
 0.7026353145340D-11 0.7114754756472D-11 0.7204469019406D-11 0.7295519211722D-11
 0.7388141893460D-11 0.7482569639837D-11 0.7578821386735D-11 0.7676916941628D-11
 0.7776877183959D-11 0.7878723695605D-11 0.7982479167455D-11 0.8088167062923D-11
 0.8195811821357D-11 0.8305438779523D-11 0.8417074068341D-11 0.8530744934920D-11
 0.8646479285548D-11 0.8764306200689D-11 0.8884255489889D-11 0.9006357856407D-11
 0.9130645078403D-11 0.9257149859512D-11 0.9385905599423D-11 0.9516947020445D-11
 0.9650309470752D-11 0.9786029420670D-11 0.9924144356449D-11 0.1006469273317D-10
 0.1020771383928D-10 0.1035324819920D-10 0.1050133726411D-10 0.1065202349854D-10
 0.1080535060412D-10 0.1096136314415D-10 0.1112010673984D-10 0.1128162844359D-10
 0.1144597611955D-10 0.1161319883895D-10 0.1178334696923D-10 0.1195647191565D-10
 0.1213262640840D-10 0.1231186435801D-10 0.1249424078601D-10 0.1267981229476D-10
 0.1286863645188D-10 0.1306077248255D-10 0.1325628065092D-10 0.1345522279457D-10
 0.1365766200376D-10 0.1386366292787D-10 0.1407329169663D-10 0.1428661574233D-10
 0.1450370426913D-10 0.1472462782044D-10 0.1494945857734D-10 0.1517827043511D-10
 0.1541113875628D-10 0.1564814082390D-10 0.1588935535873D-10 0.1613486316338D-10
 0.1638474655166D-10 0.1663908970897D-10 0.1689797883722D-10 0.1716150213063D-10
 0.1742974935971D-10 0.1770281256857D-10 0.1798078590986D-10 0.1826376543442D-10
 0.1855184920338D-10 0.1884513798337D-10 0.1914373424493D-10 0.1944774288851D-10
 0.1975727135363D-10 0.2007242913281D-10 0.2039332838022D-10 0.2072008361087D-10
 0.2105281204217D-10 0.2139163330329D-10 0.2173666978813D-10 0.2208804664473D-10
 0.2244589181852D-10 0.2281033580247D-10 0.2318151246689D-10 0.2355955838680D-10
 0.2394461318757D-10 0.2433681964490D-10 0.2473632371947D-10 0.2514327474327D-10
 0.2555782511083D-10 0.2598013109204D-10 0.2641035186659D-10 0.2684865057389D-10
 0.2729519395514D-10 0.2775015227064D-10 0.2821369999361D-10 0.2868601519181D-10
 0.2916728004590D-10 0.2965768076243D-10 0.3015740784897D-10 0.3066665616855D-10
 0.3118562454054D-10 0.3171451691596D-10 0.3225354128525D-10 0.3280291070608D-10
 0.3336284285415D-10 0.3393356029643D-10 0.3451529076704D-10 0.3510826730116D-10
 0.3571272781806D-10 0.3632891595522D-10 0.3695708065635D-10 0.3759747667332D-10
 0.3825036445593D-10 0.3891601046603D-10 0.3959468736941D-10 0.4028667352088D-10
 0.4099225427967D-10 0.4171172087137D-10 0.4244537166102D-10 0.4319351178314D-10
 0.4395645292622D-10 0.4473451438867D-10 0.4552802270145D-10 0.4633731155509D-10
 0.4716272263343D-10 0.4800460535573D-10 0.4886331702087D-10 0.4973922327735D-10
 0.5063269789736D-10 0.5154412405579D-10 0.5247389264070D-10 0.5342240428414D-10
 0.5439006876123D-10 0.5537730514932D-10 0.5638454202182D-10 0.5741221825221D-10
 0.5846078277791D-10 0.5953069440155D-10 0.6062242300068D-10 0.6173644935999D-10
 0.6287326559938D-10 0.6403337434014D-10 0.6521729111518D-10 0.6642554207627D-10
 0.6765866662158D-10 0.6891721634720D-10 0.7020175569493D-10 0.7151286182018D-10
 0.7285112624288D-10 0.7421715301435D-10 0.7561156137423D-10 0.7703498425338D-10
 0.7848807012735D-10 0.7997148149730D-10 0.8148589743845D-10 0.8303201194754D-10
 0.8461053606944D-10 0.8622219671839D-10 0.8786773857312D-10 0.8954792289486D-10
 0.9126352982477D-10 0.9301535646791D-10 0.9480421977834D-10 0.9663095547280D-10
 0.9849641846921D-10 0.1004014844545D-09 0.1023470489817D-09 0.1043340295107D-09
 0.1063633639681D-09 0.1084360136178D-09 0.1105529609571D-09 0.1127152127434D-09
 0.1149237986704D-09 0.1171797737258D-09 0.1194842161449D-09 0.1218382312602D-09
 0.1242429496219D-09 0.1266995280288D-09 0.1292091516265D-09 0.1317730333960D-09
 0.1343924142203D-09 0.1370685649586D-09 0.1398027859000D-09 0.1425964094381D-09
 0.1454507980326D-09 0.1483673470359D-09 0.1513474846497D-09 0.1543926730951D-09
 0.1575044100764D-09 0.1606842270385D-09 0.1639336932409D-09 0.1672544140583D-09
 0.1706480344431D-09 0.1741162370660D-09 0.1776607449665D-09 0.1812833226019D-09
 0.1849857757599D-09 0.1887699538810D-09 0.1926377491942D-09 0.1965911007385D-09
 0.2006319918903D-09 0.2047624545896D-09 0.2089845686817D-09 0.2133004635509D-09
 0.2177123191259D-09 0.2222223683416D-09 0.2268328959249D-09 0.2315462423544D-09
 0.2363648030512D-09 0.2412910315219D-09 0.2463274392644D-09 0.2514765978154D-09
 0.2567411403739D-09 0.2621237628552D-09 0.2676272262535D-09 0.2732543569519D-09
 0.2790080492349D-09 0.2848912661609D-09 0.2909070427671D-09 0.2970584856078D-09
 0.3033487767417D-09 0.3097811737768D-09 0.3163590118877D-09 0.3230857076566D-09
 0.3299647582583D-09 0.3369997459497D-09 0.3441943376880D-09 0.3515522887173D-09
 0.3590774451443D-09 0.3667737448013D-09 0.3746452203502D-09 0.3826960011928D-09
 0.3909303155003D-09 0.3993524942328D-09 0.4079669710391D-09 0.4167782872026D-09
 0.4257910925801D-09 0.4350101494313D-09 0.4444403333935D-09 0.4540866396717D-09
 0.4639541816875D-09 0.4740481966407D-09 0.4843740467156D-09 0.4949372260855D-09
 0.5057433589792D-09 0.5167982051325D-09 0.5281076634030D-09 0.5396777752317D-09
 0.5515147284643D-09 0.5636248578402D-09 0.5760146524044D-09 0.5886907587480D-09
 0.6016599804417D-09 0.6149292892874D-09 0.6285058228340D-09 0.6423968908810D-09
 0.6566099808434D-09 0.6711527605038D-09 0.6860330825072D-09 0.7012589902990D-09
 0.7168387191726D-09 0.7327807062384D-09 0.7490935905846D-09 0.7657862217284D-09
 0.7828676620113D-09 0.8003471924663D-09 0.8182343191289D-09 0.8365387796447D-09
 0.8552705445185D-09 0.8744398268279D-09 0.8940570861511D-09 0.9141330358966D-09
 0.9346786491346D-09 0.9557051634235D-09 0.9772240883244D-09 0.9992472144940D-09
 0.1021786614866D-08 0.1044854657569D-08 0.1068464008432D-08 0.1092627642595D-08
 0.1117358844618D-08 0.1142671226606D-08 0.1168578728768D-08 0.1195095627966D-08
 0.1222236548229D-08 0.1250016468861D-08 0.1278450730213D-08 0.1307555046529D-08
 0.1337345513547D-08 0.1367838617898D-08 0.1399051243412D-08 0.1431000686142D-08
 0.1463704659879D-08 0.1497181310652D-08 0.1531449225508D-08 0.1566527438541D-08
 0.1602435450154D-08 0.1639193232740D-08 0.1676821244954D-08 0.1715340437488D-08
 0.1754772276873D-08 0.1795138748625D-08 0.1836462369417D-08 0.1878766204603D-08
 0.1922073884772D-08 0.1966409607568D-08 0.2011798162594D-08 0.2058264942801D-08
 0.2105835957514D-08 0.2154537845981D-08 0.2204397896959D-08 0.2255444065968D-08
 0.2307704983475D-08 0.2361209980012D-08 0.2415989096180D-08 0.2472073107505D-08
 0.2529493532956D-08 0.2588282664343D-08 0.2648473573697D-08 0.2710100141443D-08
 0.2773197071409D-08 0.2837799913465D-08 0.2903945075658D-08 0.2971669867409D-08
 0.3041012490380D-08 0.3112012086037D-08 0.3184708743567D-08 0.3259143532585D-08
 0.3335358520609D-08 0.3413396802887D-08 0.3493302514713D-08 0.3575120878162D-08
 0.3658898212945D-08 0.3744681964586D-08 0.3832520735376D-08 0.3922464314064D-08
 0.4014563699435D-08 0.4108871136592D-08 0.4205440143375D-08 0.4304325535496D-08
 0.4405583473054D-08 0.4509271484693D-08 0.4615448490776D-08 0.4724174863031D-08
 0.4835512437846D-08 0.4949524553990D-08 0.5066276098924D-08 0.5185833555050D-08
 0.5308264999062D-08 0.5433640191301D-08 0.5562030585458D-08 0.5693509371827D-08
 0.5828151541149D-08 0.5966033894321D-08 0.6107235121313D-08 0.6251835825523D-08
 0.6399918572681D-08 0.6551567957079D-08 0.6706870612713D-08 0.6865915314760D-08
 0.7028792988607D-08 0.7195596779287D-08 0.7366422112423D-08 0.7541366733766D-08
 0.7720530782401D-08 0.7904016837861D-08 0.8091929980825D-08 0.8284377865168D-08
 0.8481470761350D-08 0.8683321644930D-08 0.8890046237232D-08 0.9101763093398D-08
 0.9318593662947D-08 0.9540662354141D-08 0.9768096621052D-08 0.1000102702508D-07
 0.1023958732006D-07 0.1048391451755D-07 0.1073414899168D-07 0.1099043452618D-07
 0.1125291842628D-07 0.1152175159972D-07 0.1179708863025D-07 0.1207908788455D-07
 0.1236791159866D-07 0.1266372596383D-07 0.1296670123852D-07 0.1327701184571D-07
 0.1359483645733D-07 0.1392035811198D-07 0.1425376434284D-07 0.1459524723060D-07
 0.1494500357833D-07 0.1530323499203D-07 0.1567014798389D-07 0.1604595414021D-07
 0.1643087020766D-07 0.1682511823045D-07 0.1722892566599D-07 0.1764252556328D-07
 0.1806615664557D-07 0.1850006346585D-07 0.1894449656557D-07 0.1939971261173D-07
 0.1986597454287D-07 0.2034355172807D-07 0.2083272011383D-07 0.2133376240798D-07
 0.2184696820836D-07 0.2237263421380D-07 0.2291106437080D-07 0.2346257005422D-07
 0.2402747024721D-07 0.2460609175078D-07 0.2519876933705D-07 0.2580584599081D-07
 0.2642767305383D-07 0.2706461047412D-07 0.2771702700179D-07 0.2838530042119D-07
 0.2906981772038D-07 0.2977097538038D-07 0.3048917957566D-07 0.3122484640533D-07
 0.3197840215665D-07 0.3275028353126D-07 0.3354093792864D-07 0.3435082368021D-07
 0.3518041033693D-07 0.3603017892615D-07 0.3690062225676D-07 0.3779224517914D-07
 0.3870556489980D-07 0.3964111128077D-07 0.4059942715286D-07 0.4158106861060D-07
 0.4258660537125D-07 0.4361662107732D-07 0.4467171366197D-07 0.4575249568369D-07
 0.4685959470341D-07 0.4799365360096D-07 0.4915533102516D-07 0.5034530173312D-07
 0.5156425697389D-07 0.5281290493901D-07 0.5409197112745D-07 0.5540219880120D-07
 0.5674434942671D-07 0.5811920308154D-07 0.5952755893498D-07 0.6097023574789D-07
 0.6244807228319D-07 0.6396192784774D-07 0.6551268277286D-07 0.6710123894673D-07
 0.6872852031730D-07 0.7039547346829D-07 0.7210306812614D-07 0.7385229778834D-07
 0.7564418022337D-07 0.7747975817443D-07 0.7936009985443D-07 0.8128629964586D-07
 0.8325947871574D-07 0.8528078570477D-07 0.8735139732716D-07 0.8947251912925D-07
 0.9164538616972D-07 0.9387126374281D-07 0.9615144812927D-07 0.9848726730409D-07
 0.1008800817992D-06 0.1033312854503D-06 0.1058423061893D-06 0.1084146069486D-06
 0.1110496864348D-06 0.1137490800945D-06 0.1165143609389D-06 0.1193471405079D-06
 0.1222490697981D-06 0.1252218402233D-06 0.1282671845931D-06 0.1313868782528D-06
 0.1345827398642D-06 0.1378566327441D-06 0.1412104657748D-06 0.1446461946104D-06
 0.1481658227867D-06 0.1517714029127D-06 0.1554650378481D-06 0.1592488819572D-06
 0.1631251423608D-06 0.1670960802516D-06 0.1711640121743D-06 0.1753313114086D-06
 0.1796004093748D-06 0.1839737970295D-06 0.1884540263513D-06 0.1930437118071D-06
 0.1977455318975D-06 0.2025622307276D-06 0.2074966196368D-06 0.2125515787891D-06
 0.2177300589225D-06 0.2230350830294D-06 0.2284697481599D-06 0.2340372272344D-06
 0.2397407708679D-06 0.2455837093131D-06 0.2515694544134D-06 0.2577015015846D-06
 0.2639834318463D-06 0.2704189139617D-06 0.2770117065658D-06 0.2837656603609D-06
 0.2906847203697D-06 0.2977729283272D-06 0.3050344248945D-06 0.3124734522187D-06
 0.3200943564119D-06 0.3279015899862D-06 0.3358997145799D-06 0.3440934036086D-06
 0.3524874449699D-06 0.3610867438497D-06 0.3698963256674D-06 0.3789213389268D-06
 0.3881670582909D-06 0.3976388876944D-06 0.4073423634296D-06 0.4172831575152D-06
 0.4274670808634D-06 0.4379000868689D-06 0.4485882747453D-06 0.4595378932054D-06
 0.4707553440275D-06 0.4822471859661D-06 0.4940201384241D-06 0.5060810854611D-06
 0.5184370799151D-06 0.5310953474348D-06 0.5440632907062D-06 0.5573484938840D-06
 0.5709587270011D-06 0.5849019505289D-06 0.5991863199920D-06 0.6138201908625D-06
 0.6288121233838D-06 0.6441708876100D-06 0.6599054685551D-06 0.6760250714708D-06
 0.6925391272634D-06 0.7094572979868D-06 0.7267894825907D-06 0.7445458225813D-06
 0.7627367081906D-06 0.7813727842813D-06 0.8004649566853D-06 0.8200243986636D-06
 0.8400625572809D-06 0.8605911603575D-06 0.8816222231952D-06 0.9031680556291D-06
 0.9252412694266D-06 0.9478547854833D-06 0.9710218415902D-06 0.9947560000180D-06
 0.1019071155711D-05 0.1043981544248D-05 0.1069501750315D-05 0.1095646716324D-05
 0.1122431750979D-05 0.1149872538570D-05 0.1177985147912D-05 0.1206786041928D-05
 0.1236292087429D-05 0.1266520564781D-05 0.1297489178263D-05 0.1329216066349D-05
 0.1361719812490D-05 0.1395019455977D-05 0.1429134503114D-05 0.1464084938764D-05
 0.1499891237973D-05 0.1536574378329D-05 0.1574155851745D-05 0.1612657677755D-05
 0.1652102415918D-05 0.1692513179507D-05 0.1733913648890D-05 0.1776328085470D-05
 0.1819781345973D-05 0.1864298897317D-05 0.1909906831261D-05 0.1956631879948D-05
 0.2004501431740D-05 0.2053543547048D-05 0.2103786975162D-05 0.2155261171224D-05
 0.2207996313260D-05 0.2262023320130D-05 0.2317373869959D-05 0.2374080418589D-05
 0.2432176218620D-05 0.2491695339356D-05 0.2552672686533D-05 0.2615144023127D-05
 0.2679145990597D-05 0.2744716130082D-05 0.2811892904933D-05 0.2880715723209D-05
 0.2951224961090D-05 0.3023461986697D-05 0.3097469184385D-05 0.3173289979869D-05
 0.3250968865968D-05 0.3330551428794D-05 0.3412084374802D-05 0.3495615558183D-05
 0.3581194009450D-05 0.3668869964307D-05 0.3758694893287D-05 0.3850721532377D-05
 0.3945003914027D-05 0.4041597399456D-05 0.4140558711094D-05 0.4241945966380D-05
 0.4345818712305D-05 0.4452237960328D-05 0.4561266222718D-05 0.4672967550062D-05
 0.4787407568460D-05 0.4904653519111D-05 0.5024774297869D-05 0.5147840496469D-05
 0.5273924444043D-05 0.5403100250406D-05 0.5535443849840D-05 0.5671033046636D-05
 0.5809947561013D-05 0.5952269076540D-05 0.6098081288969D-05 0.6247469955854D-05
 0.6400522947856D-05 0.6557330300917D-05 0.6717984269801D-05 0.6882579383618D-05
 0.7051212501482D-05 0.7223982871053D-05 0.7400992187016D-05 0.7582344652717D-05
 0.7768147041692D-05 0.7958508761791D-05 0.8153541920651D-05 0.8353361392716D-05
 0.8558084888115D-05 0.8767833023131D-05 0.8982729392169D-05 0.9202900642606D-05
 0.9428476550141D-05 0.9659590096790D-05 0.9896377551164D-05 0.1013897855007D-04
 0.1038753618223D-04 0.1064219707537D-04 0.1090311148297D-04 0.1117043337637D-04
 0.1144432053665D-04 0.1172493465029D-04 0.1201244140625D-04 0.1230701059694D-04
 0.1260881622011D-04 0.1291803658448D-04 0.1323485441772D-04 0.1355945697710D-04
 0.1389203616351D-04 0.1423278863696D-04 0.1458191593719D-04 0.1493962460554D-04
 0.1530612631084D-04 0.1568163797839D-04 0.1606638192205D-04 0.1646058598040D-04
 0.1686448365512D-04 0.1727831425484D-04 0.1770232304036D-04 0.1813676137578D-04
 0.1858188688309D-04 0.1903796359872D-04 0.1950526213804D-04 0.1998405985959D-04
 0.2047464103828D-04 0.2097729703859D-04 0.2149232649614D-04 0.2202003550155D-04
 0.2256073779017D-04 0.2311475493643D-04 0.2368241655366D-04 0.2426406049901D-04
 0.2486003308347D-04 0.2547068928768D-04 0.2609639298406D-04 0.2673751716398D-04
 0.2739444417090D-04 0.2806756594069D-04 0.2875728424769D-04 0.2946401095678D-04
 0.3018816828442D-04 0.3093018906297D-04 0.3169051701580D-04 0.3246960703901D-04
 0.3326792548771D-04 0.3408595047459D-04 0.3492417217348D-04 0.3578309313173D-04
 0.3666322859247D-04 0.3756510682430D-04 0.3848926945981D-04 0.3943627184483D-04
 0.4040668339531D-04 0.4140108796677D-04 0.4242008423003D-04 0.4346428606245D-04
 0.4453432294516D-04 0.4563084037335D-04 0.4675450027945D-04 0.4790598146636D-04
 0.4908598005260D-04 0.5029520993080D-04 0.5153440323983D-04 0.5280431084835D-04
 0.5410570285469D-04 0.5543936909700D-04 0.5680611968320D-04 0.5820678553148D-04
 0.5964221892907D-04 0.6111329410499D-04 0.6262090782220D-04 0.6416597998500D-04
 0.6574945426314D-04 0.6737229873576D-04 0.6903550655567D-04 0.7074009662907D-04
 0.7248711431824D-04 0.7427763216470D-04 0.7611275063382D-04 0.7799359887882D-04
 0.7992133553371D-04 0.8189714952370D-04 0.8392226090338D-04 0.8599792172036D-04
 0.8812541690220D-04 0.9030606517516D-04 0.9254122000629D-04 0.9483227057709D-04
 0.9718064278669D-04 0.9958780028635D-04 0.1020552455451D-03 0.1045845209491D-03
 0.1071772099349D-03 0.1098349381624D-03 0.1125593747172D-03 0.1153522333571D-03
 0.1182152737974D-03 0.1211503030350D-03 0.1241591767172D-03 0.1272438005552D-03
 0.1304061317798D-03 0.1336481806485D-03 0.1369720119998D-03 0.1403797468598D-03
 0.1438735641003D-03 0.1474557021530D-03 0.1511284607806D-03 0.1548942029074D-03
 0.1587553565103D-03 0.1627144165754D-03 0.1667739471200D-03 0.1709365832827D-03
 0.1752050334890D-03 0.1795820816847D-03 0.1840705896545D-03 0.1886734994154D-03
 0.1933938356948D-03 0.1982347084984D-03 0.2031993157667D-03 0.2082909461245D-03
 0.2135129817321D-03 0.2188689012350D-03 0.2243622828203D-03 0.2299968073883D-03
 0.2357762618319D-03 0.2417045424434D-03 0.2477856584414D-03 0.2540237356300D-03
 0.2604230201941D-03 0.2669878826352D-03 0.2737228218572D-03 0.2806324694038D-03
 0.2877215938573D-03 0.2949951054063D-03 0.3024580605862D-03 0.3101156672052D-03
 0.3179732894585D-03 0.3260364532425D-03 0.3343108516766D-03 0.3428023508434D-03
 0.3515169957536D-03 0.3604610165510D-03 0.3696408349617D-03 0.3790630710072D-03
 0.3887345499823D-03 0.3986623097216D-03 0.4088536081610D-03 0.4193159312096D-03
 0.4300570009413D-03 0.4410847841356D-03 0.4524075011668D-03 0.4640336352657D-03
 0.4759719421792D-03 0.4882314602239D-03 0.5008215207862D-03 0.5137517592553D-03
 0.5270321264372D-03 0.5406729004556D-03 0.5546846991728D-03 0.5690784931540D-03
 0.5838656191974D-03 0.5990577944667D-03 0.6146671312464D-03 0.6307061523541D-03
 0.6471878072516D-03 0.6641254888737D-03 0.6815330512220D-03 0.6994248277632D-03
 0.7178156506632D-03 0.7367208709138D-03 0.7561563793834D-03 0.7761386288550D-03
 0.7966846570796D-03 0.8178121109299D-03 0.8395392716821D-03 0.8618850815015D-03
 0.8848691711943D-03 0.9085118892866D-03 0.9328343325034D-03 0.9578583777335D-03
 0.9836067155375D-03 0.1010102885310D-02 0.1037371312160D-02 0.1065437345623D-02
 0.1094327300296D-02 0.1124068498501D-02 0.1154689315092D-02 0.1186219224527D-02
 0.1218688850325D-02 0.1252130017048D-02 0.1286575804949D-02 0.1322060607434D-02
 0.1358620191506D-02 0.1396291761348D-02 0.1435114025243D-02 0.1475127266013D-02
 0.1516373415183D-02 0.1558896131085D-02 0.1602740881145D-02 0.1647955028582D-02
 0.1694587923794D-02 0.1742691000712D-02 0.1792317878392D-02 0.1843524468214D-02
 0.1896369086966D-02 0.1950912576205D-02 0.2007218428280D-02 0.2065352919416D-02
 0.2125385250284D-02 0.2187387694552D-02 0.2251435755883D-02 0.2317608333921D-02
 0.2385987899840D-02 0.2456660682051D-02 0.2529716862709D-02 0.2605250785725D-02
 0.2683361177012D-02 0.2764151377755D-02 0.2847729591565D-02 0.2934209146398D-02
 0.3023708772248D-02 0.3116352895604D-02 0.3212271951841D-02 0.3311602716693D-02
 0.3414488658116D-02 0.3521080309918D-02 0.3631535668608D-02 0.3746020615089D-02
 0.3864709362847D-02 0.3987784934526D-02 0.4115439668792D-02 0.4247875759662D-02
 0.4385305830523D-02 0.4527953545324D-02 0.4676054259561D-02 0.4829855713904D-02
 0.4989618773507D-02 0.5155618216339D-02 0.5328143574030D-02 0.5507500029139D-02
 0.5694009372932D-02 0.5888011028153D-02 0.6089863141644D-02 0.6299943751973D-02
 0.6518652037782D-02 0.6746409652885D-02 0.6983662154767D-02 0.7230880533593D-02
 0.7488562849472D-02 0.7757235986365D-02 0.8037457531686D-02 0.8329817791492D-02
 0.8634941951871D-02 0.8953492398190D-02 0.9286171204736D-02 0.9633722808428D-02
 0.9996936881477D-02 0.1037665141909D-01 0.1077375605985D-01 0.1118919565780D-01
 0.1162397412708D-01 0.1207915858185D-01 0.1255588379600D-01 0.1305535700976D-01
 0.1357886311247D-01 0.1412777023358D-01 0.1470353577681D-01 0.1530771293575D-01
 0.1594195773260D-01 0.1660803662562D-01 0.1730783473538D-01 0.1804336474428D-01
 0.1881677652915D-01 0.1963036759258D-01 0.2048659436458D-01 0.2138808445338D-01
 0.2233764993173D-01 0.2333830175324D-01 0.2439326540309D-01 0.2550599789704D-01
 0.2668020625452D-01 0.2791986758375D-01 0.2922925093075D-01 0.3061294105937D-01
 0.3207586434632D-01 0.3362331699385D-01 0.3526099578334D-01 0.3699503161619D-01
 0.3883202611331D-01 0.4077909157308D-01 0.4284389461845D-01 0.4503470389850D-01
 0.4736044224807D-01 0.4983074375161D-01 0.5245601620438D-01 0.5524750951677D-01
 0.5821739066532D-01 0.6137882585895D-01 0.6474607066040D-01 0.6833456888259D-01
 0.7216106116857D-01 0.7624370426167D-01 0.8060220208254D-01 0.8525794985103D-01
 0.9023419262647D-01 0.9555619979035D-01 0.1012514571627D+00 0.1073498786294D+00
 0.1138840393647D+00 0.1208894329623D+00 0.1284047550453D+00 0.1364722162062D+00
 0.1451378874467D+00 0.1544520816322D+00 0.1644697748685D+00 0.1752510721332D+00
 0.1868617219731D+00 0.1993736856059D+00 0.2128657663438D+00 0.2274243059038D+00
 0.2431439548729D+00 0.2601285253823D+00 0.2784919348981D+00 0.2983592509748D+00
 0.3198678478500D+00 0.3431686868738D+00 0.3684277339854D+00 0.3958275287686D+00
 0.4255689210322D+00 0.4578729923813D+00 0.4929831818682D+00 0.5311676467478D+00
 0.5727218309852D+00 0.6174567207995D+00 0.6650916698472D+00 0.7158177457677D+00
 0.7698415188255D+00 0.8273864946314D+00 0.8886946883460D+00 0.9540283542803D+00
 0.1023671886135D+01 0.1097933904565D+01 0.1177149550329D+01 0.1261683002974D+01
 0.1351930246884D+01 0.1448322108494D+01 0.1551327590688D+01 0.1661457532726D+01
 0.1779268626584D+01 0.1905367823395D+01 0.2040417166570D+01 0.2185139091424D+01
 0.2340322234574D+01 0.2506827800021D+01 0.2685596532833D+01 0.2877656355566D+01
 0.3084130727083D+01 0.3306247788297D+01 0.3545350364458D+01 0.3802906899117D+01
 0.4080523400707D+01 0.4379956488716D+01
    0    0
