 nspin  vdif :::::: Potentials for non-spin-polarized non-relativistic Va.      
    1   0.0000000000000D+00
 LSMS:           Va     z=  0.    xvalws=   0.13382
   0.                      2.65165   0. 0.2551299395533D+00
                 -0.1113096740000D+02 0.9751822497023D+00 1001 1030
 0.2114104097450D-04 0.2140980918131D-04 0.2168193625559D-04 0.2195746373108D-04
 0.2223641351178D-04 0.2251880865588D-04 0.2280469299391D-04 0.2309411075611D-04
 0.2338710677225D-04 0.2368372631303D-04 0.2398401521808D-04 0.2428801983948D-04
 0.2459578702830D-04 0.2490736422485D-04 0.2522279937738D-04 0.2554214104909D-04
 0.2586543830952D-04 0.2619274083426D-04 0.2652409886908D-04 0.2685956324475D-04
 0.2719918540374D-04 0.2754301737992D-04 0.2789111184451D-04 0.2824352206067D-04
 0.2860030193730D-04 0.2896150603127D-04 0.2932718952024D-04 0.2969740827322D-04
 0.3007221876758D-04 0.3045167825874D-04 0.3083584454711D-04 0.3122477624963D-04
 0.3161853260421D-04 0.3201717358648D-04 0.3242075988901D-04 0.3282935293892D-04
 0.3324301488566D-04 0.3366180863662D-04 0.3408579785675D-04 0.3451504695184D-04
 0.3494962114982D-04 0.3538958641224D-04 0.3583500954688D-04 0.3628595813090D-04
 0.3674250056959D-04 0.3720470608445D-04 0.3767264475349D-04 0.3814638749465D-04
 0.3862600606806D-04 0.3911157312031D-04 0.3960316215916D-04 0.4010084760737D-04
 0.4060470475360D-04 0.4111480984248D-04 0.4163124001262D-04 0.4215407331621D-04
 0.4268338883523D-04 0.4321926652069D-04 0.4376178733752D-04 0.4431103321523D-04
 0.4486708708015D-04 0.4543003291526D-04 0.4599995561380D-04 0.4657694122092D-04
 0.4716107674675D-04 0.4775245028820D-04 0.4835115100681D-04 0.4895726912714D-04
 0.4957089603644D-04 0.5019212415259D-04 0.5082104705787D-04 0.5145775946764D-04
 0.5210235724833D-04 0.5275493743914D-04 0.5341559822116D-04 0.5408443904670D-04
 0.5476156046842D-04 0.5544706438435D-04 0.5614105380240D-04 0.5684363311507D-04
 0.5755490788709D-04 0.5827498498740D-04 0.5900397263643D-04 0.5974198031432D-04
 0.6048911884075D-04 0.6124550040229D-04 0.6201123854125D-04 0.6278644819020D-04
 0.6357124566876D-04 0.6436574869006D-04 0.6517007644442D-04 0.6598434956503D-04
 0.6680869011763D-04 0.6764322167433D-04 0.6848806931566D-04 0.6934335965632D-04
 0.7020922077897D-04 0.7108578247967D-04 0.7197317593317D-04 0.7287153403000D-04
 0.7378099131805D-04 0.7470168385457D-04 0.7563374943961D-04 0.7657732751047D-04
 0.7753255926325D-04 0.7849958752441D-04 0.7947855693909D-04 0.8046961382710D-04
 0.8147290635660D-04 0.8248858448112D-04 0.8351679997620D-04 0.8455770641608D-04
 0.8561145931440D-04 0.8667821607507D-04 0.8775813594584D-04 0.8885138014801D-04
 0.8995811191567D-04 0.9107849638697D-04 0.9221270073695D-04 0.9336089421050D-04
 0.9452324801637D-04 0.9569993559026D-04 0.9689113232465D-04 0.9809701586902D-04
 0.9931776589589D-04 0.1005535644333D-03 0.1018045955878D-03 0.1030710457341D-03
 0.1043531035722D-03 0.1056509599945D-03 0.1069648083192D-03 0.1082948441416D-03
 0.1096412654599D-03 0.1110042726860D-03 0.1123840686481D-03 0.1137808586416D-03
 0.1151948504505D-03 0.1166262545016D-03 0.1180752835444D-03 0.1195421531034D-03
 0.1210270812917D-03 0.1225302888246D-03 0.1240519990672D-03 0.1255924382089D-03
 0.1271518351921D-03 0.1287304215490D-03 0.1303284318508D-03 0.1319461033917D-03
 0.1335836763840D-03 0.1352413939705D-03 0.1369195022334D-03 0.1386182502423D-03
 0.1403378900740D-03 0.1420786769490D-03 0.1438408690798D-03 0.1456247278780D-03
 0.1474305179588D-03 0.1492585070410D-03 0.1511089662318D-03 0.1529821698738D-03
 0.1548783956018D-03 0.1567979244546D-03 0.1587410409075D-03 0.1607080328760D-03
 0.1626991918115D-03 0.1647148125463D-03 0.1667551937613D-03 0.1688206374790D-03
 0.1709114496614D-03 0.1730279397899D-03 0.1751704211882D-03 0.1773392108993D-03
 0.1795346299995D-03 0.1817570033040D-03 0.1840066596272D-03 0.1862839317793D-03
 0.1885891565956D-03 0.1909226749720D-03 0.1932848320874D-03 0.1956759771529D-03
 0.1980964637391D-03 0.2005466495731D-03 0.2030268969016D-03 0.2055375722162D-03
 0.2080790465518D-03 0.2106516954311D-03 0.2132558989579D-03 0.2158920417476D-03
 0.2185605132516D-03 0.2212617075601D-03 0.2239960235295D-03 0.2267638648868D-03
 0.2295656402931D-03 0.2324017633798D-03 0.2352726527873D-03 0.2381787321187D-03
 0.2411204303591D-03 0.2440981815017D-03 0.2471124249496D-03 0.2501636053535D-03
 0.2532521728445D-03 0.2563785829581D-03 0.2595432967168D-03 0.2627467809246D-03
 0.2659895079163D-03 0.2692719557162D-03 0.2725946083676D-03 0.2759579556131D-03
 0.2793624931608D-03 0.2828087228598D-03 0.2862971524876D-03 0.2898282962046D-03
 0.2934026741915D-03 0.2970208131051D-03 0.3006832459332D-03 0.3043905122500D-03
 0.3081431580125D-03 0.3119417359409D-03 0.3157868054051D-03 0.3196789326542D-03
 0.3236186907665D-03 0.3276066597679D-03 0.3316434268046D-03 0.3357295860376D-03
 0.3398657389800D-03 0.3440524944076D-03 0.3482904684493D-03 0.3525802848241D-03
 0.3569225747662D-03 0.3613179771720D-03 0.3657671387332D-03 0.3702707140547D-03
 0.3748293655991D-03 0.3794437638647D-03 0.3841145876912D-03 0.3888425240031D-03
 0.3936282681361D-03 0.3984725238712D-03 0.4033760034905D-03 0.4083394280377D-03
 0.4133635273133D-03 0.4184490399086D-03 0.4235967134583D-03 0.4288073047233D-03
 0.4340815796401D-03 0.4394203133565D-03 0.4448242906228D-03 0.4502943056157D-03
 0.4558311621577D-03 0.4614356740420D-03 0.4671086647584D-03 0.4728509677470D-03
 0.4786634268876D-03 0.4845468960499D-03 0.4905022396013D-03 0.4965303324445D-03
 0.5026320600931D-03 0.5088083189000D-03 0.5150600158652D-03 0.5213880694125D-03
 0.5277934089347D-03 0.5342769750663D-03 0.5408397199652D-03 0.5474826074515D-03
 0.5542066129688D-03 0.5610127238132D-03 0.5679019394135D-03 0.5748752712421D-03
 0.5819337431824D-03 0.5890783914215D-03 0.5963102650072D-03 0.6036304254699D-03
 0.6110399474681D-03 0.6185399186272D-03 0.6261314399004D-03 0.6338156254659D-03
 0.6415936033550D-03 0.6494665150755D-03 0.6574355161607D-03 0.6655017760633D-03
 0.6736664786357D-03 0.6819308221062D-03 0.6902960192111D-03 0.6987632974590D-03
 0.7073338994719D-03 0.7160090827214D-03 0.7247901202444D-03 0.7336783003679D-03
 0.7426749272489D-03 0.7517813208454D-03 0.7609988171978D-03 0.7703287686769D-03
 0.7797725440838D-03 0.7893315287542D-03 0.7990071250576D-03 0.8088007524206D-03
 0.8187138474461D-03 0.8287478643355D-03 0.8389042750401D-03 0.8491845691889D-03
 0.8595902548265D-03 0.8701228581640D-03 0.8807839241720D-03 0.8915750163732D-03
 0.9024977176658D-03 0.9135536300624D-03 0.9247443749348D-03 0.9360715935661D-03
 0.9475369472285D-03 0.9591421174371D-03 0.9708888060616D-03 0.9827787356934D-03
 0.9948136502507D-03 0.1006995314402D-02 0.1019325514642D-02 0.1031806058890D-02
 0.1044438777481D-02 0.1057225522866D-02 0.1070168169998D-02 0.1083268616688D-02
 0.1096528783879D-02 0.1109950615904D-02 0.1123536080913D-02 0.1137287170657D-02
 0.1151205901650D-02 0.1165294314515D-02 0.1179554475005D-02 0.1193988473855D-02
 0.1208598427378D-02 0.1223386477762D-02 0.1238354792988D-02 0.1253505567685D-02
 0.1268841023176D-02 0.1284363407693D-02 0.1300074997082D-02 0.1315978094708D-02
 0.1332075032076D-02 0.1348368169080D-02 0.1364859894421D-02 0.1381552625757D-02
 0.1398448810338D-02 0.1415550925034D-02 0.1432861477161D-02 0.1450383004262D-02
 0.1468118075054D-02 0.1486069289365D-02 0.1504239278846D-02 0.1522630706956D-02
 0.1541246269897D-02 0.1560088696446D-02 0.1579160748809D-02 0.1598465222804D-02
 0.1618004948182D-02 0.1637782789264D-02 0.1657801645323D-02 0.1678064450791D-02
 0.1698574175860D-02 0.1719333827035D-02 0.1740346447401D-02 0.1761615116980D-02
 0.1783142953488D-02 0.1804933112438D-02 0.1826988788019D-02 0.1849313213135D-02
 0.1871909659943D-02 0.1894781440864D-02 0.1917931908289D-02 0.1941364455734D-02
 0.1965082517733D-02 0.1989089570943D-02 0.2013389134252D-02 0.2037984769433D-02
 0.2062880081511D-02 0.2088078719646D-02 0.2113584377322D-02 0.2139400793007D-02
 0.2165531750688D-02 0.2191981080573D-02 0.2218752659414D-02 0.2245850411211D-02
 0.2273278307694D-02 0.2301040369237D-02 0.2329140664721D-02 0.2357583313009D-02
 0.2386372482924D-02 0.2415512394165D-02 0.2445007317810D-02 0.2474861576881D-02
 0.2505079547194D-02 0.2535665657701D-02 0.2566624391459D-02 0.2597960286086D-02
 0.2629677934323D-02 0.2661781985187D-02 0.2694277143920D-02 0.2727168173476D-02
 0.2760459894452D-02 0.2794157186376D-02 0.2828264988230D-02 0.2862788299029D-02
 0.2897732178866D-02 0.2933101749311D-02 0.2968902194328D-02 0.3005138760952D-02
 0.3041816760443D-02 0.3078941568393D-02 0.3116518626157D-02 0.3154553441177D-02
 0.3193051588015D-02 0.3232018709249D-02 0.3271460515960D-02 0.3311382789020D-02
 0.3351791379630D-02 0.3392692210316D-02 0.3434091275623D-02 0.3475994643225D-02
 0.3518408454560D-02 0.3561338926106D-02 0.3604792349784D-02 0.3648775094352D-02
 0.3693293606155D-02 0.3738354409885D-02 0.3783964109886D-02 0.3830129390831D-02
 0.3876857018870D-02 0.3924153842442D-02 0.3972026793707D-02 0.4020482889009D-02
 0.4069529230116D-02 0.4119173005393D-02 0.4169421490928D-02 0.4220282051168D-02
 0.4271762140262D-02 0.4323869303376D-02 0.4376611177445D-02 0.4429995492480D-02
 0.4484030072497D-02 0.4538722836979D-02 0.4594081801796D-02 0.4650115080347D-02
 0.4706830885162D-02 0.4764237528489D-02 0.4822343424033D-02 0.4881157087828D-02
 0.4940687139679D-02 0.5000942304365D-02 0.5061931413032D-02 0.5123663404385D-02
 0.5186147325824D-02 0.5249392335136D-02 0.5313407701538D-02 0.5378202807273D-02
 0.5443787148708D-02 0.5510170337903D-02 0.5577362104172D-02 0.5645372295118D-02
 0.5714210878365D-02 0.5783887943013D-02 0.5854413700842D-02 0.5925798488318D-02
 0.5998052767490D-02 0.6071187128070D-02 0.6145212288688D-02 0.6220139098388D-02
 0.6295978538615D-02 0.6372741724366D-02 0.6450439906006D-02 0.6529084471039D-02
 0.6608686945663D-02 0.6689258996329D-02 0.6770812431809D-02 0.6853359204606D-02
 0.6936911412519D-02 0.7021481301241D-02 0.7107081265131D-02 0.7193723849755D-02
 0.7281421753458D-02 0.7370187829251D-02 0.7460035086525D-02 0.7550976693404D-02
 0.7643025978156D-02 0.7736196431523D-02 0.7830501708454D-02 0.7925955630298D-02
 0.8022572186725D-02 0.8120365537924D-02 0.8219350016121D-02 0.8319540128617D-02
 0.8420950559182D-02 0.8523596170169D-02 0.8627492005517D-02 0.8732653292013D-02
 0.8839095441875D-02 0.8946834055266D-02 0.9055884922078D-02 0.9166264024741D-02
 0.9277987540313D-02 0.9391071842823D-02 0.9505533505561D-02 0.9621389304039D-02
 0.9738656217747D-02 0.9857351433289D-02 0.9977492346114D-02 0.1009909656420D-01
 0.1022218190951D-01 0.1034676642106D-01 0.1047286835781D-01 0.1060050620095D-01
 0.1072969865674D-01 0.1086046465941D-01 0.1099282337363D-01 0.1112679419769D-01
 0.1126239676584D-01 0.1139965095174D-01 0.1153857687088D-01 0.1167919488394D-01
 0.1182152559938D-01 0.1196558987693D-01 0.1211140882993D-01 0.1225900382930D-01
 0.1240839650609D-01 0.1255960875468D-01 0.1271266273623D-01 0.1286758088171D-01
 0.1302438589544D-01 0.1318310075807D-01 0.1334374873019D-01 0.1350635335579D-01
 0.1367093846544D-01 0.1383752817994D-01 0.1400614691406D-01 0.1417681937969D-01
 0.1434957058978D-01 0.1452442586188D-01 0.1470141082190D-01 0.1488055140783D-01
 0.1506187387348D-01 0.1524540479266D-01 0.1543117106243D-01 0.1561919990761D-01
 0.1580951888466D-01 0.1600215588548D-01 0.1619713914170D-01 0.1639449722904D-01
 0.1659425907077D-01 0.1679645394258D-01 0.1700111147668D-01 0.1720826166627D-01
 0.1741793486985D-01 0.1763016181529D-01 0.1784497360503D-01 0.1806240172016D-01
 0.1828247802514D-01 0.1850523477231D-01 0.1873070460712D-01 0.1895892057233D-01
 0.1918991611331D-01 0.1942372508237D-01 0.1966038174427D-01 0.1989992078125D-01
 0.2014237729754D-01 0.2038778682509D-01 0.2063618532853D-01 0.2088760921015D-01
 0.2114209531606D-01 0.2139968094056D-01 0.2166040383249D-01 0.2192430220003D-01
 0.2219141471698D-01 0.2246178052771D-01 0.2273543925361D-01 0.2301243099833D-01
 0.2329279635392D-01 0.2357657640661D-01 0.2386381274324D-01 0.2415454745666D-01
 0.2444882315261D-01 0.2474668295540D-01 0.2504817051448D-01 0.2535333001108D-01
 0.2566220616375D-01 0.2597484423636D-01 0.2629129004339D-01 0.2661158995727D-01
 0.2693579091521D-01 0.2726394042569D-01 0.2759608657585D-01 0.2793227803827D-01
 0.2827256407820D-01 0.2861699456060D-01 0.2896561995780D-01 0.2931849135621D-01
 0.2967566046483D-01 0.3003717962169D-01 0.3040310180245D-01 0.3077348062737D-01
 0.3114837036994D-01 0.3152782596404D-01 0.3191190301278D-01 0.3230065779565D-01
 0.3269414727767D-01 0.3309242911742D-01 0.3349556167528D-01 0.3390360402216D-01
 0.3431661594799D-01 0.3473465797064D-01 0.3515779134481D-01 0.3558607807065D-01
 0.3601958090316D-01 0.3645836336150D-01 0.3690248973764D-01 0.3735202510627D-01
 0.3780703533434D-01 0.3826758709060D-01 0.3873374785514D-01 0.3920558592940D-01
 0.3968317044632D-01 0.4016657138023D-01 0.4065585955726D-01 0.4115110666524D-01
 0.4165238526500D-01 0.4215976880011D-01 0.4267333160830D-01 0.4319314893166D-01
 0.4371929692826D-01 0.4425185268301D-01 0.4479089421872D-01 0.4533650050792D-01
 0.4588875148400D-01 0.4644772805318D-01 0.4701351210608D-01 0.4758618652990D-01
 0.4816583522041D-01 0.4875254309402D-01 0.4934639610077D-01 0.4994748123607D-01
 0.5055588655402D-01 0.5117170117989D-01 0.5179501532347D-01 0.5242592029180D-01
 0.5306450850297D-01 0.5371087349923D-01 0.5436510996067D-01 0.5502731371941D-01
 0.5569758177301D-01 0.5637601229900D-01 0.5706270466911D-01 0.5775775946365D-01
 0.5846127848637D-01 0.5917336477901D-01 0.5989412263665D-01 0.6062365762260D-01
 0.6136207658403D-01 0.6210948766740D-01 0.6286600033405D-01 0.6363172537656D-01
 0.6440677493435D-01 0.6519126251054D-01 0.6598530298815D-01 0.6678901264676D-01
 0.6760250917965D-01 0.6842591171081D-01 0.6925934081219D-01 0.7010291852136D-01
 0.7095676835921D-01 0.7182101534784D-01 0.7269578602877D-01 0.7358120848142D-01
 0.7447741234148D-01 0.7538452882002D-01 0.7630269072239D-01 0.7723203246733D-01
 0.7817269010677D-01 0.7912480134552D-01 0.8008850556118D-01 0.8106394382401D-01
 0.8205125891823D-01 0.8305059536163D-01 0.8406209942769D-01 0.8508591916556D-01
 0.8612220442253D-01 0.8717110686508D-01 0.8823278000091D-01 0.8930737920165D-01
 0.9039506172451D-01 0.9149598673584D-01 0.9261031533355D-01 0.9373821057050D-01
 0.9487983747834D-01 0.9603536309101D-01 0.9720495646903D-01 0.9838878872376D-01
 0.9958703304226D-01 0.1007998647120D+00 0.1020274611464D+00 0.1032700019101D+00
 0.1045276687452D+00 0.1058006455967D+00 0.1070891186401D+00 0.1083932763069D+00
 0.1097133093126D+00 0.1110494106838D+00 0.1124017757857D+00 0.1137706023503D+00
 0.1151560905051D+00 0.1165584428013D+00 0.1179778642428D+00 0.1194145623160D+00
 0.1208687470192D+00 0.1223406308925D+00 0.1238304290485D+00 0.1253383592029D+00
 0.1268646417055D+00 0.1284094995716D+00 0.1299731585141D+00 0.1315558469754D+00
 0.1331577961597D+00 0.1347792400665D+00 0.1364204155233D+00 0.1380815622198D+00
 0.1397629227409D+00 0.1414647426026D+00 0.1431872702856D+00 0.1449307572706D+00
 0.1466954580748D+00 0.1484816302866D+00 0.1502895346031D+00 0.1521194348660D+00
 0.1539715980996D+00 0.1558462945474D+00 0.1577437977111D+00 0.1596643843886D+00
 0.1616083347129D+00 0.1635759321911D+00 0.1655674637449D+00 0.1675832197497D+00
 0.1696234940761D+00 0.1716885841305D+00 0.1737787908964D+00 0.1758944189767D+00
 0.1780357766358D+00 0.1802031758427D+00 0.1823969323139D+00 0.1846173655573D+00
 0.1868647989165D+00 0.1891395596153D+00 0.1914419788029D+00 0.1937723915995D+00
 0.1961311371423D+00 0.1985185586323D+00 0.2009350033807D+00 0.2033808228574D+00
 0.2058563727381D+00 0.2083620129532D+00 0.2108981077366D+00 0.2134650256756D+00
 0.2160631397601D+00 0.2186928274339D+00 0.2213544706449D+00 0.2240484558971D+00
 0.2267751743024D+00 0.2295350216327D+00 0.2323283983737D+00 0.2351557097776D+00
 0.2380173659170D+00 0.2409137817404D+00 0.2438453771262D+00 0.2468125769383D+00
 0.2498158110828D+00 0.2528555145640D+00 0.2559321275412D+00 0.2590460953870D+00
 0.2621978687448D+00 0.2653879035874D+00 0.2686166612762D+00 0.2718846086211D+00
 0.2751922179398D+00 0.2785399671193D+00 0.2819283396761D+00 0.2853578248186D+00
 0.2888289175087D+00 0.2923421185247D+00 0.2958979345239D+00 0.2994968781065D+00
 0.3031394678799D+00 0.3068262285225D+00 0.3105576908495D+00 0.3143343918776D+00
 0.3181568748914D+00 0.3220256895097D+00 0.3259413917522D+00 0.3299045441067D+00
 0.3339157155971D+00 0.3379754818512D+00 0.3420844251690D+00 0.3462431345923D+00
 0.3504522059738D+00 0.3547122420460D+00 0.3590238524925D+00 0.3633876540174D+00
 0.3678042704168D+00 0.3722743326492D+00 0.3767984789076D+00 0.3813773546908D+00
 0.3860116128752D+00 0.3907019137875D+00 0.3954489252769D+00 0.4002533227877D+00
 0.4051157894327D+00 0.4100370160658D+00 0.4150177013552D+00 0.4200585518574D+00
 0.4251602820897D+00 0.4303236146050D+00 0.4355492800642D+00 0.4408380173106D+00
 0.4461905734432D+00 0.4516077038907D+00 0.4570901724843D+00 0.4626387515316D+00
 0.4682542218900D+00 0.4739373730391D+00 0.4796890031542D+00 0.4855099191784D+00
 0.4914009368950D+00 0.4973628809995D+00 0.5033965851708D+00 0.5095028921421D+00
 0.5156826537720D+00 0.5219367311132D+00 0.5282659944831D+00 0.5346713235311D+00
 0.5411536073073D+00 0.5477137443288D+00 0.5543526426460D+00 0.5610712199076D+00
 0.5678704034247D+00 0.5747511302332D+00 0.5817143471559D+00 0.5887610108628D+00
 0.5958920879295D+00 0.6031085548949D+00 0.6104113983174D+00 0.6178016148282D+00
 0.6252802111841D+00 0.6328482043176D+00 0.6405066213851D+00 0.6482564998135D+00
 0.6560988873434D+00 0.6640348420702D+00 0.6720654324839D+00 0.6801917375039D+00
 0.6884148465126D+00 0.6967358593858D+00 0.7051558865182D+00 0.7136760488483D+00
 0.7222974778767D+00 0.7310213156831D+00 0.7398487149372D+00 0.7487808389074D+00
 0.7578188614629D+00 0.7669639670732D+00 0.7762173508005D+00 0.7855802182892D+00
 0.7950537857479D+00 0.8046392799268D+00 0.8143379380887D+00 0.8241510079734D+00
 0.8340797477559D+00 0.8441254259970D+00 0.8542893215868D+00 0.8645727236804D+00
 0.8749769316251D+00 0.8855032548794D+00 0.8961530129227D+00 0.9069275351553D+00
 0.9178281607891D+00 0.9288562387264D+00 0.9400131274297D+00 0.9513001947776D+00
 0.9627188179108D+00 0.9742703830628D+00 0.9859562853794D+00 0.9977779287229D+00
 0.1009736725461D+01 0.1021834096243D+01 0.1034071469752D+01 0.1046450282451D+01
 0.1058971978302D+01 0.1071638008468D+01 0.1084449831000D+01 0.1097408910492D+01
 0.1110516717728D+01 0.1123774729291D+01 0.1137184427163D+01 0.1150747298283D+01
 0.1164464834091D+01 0.1178338530034D+01 0.1192369885054D+01 0.1206560401026D+01
 0.1220911582182D+01 0.1235424934490D+01 0.1250101964994D+01 0.1264944181122D+01
 0.1279953089950D+01 0.1295130197424D+01 0.1310477007534D+01 0.1325995021445D+01
 0.1341685736573D+01 0.1357550645613D+01 0.1373591235508D+01 0.1389808986362D+01
 0.1406205370287D+01 0.1422781850190D+01 0.1439539878488D+01 0.1456480895754D+01
 0.1473606329284D+01 0.1490917591582D+01 0.1508416078766D+01 0.1526103168882D+01
 0.1543980220120D+01 0.1562048568936D+01 0.1580309528069D+01 0.1598764384441D+01
 0.1617414396947D+01 0.1636260794122D+01 0.1655304771668D+01 0.1674547489860D+01
 0.1693990070788D+01 0.1713633595461D+01 0.1733479100743D+01 0.1753527576114D+01
 0.1773779960257D+01 0.1794237137449D+01 0.1814899933751D+01 0.1835769112986D+01
 0.1856845372484D+01 0.1878129338600D+01 0.1899621561962D+01 0.1921322512466D+01
 0.1943232573980D+01 0.1965352038742D+01 0.1987681101455D+01 0.2010219853023D+01
 0.2032968273953D+01 0.2055926227353D+01 0.2079093451549D+01 0.2102469552264D+01
 0.2126053994344D+01 0.2149846093008D+01 0.2173845004582D+01 0.2198049716699D+01
 0.2222459037914D+01 0.2247071586710D+01 0.2271885779854D+01 0.2296899820060D+01
 0.2322111682909D+01 0.2347519102993D+01 0.2373119559213D+01 0.2398910259192D+01
 0.2424888122733D+01 0.2451049764265D+01 0.2477391474202D+01 0.2503909199154D+01
 0.2530598520888D+01 0.2557454633982D+01 0.2584472322052D+01 0.2611645932472D+01
 0.2638969349467D+01 0.2666435965470D+01 0.2694038650601D+01 0.2721769720157D+01
 0.2749620899932D+01 0.2777583289221D+01 0.2805647321339D+01 0.2833802721433D+01
 0.2862038461406D+01 0.2890342711703D+01 0.2918702789714D+01 0.2947105104514D+01
 0.2975535097636D+01 0.3003977179550D+01 0.3032414661465D+01 0.3060829682074D+01
 0.3089203128763D+01 0.3117514552827D+01 0.3145742078116D+01 0.3173862302526D+01
 0.3201850191656D+01 0.3229678963884D+01 0.3257319966045D+01 0.3284742538761D+01
 0.3311913870420D+01 0.3338798838625D+01 0.3365359837835D+01 0.3391556591749D+01
 0.3417345948791D+01 0.3442681658889D+01 0.3467514129469D+01 0.3491790148239D+01
 0.3515452619817D+01
                                    0.0000000000000D+00
 1030 0.1338214391545D+00
 0.1129379916297D-11 0.1142431163327D-11 0.1155646076246D-11 0.1169026905661D-11
 0.1182602140413D-11 0.1196399927241D-11 0.1210422149835D-11 0.1224670826603D-11
 0.1239148062660D-11 0.1253855937924D-11 0.1268796842224D-11 0.1283973008217D-11
 0.1299386873588D-11 0.1315040864154D-11 0.1330937576646D-11 0.1347079580282D-11
 0.1363469554887D-11 0.1380110417238D-11 0.1397004886570D-11 0.1414155851324D-11
 0.1431566457373D-11 0.1449239648850D-11 0.1467178710643D-11 0.1485386704974D-11
 0.1503867068978D-11 0.1522623145816D-11 0.1541658403399D-11 0.1560976393153D-11
 0.1580580768782D-11 0.1600475189385D-11 0.1620663446040D-11 0.1641149389923D-11
 0.1661937036093D-11 0.1683030369112D-11 0.1704433506037D-11 0.1726150745678D-11
 0.1748186257219D-11 0.1770544524603D-11 0.1793229989647D-11 0.1816247173361D-11
 0.1839600775838D-11 0.1863295550187D-11 0.1887336317264D-11 0.1911727989041D-11
 0.1936475699260D-11 0.1961584426892D-11 0.1987059618240D-11 0.2012906438815D-11
 0.2039130384278D-11 0.2065736974690D-11 0.2092731945834D-11 0.2120121008158D-11
 0.2147910001884D-11 0.2176104956588D-11 0.2204711990051D-11 0.2233737245295D-11
 0.2263187096973D-11 0.2293068026891D-11 0.2323386563871D-11 0.2354149461886D-11
 0.2385363537638D-11 0.2417035669243D-11 0.2449173099455D-11 0.2481782849064D-11
 0.2514872586406D-11 0.2548449405511D-11 0.2582521262314D-11 0.2617095848705D-11
 0.2652181067511D-11 0.2687785056706D-11 0.2723916035901D-11 0.2760582356261D-11
 0.2797792640411D-11 0.2835555570843D-11 0.2873879962777D-11 0.2912774921660D-11
 0.2952249655358D-11 0.2992313556169D-11 0.3032976232675D-11 0.3074247460812D-11
 0.3116137118748D-11 0.3158655242950D-11 0.3201812372359D-11 0.3245618738993D-11
 0.3290085421431D-11 0.3335223073659D-11 0.3381043011000D-11 0.3427556409813D-11
 0.3474774902392D-11 0.3522710275574D-11 0.3571374692470D-11 0.3620780119800D-11
 0.3670939323273D-11 0.3721864855788D-11 0.3773569721110D-11 0.3826067210607D-11
 0.3879370571452D-11 0.3933493913709D-11 0.3988451002700D-11 0.4044256136159D-11
 0.4100923986402D-11 0.4158469255492D-11 0.4216907326253D-11 0.4276253305923D-11
 0.4336522984285D-11 0.4397732795472D-11 0.4459898703800D-11 0.4523037532345D-11
 0.4587166238087D-11 0.4652302333686D-11 0.4718463327486D-11 0.4785667305849D-11
 0.4853932802813D-11 0.4923278436025D-11 0.4993723481279D-11 0.5065287327721D-11
 0.5137990052297D-11 0.5211851960906D-11 0.5286893714890D-11 0.5363136482951D-11
 0.5440601814657D-11 0.5519311800343D-11 0.5599288858760D-11 0.5680555871352D-11
 0.5763136161052D-11 0.5847053706874D-11 0.5932332480801D-11 0.6018997966745D-11
 0.6107074804600D-11 0.6196589519174D-11 0.6287567812742D-11 0.6380037194524D-11
 0.6474024731227D-11 0.6569558561508D-11 0.6666667415083D-11 0.6765380329162D-11
 0.6865727186489D-11 0.6967738516788D-11 0.7071445362493D-11 0.7176879142684D-11
 0.7284072374670D-11 0.7393058160341D-11 0.7503870035478D-11 0.7616542840140D-11
 0.7731111144532D-11 0.7847611267156D-11 0.7966079601586D-11 0.8086553581071D-11
 0.8209071327973D-11 0.8333671951031D-11 0.8460395164589D-11 0.8589281432157D-11
 0.8720372604289D-11 0.8853710973498D-11 0.8989339581465D-11 0.9127302731180D-11
 0.9267645619679D-11 0.9410414560802D-11 0.9555656114991D-11 0.9703418580854D-11
 0.9853751077857D-11 0.1000670374900D-10 0.1016232784677D-10 0.1032067595441D-10
 0.1048180081655D-10 0.1064575760867D-10 0.1081260186244D-10 0.1098239077846D-10
 0.1115518233371D-10 0.1133103592842D-10 0.1151001245761D-10 0.1169217376889D-10
 0.1187758363100D-10 0.1206630635958D-10 0.1225840858267D-10 0.1245395768574D-10
 0.1265302280295D-10 0.1285567445700D-10 0.1306198510620D-10 0.1327202803665D-10
 0.1348587851734D-10 0.1370361402516D-10 0.1392531312453D-10 0.1415105573691D-10
 0.1438092447732D-10 0.1461500336190D-10 0.1485337813148D-10 0.1509613578103D-10
 0.1534336736648D-10 0.1559516328878D-10 0.1585161768009D-10 0.1611282650493D-10
 0.1637888708936D-10 0.1664990000459D-10 0.1692596708367D-10 0.1720719286621D-10
 0.1749368453867D-10 0.1778555073366D-10 0.1808290385890D-10 0.1838585739597D-10
 0.1869452874226D-10 0.1900903661864D-10 0.1932950306351D-10 0.1965605314650D-10
 0.1998881392499D-10 0.2032791621009D-10 0.2067349321427D-10 0.2102568088622D-10
 0.2138461917905D-10 0.2175045007266D-10 0.2212331957205D-10 0.2250337672880D-10
 0.2289077412788D-10 0.2328566675003D-10 0.2368821470190D-10 0.2409858090291D-10
 0.2451693186706D-10 0.2494343807110D-10 0.2537827359539D-10 0.2582161706818D-10
 0.2627365034675D-10 0.2673456043643D-10 0.2720453809516D-10 0.2768377778729D-10
 0.2817247963045D-10 0.2867084725090D-10 0.2917908995369D-10 0.2969742058478D-10
 0.3022605738931D-10 0.3076522503134D-10 0.3131515040373D-10 0.3187606874221D-10
 0.3244821792149D-10 0.3303184390250D-10 0.3362719512935D-10 0.3423452929625D-10
 0.3485410761883D-10 0.3548619736230D-10 0.3613107384169D-10 0.3678901633518D-10
 0.3746031336539D-10 0.3814525650644D-10 0.3884414666999D-10 0.3955729182323D-10
 0.4028500541096D-10 0.4102760957898D-10 0.4178543325913D-10 0.4255881295297D-10
 0.4334809296562D-10 0.4415362679453D-10 0.4497577414514D-10 0.4581490452699D-10
 0.4667139499461D-10 0.4754563349467D-10 0.4843801340871D-10 0.4934894116185D-10
 0.5027882991871D-10 0.5122810339231D-10 0.5219719475329D-10 0.5318654873636D-10
 0.5419661854225D-10 0.5522787047308D-10 0.5628077863416D-10 0.5735582972102D-10
 0.5845352249464D-10 0.5957436670053D-10 0.6071888271518D-10 0.6188760648762D-10
 0.6308108246675D-10 0.6429987125579D-10 0.6554454564957D-10 0.6681568996268D-10
 0.6811390440432D-10 0.6943980329850D-10 0.7079401412542D-10 0.7217718011356D-10
 0.7358996002643D-10 0.7503302577101D-10 0.7650706675833D-10 0.7801279150163D-10
 0.7955091943568D-10 0.8112219084121D-10 0.8272736273063D-10 0.8436720923156D-10
 0.8604252435827D-10 0.8775411879664D-10 0.8950282353886D-10 0.9128949053122D-10
 0.9311498944029D-10 0.9498021087851D-10 0.9688606832591D-10 0.9883349563037D-10
 0.1008234501432D-09 0.1028569080731D-09 0.1049348730388D-09 0.1070583709299D-09
 0.1092284541207D-09 0.1114461938809D-09 0.1137126916179D-09 0.1160290752458D-09
 0.1183965001728D-09 0.1208161445290D-09 0.1232892183928D-09 0.1258169608020D-09
 0.1284006372915D-09 0.1310415467932D-09 0.1337410171322D-09 0.1365004093494D-09
 0.1393211143597D-09 0.1422045592544D-09 0.1451522051629D-09 0.1481655438104D-09
 0.1512461073589D-09 0.1543954612507D-09 0.1576152088623D-09 0.1609069979465D-09
 0.1642725066853D-09 0.1677134553054D-09 0.1712316088306D-09 0.1748287734871D-09
 0.1785067965402D-09 0.1822675722545D-09 0.1861130351288D-09 0.1900451741198D-09
 0.1940660183675D-09 0.1981776508783D-09 0.2023822000258D-09 0.2066818469168D-09
 0.2110788274894D-09 0.2155754280788D-09 0.2201739913984D-09 0.2248769162317D-09
 0.2296866584715D-09 0.2346057307688D-09 0.2396367132518D-09 0.2447822415173D-09
 0.2500450141533D-09 0.2554277982360D-09 0.2609334229425D-09 0.2665647935859D-09
 0.2723248756029D-09 0.2782167134353D-09 0.2842434217270D-09 0.2904081849853D-09
 0.2967142725306D-09 0.3031650293148D-09 0.3097638783621D-09 0.3165143323398D-09
 0.3234199783201D-09 0.3304844971678D-09 0.3377116534592D-09 0.3451053087105D-09
 0.3526694127792D-09 0.3604080115992D-09 0.3683252532148D-09 0.3764253741740D-09
 0.3847127263331D-09 0.3931917556869D-09 0.4018670262258D-09 0.4107432066390D-09
 0.4198250731232D-09 0.4291175265518D-09 0.4386255799677D-09 0.4483543689809D-09
 0.4583091558469D-09 0.4684953256826D-09 0.4789184008210D-09 0.4895840282689D-09
 0.5004979909550D-09 0.5116662207885D-09 0.5230947903173D-09 0.5347899169595D-09
 0.5467579625674D-09 0.5590054557224D-09 0.5715390728606D-09 0.5843656587866D-09
 0.5974922166148D-09 0.6109259240317D-09 0.6246741295068D-09 0.6387443662306D-09
 0.6531443399783D-09 0.6678819516952D-09 0.6829652896965D-09 0.6984026385517D-09
 0.7142024763826D-09 0.7303735053337D-09 0.7469246244379D-09 0.7638649482117D-09
 0.7812038154015D-09 0.7989507938278D-09 0.8171156782346D-09 0.8357085050177D-09
 0.8547395502821D-09 0.8742193422278D-09 0.8941586617415D-09 0.9145685574339D-09
 0.9354603361363D-09 0.9568455934193D-09 0.9787361891310D-09 0.1001144287956D-08
 0.1024082331308D-08 0.1047563081052D-08 0.1071599594807D-08 0.1096205256328D-08
 0.1121393774087D-08 0.1147179182988D-08 0.1173575866525D-08 0.1200598555999D-08
 0.1228262329555D-08 0.1256582647631D-08 0.1285575339984D-08 0.1315256624769D-08
 0.1345643099339D-08 0.1376751785602D-08 0.1408600111810D-08 0.1441205915006D-08
 0.1474587489397D-08 0.1508763558488D-08 0.1543753311992D-08 0.1579576394614D-08
 0.1616252941759D-08 0.1653803568175D-08 0.1692249390094D-08 0.1731612050055D-08
 0.1771913707578D-08 0.1813177055608D-08 0.1855425358128D-08 0.1898682419390D-08
 0.1942972651983D-08 0.1988321041124D-08 0.2034753189944D-08 0.2082295326430D-08
 0.2130974310335D-08 0.2180817651532D-08 0.2231853554142D-08 0.2284110883948D-08
 0.2337619220029D-08 0.2392408856304D-08 0.2448510837705D-08 0.2505956951217D-08
 0.2564779766932D-08 0.2625012645110D-08 0.2686689758118D-08 0.2749846121779D-08
 0.2814517584085D-08 0.2880740889968D-08 0.2948553662669D-08 0.3017994456327D-08
 0.3089102756051D-08 0.3161919005591D-08 0.3236484655167D-08 0.3312842139631D-08
 0.3391034945385D-08 0.3471107616859D-08 0.3553105773938D-08 0.3637076173363D-08
 0.3723066692929D-08 0.3811126383789D-08 0.3901305481153D-08 0.3993655463687D-08
 0.4088229076526D-08 0.4185080322019D-08 0.4284264524022D-08 0.4385838381488D-08
 0.4489859956304D-08 0.4596388739440D-08 0.4705485652756D-08 0.4817213136943D-08
 0.4931635138152D-08 0.5048817153210D-08 0.5168826281629D-08 0.5291731308532D-08
 0.5417602614122D-08 0.5546512378982D-08 0.5678534480519D-08 0.5813744647653D-08
 0.5952220437454D-08 0.6094041300458D-08 0.6239288618337D-08 0.6388045795919D-08
 0.6540398248135D-08 0.6696433463886D-08 0.6856241099090D-08 0.7019912982840D-08
 0.7187543190104D-08 0.7359228097951D-08 0.7535066442584D-08 0.7715159351799D-08
 0.7899610449435D-08 0.8088525878609D-08 0.8282014356218D-08 0.8480187324597D-08
 0.8683158842377D-08 0.8891045869898D-08 0.9103968151082D-08 0.9322048364647D-08
 0.9545412228855D-08 0.9774188485869D-08 0.1000850905182D-07 0.1024850906596D-07
 0.1049432696876D-07 0.1074610456628D-07 0.1100398718439D-07 0.1126812365039D-07
 0.1153866642654D-07 0.1181577176448D-07 0.1209959966758D-07 0.1239031409045D-07
 0.1268808298162D-07 0.1299307841493D-07 0.1330547666656D-07 0.1362545830195D-07
 0.1395320833653D-07 0.1428891628244D-07 0.1463277629046D-07 0.1498498729899D-07
 0.1534575306663D-07 0.1571528237181D-07 0.1609378905680D-07 0.1648149223562D-07
 0.1687861639905D-07 0.1728539146211D-07 0.1770205302056D-07 0.1812884242033D-07
 0.1856600693157D-07 0.1901379984568D-07 0.1947248064874D-07 0.1994231524394D-07
 0.2042357595047D-07 0.2091654179764D-07 0.2142149867635D-07 0.2193873942840D-07
 0.2246856403987D-07 0.2301127993557D-07 0.2356720199594D-07 0.2413665279905D-07
 0.2471996290681D-07 0.2531747084551D-07 0.2592952353444D-07 0.2655647636232D-07
 0.2719869339182D-07 0.2785654767127D-07 0.2853042127594D-07 0.2922070572712D-07
 0.2992780211981D-07 0.3065212133531D-07 0.3139408433029D-07 0.3215412244141D-07
 0.3293267752163D-07 0.3373020215398D-07 0.3454716021150D-07 0.3538402675478D-07
 0.3624128858781D-07 0.3711944435247D-07 0.3801900504301D-07 0.3894049402895D-07
 0.3988444763177D-07 0.4085141518971D-07 0.4184195964920D-07 0.4285665761476D-07
 0.4389609993992D-07 0.4496089185913D-07 0.4605165355606D-07 0.4716902031457D-07
 0.4831364302430D-07 0.4948618864242D-07 0.5068734031619D-07 0.5191779801542D-07
 0.5317827884234D-07 0.5446951759972D-07 0.5579226692943D-07 0.5714729814963D-07
 0.5853540129359D-07 0.5995738592267D-07 0.6141408134176D-07 0.6290633731727D-07
 0.6443502436484D-07 0.6600103445584D-07 0.6760528133140D-07 0.6924870127964D-07
 0.7093225347222D-07 0.7265692068020D-07 0.7442370977943D-07 0.7623365236417D-07
 0.7808780537289D-07 0.7998725162617D-07 0.8193310059411D-07 0.8392648898723D-07
 0.8596858143325D-07 0.8806057115026D-07 0.9020368063280D-07 0.9239916247061D-07
 0.9464829998351D-07 0.9695240801152D-07 0.9931283374728D-07 0.1017309574591D-06
 0.1042081933559D-06 0.1067459904049D-06 0.1093458330688D-06 0.1120092425048D-06
 0.1147377771009D-06 0.1175330337763D-06 0.1203966484488D-06 0.1233302974677D-06
 0.1263356983373D-06 0.1294146108301D-06 0.1325688379784D-06 0.1358002273138D-06
 0.1391106716475D-06 0.1425021104790D-06 0.1459765310461D-06 0.1495359694890D-06
 0.1531825120873D-06 0.1569182965259D-06 0.1607455131468D-06 0.1646664061392D-06
 0.1686832751524D-06 0.1727984762850D-06 0.1770144239149D-06 0.1813335917757D-06
 0.1857585146313D-06 0.1902917898738D-06 0.1949360787118D-06 0.1996941081308D-06
 0.2045686723804D-06 0.2095626346798D-06 0.2146789287743D-06 0.2199205610131D-06
 0.2252906117997D-06 0.2307922376775D-06 0.2364286731564D-06 0.2422032326691D-06
 0.2481193124777D-06 0.2541803927552D-06 0.2603900398364D-06 0.2667519080367D-06
 0.2732697422203D-06 0.2799473798632D-06 0.2867887532987D-06 0.2937978921832D-06
 0.3009789260590D-06 0.3083360865461D-06 0.3158737102233D-06 0.3235962410076D-06
 0.3315082329660D-06 0.3396143530771D-06 0.3479193841445D-06 0.3564282273355D-06
 0.3651459055517D-06 0.3740775665203D-06 0.3832284854348D-06 0.3926040689524D-06
 0.4022098575934D-06 0.4120515298130D-06 0.4221349051332D-06 0.4324659480731D-06
 0.4430507710728D-06 0.4538956389911D-06 0.4650069727146D-06 0.4763913529885D-06
 0.4880555245177D-06 0.5000063999454D-06 0.5122510646915D-06 0.5247967806466D-06
 0.5376509911753D-06 0.5508213252512D-06 0.5643156026393D-06 0.5781418385890D-06
 0.5923082486254D-06 0.6068232538575D-06 0.6216954862567D-06 0.6369337939382D-06
 0.6525472468066D-06 0.6685451420665D-06 0.6849370100515D-06 0.7017326205808D-06
 0.7189419885944D-06 0.7365753809369D-06 0.7546433222856D-06 0.7731566023306D-06
 0.7921262822494D-06 0.8115637021538D-06 0.8314804877937D-06 0.8518885582058D-06
 0.8728001334053D-06 0.8942277418552D-06 0.9161842292511D-06 0.9386827655495D-06
 0.9617368547974D-06 0.9853603428121D-06 0.1009567426578D-05 0.1034372663427D-05
 0.1059790980282D-05 0.1085837683755D-05 0.1112528469797D-05 0.1139879433860D-05
 0.1167907081742D-05 0.1196628340634D-05 0.1226060569547D-05 0.1256221571110D-05
 0.1287129604106D-05 0.1318803394191D-05 0.1351262147442D-05 0.1384525562978D-05
 0.1418613845648D-05 0.1453547720159D-05 0.1489348444999D-05 0.1526037826526D-05
 0.1563638233918D-05 0.1602172614033D-05 0.1641664508160D-05 0.1682138066530D-05
 0.1723618066227D-05 0.1766129927874D-05 0.1809699732558D-05 0.1854354240996D-05
 0.1900120911470D-05 0.1947027919830D-05 0.1995104177872D-05 0.2044379354875D-05
 0.2094883898311D-05 0.2146649055474D-05 0.2199706896152D-05 0.2254090334071D-05
 0.2309833152766D-05 0.2366970028244D-05 0.2425536555181D-05 0.2485569272412D-05
 0.2547105689632D-05 0.2610184315532D-05 0.2674844684822D-05 0.2741127389909D-05
 0.2809074109309D-05 0.2878727639581D-05 0.2950131927430D-05 0.3023332102683D-05
 0.3098374513796D-05 0.3175306762261D-05 0.3254177739704D-05 0.3335037665008D-05
 0.3417938124601D-05 0.3502932111767D-05 0.3590074069183D-05 0.3679419931253D-05
 0.3771027168900D-05 0.3864954836114D-05 0.3961263616794D-05 0.4060015874085D-05
 0.4161275701851D-05 0.4265108976398D-05 0.4371583412108D-05 0.4480768615984D-05
 0.4592736147654D-05 0.4707559579265D-05 0.4825314557106D-05 0.4946078866013D-05
 0.5069932498448D-05 0.5196957721335D-05 0.5327239149725D-05 0.5460863818881D-05
 0.5597921263923D-05 0.5738503597923D-05 0.5882705595393D-05 0.6030624777293D-05
 0.6182361501209D-05 0.6338019052895D-05 0.6497703741541D-05 0.6661524998853D-05
 0.6829595484180D-05 0.7002031189076D-05 0.7178951549070D-05 0.7360479559206D-05
 0.7546741892273D-05 0.7737869025899D-05 0.7933995367968D-05 0.8135259393430D-05
 0.8341803782113D-05 0.8553775565646D-05 0.8771326274948D-05 0.8994612098411D-05
 0.9223794045612D-05 0.9459038115781D-05 0.9700515471761D-05 0.9948402628879D-05
 0.1020288164020D-04 0.1046414029733D-04 0.1073237233907D-04 0.1100777766349D-04
 0.1129056255520D-04 0.1158093991726D-04 0.1187912951584D-04 0.1218535823362D-04
 0.1249986033591D-04 0.1282287774380D-04 0.1315466032525D-04 0.1349546619390D-04
 0.1384556202233D-04 0.1420522336984D-04 0.1457473502253D-04 0.1495439135102D-04
 0.1534449668265D-04 0.1574536568901D-04 0.1615732379230D-04 0.1658070759169D-04
 0.1701586530260D-04 0.1746315722599D-04 0.1792295622800D-04 0.1839564824864D-04
 0.1888163283312D-04 0.1938132368663D-04 0.1989514925291D-04 0.2042355332387D-04
 0.2096699567715D-04 0.2152595273685D-04 0.2210091827977D-04 0.2269240415972D-04
 0.2330094107524D-04 0.2392707937758D-04 0.2457138990512D-04 0.2523446487089D-04
 0.2591691878889D-04 0.2661938944130D-04 0.2734253890497D-04 0.2808705461100D-04
 0.2885365047963D-04 0.2964306808939D-04 0.3045607792244D-04 0.3129348066082D-04
 0.3215610855911D-04 0.3304482687494D-04 0.3396053538507D-04 0.3490416997285D-04
 0.3587670429505D-04 0.3687915154564D-04 0.3791256630056D-04 0.3897804646547D-04
 0.4007673532906D-04 0.4120982371496D-04 0.4237855226052D-04 0.4358421381033D-04
 0.4482815593805D-04 0.4611178361106D-04 0.4743656199438D-04 0.4880401940946D-04
 0.5021575045405D-04 0.5167341929899D-04 0.5317876316412D-04 0.5473359598347D-04
 0.5633981229055D-04 0.5799939130485D-04 0.5971440126170D-04 0.6148700398348D-04
 0.6331945971398D-04 0.6521413222828D-04 0.6717349424327D-04 0.6920013313385D-04
 0.7129675699278D-04 0.7346620103785D-04 0.7571143439925D-04 0.7803556731246D-04
 0.8044185873909D-04 0.8293372443810D-04 0.8551474552865D-04 0.8818867757330D-04
 0.9095946021328D-04 0.9383122738108D-04 0.9680831816217D-04 0.9989528831274D-04
 0.1030969225015D-03 0.1064182473069D-03 0.1098645450482D-03 0.1134413684748D-03
 0.1171545563938D-03 0.1210102503018D-03 0.1250149120761D-03 0.1291753428176D-03
 0.1334987029063D-03 0.1379925333817D-03 0.1426647787168D-03 0.1475238110951D-03
 0.1525784563094D-03 0.1578380213887D-03 0.1633123240666D-03 0.1690117242694D-03
 0.1749471577098D-03 0.1811301718057D-03 0.1875729640580D-03 0.1942884230662D-03
 0.2012901724296D-03 0.2085926176804D-03 0.2162109965599D-03 0.2241614328133D-03
 0.2324609938388D-03 0.2411277524676D-03 0.2501808531718D-03 0.2596405830946D-03
 0.2695284482479D-03 0.2798672552930D-03 0.2906811993659D-03 0.3019959584241D-03
 0.3138387946201D-03 0.3262386633206D-03 0.3392263303396D-03 0.3528344981071D-03
 0.3670979414900D-03 0.3820536540653D-03 0.3977410057306D-03 0.4142019126094D-03
 0.4314810202691D-03 0.4496259014233D-03 0.4686872693184D-03 0.4887192081891D-03
 0.5097794222598D-03 0.5319295048726D-03 0.5552352295752D-03 0.5797668650570D-03
 0.6055995160557D-03 0.6328134925954D-03 0.6614947100760D-03 0.6917351229817D-03
 0.7236331953510D-03 0.7572944112848D-03 0.7928318292548D-03 0.8303666842355D-03
 0.8700290421444D-03 0.9119585115180D-03 0.9563050177706D-03 0.1003229646105D-02
 0.1052905559501D-02 0.1105518999165D-02 0.1161270375294D-02 0.1220375457077D-02
 0.1283066671584D-02 0.1349594522368D-02 0.1420229139631D-02 0.1495261975115D-02
 0.1575007656313D-02 0.1659806016103D-02 0.1750024315694D-02 0.1846059680707D-02
 0.1948341772381D-02 0.2057335718335D-02 0.2173545329986D-02 0.2297516636786D-02
 0.2429841770796D-02 0.2571163238901D-02 0.2722178624197D-02 0.2883645762852D-02
 0.3056388447998D-02 0.3241302718221D-02 0.3439363794862D-02 0.3651633739878D-02
 0.3879269914386D-02 0.4123534327580D-02 0.4385803976227D-02 0.4667582287081D-02
 0.4970511787936D-02 0.5296388148325D-02 0.5647175747978D-02 0.6025024950482D-02
 0.6432291281453D-02 0.6871556735141D-02 0.7345653461196D-02 0.7857690115015D-02
 0.8411081190355D-02 0.9009579693602D-02 0.9657313564485D-02 0.1035882629991D-01
 0.1111912229617D-01 0.1194371749146D-01 0.1283869596614D-01 0.1381077324399D-01
 0.1486736713525D-01 0.1601667707312D-01 0.1726777302155D-01 0.1863069517562D-01
 0.2011656583942D-01 0.2173771505239D-01 0.2350782174765D-01 0.2544207246747D-01
 0.2755733993772D-01 0.2987238411806D-01 0.3240807870429D-01 0.3518766647121D-01
 0.3823704731341D-01 0.4158510337839D-01 0.4526406630178D-01 0.4930993225481D-01
 0.5376293132020D-01 0.5866805863018D-01 0.6407567575522D-01 0.7004219203558D-01
 0.7663083692835D-01 0.8391253602340D-01 0.9196690518807D-01 0.1008833793751D+00
 0.1107624949949D+00 0.1217173474689D+00 0.1338752486884D+00 0.1473796189283D+00
 0.1623921155643D+00 0.1788558892280D+00 0.1966625504855D+00 0.2159183726629D+00
 0.2367393651215D+00 0.2592522331981D+00 0.2835954393965D+00 0.3099203767944D+00
 0.3383926668477D+00 0.3691935951214D+00 0.4025216999769D+00 0.4385945309159D+00
 0.4776505951262D+00 0.5199515128431D+00 0.5657844044206D+00 0.6154645345542D+00
 0.6693382419203D+00 0.7277861856363D+00 0.7912269434411D+00 0.8601210003648D+00
 0.9349751709685D+00 0.1016347503031D+01 0.1104852715849D+01 0.1201168232279D+01
 0.1306040870132D+01 0.1420294265936D+01 0.1544837112052D+01 0.1680672297242D+01
 0.1828907050700D+01 0.1990764200701D+01
    0    0
