 nspin  vdif :::::: Potentials for non-spin-polarized non-relativistic Va.      
    1   0.0000000000000D+00
 LSMS:           Va     z=  0.    xvalws=   0.13485
   0.                      2.65165   0. 0.2551193007259D+00
                 -0.1113096740000D+02 0.9751822497023D+00 1001 1030
 0.2113743986451D-04 0.2140615500563D-04 0.2167822822318D-04 0.2195370102486D-04
 0.2223259532167D-04 0.2251493420965D-04 0.2280076144891D-04 0.2309012132498D-04
 0.2338305861293D-04 0.2367961858269D-04 0.2397984704858D-04 0.2428379034999D-04
 0.2459149534357D-04 0.2490300941558D-04 0.2521838056518D-04 0.2553765727918D-04
 0.2586088863065D-04 0.2618812426680D-04 0.2651941444483D-04 0.2685480996969D-04
 0.2719436227023D-04 0.2753812336390D-04 0.2788614588431D-04 0.2823848309472D-04
 0.2859518888720D-04 0.2895631780463D-04 0.2932192499247D-04 0.2969206630192D-04
 0.3006679823950D-04 0.3044617796852D-04 0.3083026334035D-04 0.3121911289600D-04
 0.3161278587612D-04 0.3201134223794D-04 0.3241484267570D-04 0.3282334854750D-04
 0.3323692200757D-04 0.3365562597780D-04 0.3407952402877D-04 0.3450868061855D-04
 0.3494316088711D-04 0.3538303084275D-04 0.3582835721063D-04 0.3627920757510D-04
 0.3673565030499D-04 0.3719775462731D-04 0.3766559055264D-04 0.3813922900745D-04
 0.3861874170670D-04 0.3910420129068D-04 0.3959568121861D-04 0.4009325591423D-04
 0.4059700063401D-04 0.4110699158057D-04 0.4162330586815D-04 0.4214602154706D-04
 0.4267521763816D-04 0.4321097407733D-04 0.4375337179355D-04 0.4430249271433D-04
 0.4485841972118D-04 0.4542123674467D-04 0.4599102868161D-04 0.4656788150015D-04
 0.4715188223943D-04 0.4774311893008D-04 0.4834168069992D-04 0.4894765775440D-04
 0.4956114143354D-04 0.5018222414034D-04 0.5081099939489D-04 0.5144756189852D-04
 0.5209200747823D-04 0.5274443311601D-04 0.5340493700948D-04 0.5407361850227D-04
 0.5475057815753D-04 0.5543591781575D-04 0.5612974048754D-04 0.5683215047023D-04
 0.5754325330523D-04 0.5826315584492D-04 0.5899196623506D-04 0.5972979392476D-04
 0.6047674970549D-04 0.6123294570328D-04 0.6199849543163D-04 0.6277351376267D-04
 0.6355811696236D-04 0.6435242273515D-04 0.6515655020992D-04 0.6597061994848D-04
 0.6679475398995D-04 0.6762907585251D-04 0.6847371057356D-04 0.6932878469269D-04
 0.7019442631510D-04 0.7107076506070D-04 0.7195793215742D-04 0.7285606040556D-04
 0.7376528427538D-04 0.7468573982242D-04 0.7561756474697D-04 0.7656089846408D-04
 0.7751588206809D-04 0.7848265838838D-04 0.7946137192791D-04 0.8045216903238D-04
 0.8145519776359D-04 0.8247060802170D-04 0.8349855150301D-04 0.8453918174804D-04
 0.8559265421206D-04 0.8665912617559D-04 0.8773875685742D-04 0.8883170744683D-04
 0.8993814103288D-04 0.9105822275184D-04 0.9219211968890D-04 0.9334000096542D-04
 0.9450203783565D-04 0.9567840354404D-04 0.9686927347134D-04 0.9807482515582D-04
 0.9929523825861D-04 0.1005306946258D-03 0.1017813783824D-03 0.1030474757859D-03
 0.1043291754019D-03 0.1056266681504D-03 0.1069401471827D-03 0.1082698080293D-03
 0.1096158486456D-03 0.1109784692772D-03 0.1123578727529D-03 0.1137542641857D-03
 0.1151678513963D-03 0.1165988445174D-03 0.1180474564301D-03 0.1195139024269D-03
 0.1209984005640D-03 0.1225011714227D-03 0.1240224383713D-03 0.1255624274251D-03
 0.1271213673918D-03 0.1286994897646D-03 0.1302970289969D-03 0.1319142222697D-03
 0.1335513097071D-03 0.1352085342745D-03 0.1368861420359D-03 0.1385843818956D-03
 0.1403035058829D-03 0.1420437689853D-03 0.1438054294066D-03 0.1455887484152D-03
 0.1473939904621D-03 0.1492214232426D-03 0.1510713176326D-03 0.1529439479209D-03
 0.1548395915841D-03 0.1567585295722D-03 0.1587010461978D-03 0.1606674292654D-03
 0.1626579700296D-03 0.1646729633475D-03 0.1667127076000D-03 0.1687775047914D-03
 0.1708676606669D-03 0.1729834845842D-03 0.1751252897243D-03 0.1772933930845D-03
 0.1794881154401D-03 0.1817097815201D-03 0.1839587200008D-03 0.1862352635507D-03
 0.1885397488746D-03 0.1908725166850D-03 0.1932339119690D-03 0.1956242837963D-03
 0.1980439855905D-03 0.2004933749718D-03 0.2029728139226D-03 0.2054826688243D-03
 0.2080233105420D-03 0.2105951144084D-03 0.2131984603510D-03 0.2158337328721D-03
 0.2185013211446D-03 0.2212016191142D-03 0.2239350255125D-03 0.2267019438348D-03
 0.2295027826154D-03 0.2323379552290D-03 0.2352078800395D-03 0.2381129807030D-03
 0.2410536858049D-03 0.2440304292052D-03 0.2470436501276D-03 0.2500937930220D-03
 0.2531813077191D-03 0.2563066496304D-03 0.2594702796489D-03 0.2626726642393D-03
 0.2659142755505D-03 0.2691955914382D-03 0.2725170956260D-03 0.2758792777389D-03
 0.2792826332291D-03 0.2827276636889D-03 0.2862148767670D-03 0.2897447861571D-03
 0.2933179120737D-03 0.2969347807540D-03 0.3005959250750D-03 0.3043018842973D-03
 0.3080532041029D-03 0.3118504370109D-03 0.3156941421548D-03 0.3195848855145D-03
 0.3235232398533D-03 0.3275097849943D-03 0.3315451077667D-03 0.3356298021762D-03
 0.3397644693290D-03 0.3439497178319D-03 0.3481861635195D-03 0.3524744297535D-03
 0.3568151475870D-03 0.3612089555255D-03 0.3656565000801D-03 0.3701584354520D-03
 0.3747154239256D-03 0.3793281356601D-03 0.3839972491663D-03 0.3887234510607D-03
 0.3935074363582D-03 0.3983499085236D-03 0.4032515796465D-03 0.4082131703062D-03
 0.4132354100035D-03 0.4183190370711D-03 0.4234647987873D-03 0.4286734515103D-03
 0.4339457608845D-03 0.4392825017008D-03 0.4446844584135D-03 0.4501524247707D-03
 0.4556872043877D-03 0.4612896104979D-03 0.4669604662744D-03 0.4727006049138D-03
 0.4785108698466D-03 0.4843921145648D-03 0.4903452030963D-03 0.4963710099273D-03
 0.5024704201801D-03 0.5086443297312D-03 0.5148936454308D-03 0.5212192850425D-03
 0.5276221776239D-03 0.5341032635002D-03 0.5406634943438D-03 0.5473038335076D-03
 0.5540252560729D-03 0.5608287489146D-03 0.5677153109563D-03 0.5746859533353D-03
 0.5817416993930D-03 0.5888835849478D-03 0.5961126584722D-03 0.6034299812087D-03
 0.6108366271877D-03 0.6183336837076D-03 0.6259222510658D-03 0.6336034432230D-03
 0.6413783874779D-03 0.6492482248876D-03 0.6572141105912D-03 0.6652772135037D-03
 0.6734387169368D-03 0.6816998186111D-03 0.6900617306890D-03 0.6985256802890D-03
 0.7070929093606D-03 0.7157646749196D-03 0.7245422494102D-03 0.7334269206347D-03
 0.7424199921927D-03 0.7515227835605D-03 0.7607366299741D-03 0.7700628834513D-03
 0.7795029120986D-03 0.7890581006850D-03 0.7987298509694D-03 0.8085195817757D-03
 0.8184287292378D-03 0.8284587467332D-03 0.8386111056003D-03 0.8488872949602D-03
 0.8592888221144D-03 0.8698172126097D-03 0.8804740109029D-03 0.8912607797934D-03
 0.9021791014226D-03 0.9132305771334D-03 0.9244168276803D-03 0.9357394936242D-03
 0.9472002355841D-03 0.9588007341925D-03 0.9705426907892D-03 0.9824278273198D-03
 0.9944578865739D-03 0.1006634632802D-02 0.1018959851560D-02 0.1031435350189D-02
 0.1044062958166D-02 0.1056844527079D-02 0.1069781931181D-02 0.1082877067472D-02
 0.1096131856101D-02 0.1109548240506D-02 0.1123128188004D-02 0.1136873689704D-02
 0.1150786760992D-02 0.1164869441891D-02 0.1179123796967D-02 0.1193551916390D-02
 0.1208155915494D-02 0.1222937935416D-02 0.1237900143387D-02 0.1253044733039D-02
 0.1268373924741D-02 0.1283889965924D-02 0.1299595131245D-02 0.1315491723298D-02
 0.1331582072563D-02 0.1347868537904D-02 0.1364353506983D-02 0.1381039396527D-02
 0.1397928652660D-02 0.1415023751384D-02 0.1432327198741D-02 0.1449841531341D-02
 0.1467569316844D-02 0.1485513153958D-02 0.1503675673132D-02 0.1522059536852D-02
 0.1540667440113D-02 0.1559502110592D-02 0.1578566309374D-02 0.1597862830938D-02
 0.1617394503892D-02 0.1637164191575D-02 0.1657174791681D-02 0.1677429237738D-02
 0.1697930498565D-02 0.1718681579474D-02 0.1739685522062D-02 0.1760945405307D-02
 0.1782464345443D-02 0.1804245496879D-02 0.1826292052078D-02 0.1848607243040D-02
 0.1871194340324D-02 0.1894056654899D-02 0.1917197537932D-02 0.1940620381396D-02
 0.1964328618420D-02 0.1988325724162D-02 0.2012615216084D-02 0.2037200654441D-02
 0.2062085642776D-02 0.2087273828775D-02 0.2112768904209D-02 0.2138574606158D-02
 0.2164694716949D-02 0.2191133065116D-02 0.2217893525892D-02 0.2244980021603D-02
 0.2272396522340D-02 0.2300147046667D-02 0.2328235661944D-02 0.2356666485215D-02
 0.2385443683510D-02 0.2414571474829D-02 0.2444054128501D-02 0.2473895965656D-02
 0.2504101360311D-02 0.2534674739488D-02 0.2565620584532D-02 0.2596943431011D-02
 0.2628647869922D-02 0.2660738548042D-02 0.2693220169002D-02 0.2726097493354D-02
 0.2759375340036D-02 0.2793058586267D-02 0.2827152169249D-02 0.2861661085695D-02
 0.2896590393531D-02 0.2931945212324D-02 0.2967730723789D-02 0.3003952172856D-02
 0.3040614868444D-02 0.3077724184008D-02 0.3115285558523D-02 0.3153304497113D-02
 0.3191786572184D-02 0.3230737423712D-02 0.3270162760515D-02 0.3310068361020D-02
 0.3350460074073D-02 0.3391343819549D-02 0.3432725589521D-02 0.3474611449104D-02
 0.3517007537438D-02 0.3559920067990D-02 0.3603355330340D-02 0.3647319690464D-02
 0.3691819591909D-02 0.3736861556806D-02 0.3782452186641D-02 0.3828598163249D-02
 0.3875306250107D-02 0.3922583292696D-02 0.3970436220271D-02 0.4018872046027D-02
 0.4067897869110D-02 0.4117520874806D-02 0.4167748335925D-02 0.4218587613867D-02
 0.4270046159903D-02 0.4322131515878D-02 0.4374851315472D-02 0.4428213285526D-02
 0.4482225246768D-02 0.4536895115403D-02 0.4592230903846D-02 0.4648240722205D-02
 0.4704932779455D-02 0.4762315384521D-02 0.4820396947389D-02 0.4879185980624D-02
 0.4938691100360D-02 0.4998921027852D-02 0.5059884590390D-02 0.5121590722939D-02
 0.5184048469306D-02 0.5247266983182D-02 0.5311255530117D-02 0.5376023488190D-02
 0.5441580349960D-02 0.5507935723494D-02 0.5575099333787D-02 0.5643081024491D-02
 0.5711890759082D-02 0.5781538622299D-02 0.5852034821840D-02 0.5923389689568D-02
 0.5995613683346D-02 0.6068717388396D-02 0.6142711518823D-02 0.6217606919164D-02
 0.6293414566167D-02 0.6370145570228D-02 0.6447811177017D-02 0.6526422769268D-02
 0.6605991868288D-02 0.6686530135722D-02 0.6768049375354D-02 0.6850561534429D-02
 0.6934078706075D-02 0.7018613130682D-02 0.7104177197352D-02 0.7190783446431D-02
 0.7278444570948D-02 0.7367173418485D-02 0.7456982993120D-02 0.7547886457209D-02
 0.7639897133623D-02 0.7733028507291D-02 0.7827294227549D-02 0.7922708109949D-02
 0.8019284138300D-02 0.8117036466629D-02 0.8215979421486D-02 0.8316127503863D-02
 0.8417495391410D-02 0.8520097940466D-02 0.8623950188342D-02 0.8729067355568D-02
 0.8835464847936D-02 0.8943158258854D-02 0.9052163371851D-02 0.9162496162691D-02
 0.9274172801295D-02 0.9387209655001D-02 0.9501623290329D-02 0.9617430475495D-02
 0.9734648183067D-02 0.9853293592220D-02 0.9973384091413D-02 0.1009493728087D-01
 0.1021797097527D-01 0.1034250320612D-01 0.1046855222456D-01 0.1059613650412D-01
 0.1072527474328D-01 0.1085598586820D-01 0.1098828903553D-01 0.1112220363536D-01
 0.1125774929389D-01 0.1139494587626D-01 0.1153381348969D-01 0.1167437248613D-01
 0.1181664346557D-01 0.1196064727881D-01 0.1210640503045D-01 0.1225393808245D-01
 0.1240326805672D-01 0.1255441683842D-01 0.1270740657954D-01 0.1286225970162D-01
 0.1301899889930D-01 0.1317764714369D-01 0.1333822768576D-01 0.1350076405929D-01
 0.1366528008505D-01 0.1383179987387D-01 0.1400034783007D-01 0.1417094865511D-01
 0.1434362735166D-01 0.1451840922648D-01 0.1469531989484D-01 0.1487438528379D-01
 0.1505563163616D-01 0.1523908551444D-01 0.1542477380462D-01 0.1561272372011D-01
 0.1580296280565D-01 0.1599551894153D-01 0.1619042034756D-01 0.1638769558729D-01
 0.1658737357196D-01 0.1678948356516D-01 0.1699405518647D-01 0.1720111841657D-01
 0.1741070360119D-01 0.1762284145535D-01 0.1783756306843D-01 0.1805489990821D-01
 0.1827488382599D-01 0.1849754706046D-01 0.1872292224338D-01 0.1895104240362D-01
 0.1918194097248D-01 0.1941565178828D-01 0.1965220910136D-01 0.1989164757922D-01
 0.2013400231133D-01 0.2037930881514D-01 0.2062760303972D-01 0.2087892137249D-01
 0.2113330064377D-01 0.2139077813244D-01 0.2165139157140D-01 0.2191517915297D-01
 0.2218217953450D-01 0.2245243184427D-01 0.2272597568666D-01 0.2300285114876D-01
 0.2328309880544D-01 0.2356675972593D-01 0.2385387547941D-01 0.2414448814126D-01
 0.2443864029919D-01 0.2473637505953D-01 0.2503773605353D-01 0.2534276744357D-01
 0.2565151392992D-01 0.2596402075708D-01 0.2628033372048D-01 0.2660049917316D-01
 0.2692456403241D-01 0.2725257578729D-01 0.2758458250442D-01 0.2792063283589D-01
 0.2826077602655D-01 0.2860506192047D-01 0.2895354096871D-01 0.2930626423637D-01
 0.2966328341072D-01 0.3002465080784D-01 0.3039041938125D-01 0.3076064272876D-01
 0.3113537510107D-01 0.3151467140922D-01 0.3189858723270D-01 0.3228717882761D-01
 0.3268050313541D-01 0.3307861779016D-01 0.3348158112793D-01 0.3388945219476D-01
 0.3430229075576D-01 0.3472015730343D-01 0.3514311306667D-01 0.3557122001985D-01
 0.3600454089168D-01 0.3644313917459D-01 0.3688707913381D-01 0.3733642581686D-01
 0.3779124506300D-01 0.3825160351305D-01 0.3871756861894D-01 0.3918920865363D-01
 0.3966659272097D-01 0.4014979076624D-01 0.4063887358571D-01 0.4113391283750D-01
 0.4163498105198D-01 0.4214215164198D-01 0.4265549891417D-01 0.4317509807919D-01
 0.4370102526338D-01 0.4423335751938D-01 0.4477217283743D-01 0.4531755015707D-01
 0.4586956937827D-01 0.4642831137351D-01 0.4699385799919D-01 0.4756629210792D-01
 0.4814569756042D-01 0.4873215923773D-01 0.4932576305387D-01 0.4992659596823D-01
 0.5053474599792D-01 0.5115030223118D-01 0.5177335483996D-01 0.5240399509364D-01
 0.5304231537143D-01 0.5368840917666D-01 0.5434237115016D-01 0.5500429708387D-01
 0.5567428393508D-01 0.5635242984039D-01 0.5703883413012D-01 0.5773359734276D-01
 0.5843682123961D-01 0.5914860881964D-01 0.5986906433452D-01 0.6059829330366D-01
 0.6133640252977D-01 0.6208350011425D-01 0.6283969547305D-01 0.6360509935264D-01
 0.6437982384599D-01 0.6516398240895D-01 0.6595768987690D-01 0.6676106248114D-01
 0.6757421786615D-01 0.6839727510631D-01 0.6923035472376D-01 0.7007357870533D-01
 0.7092707052095D-01 0.7179095514059D-01 0.7266535905367D-01 0.7355041028639D-01
 0.7444623842085D-01 0.7535297461380D-01 0.7627075161558D-01 0.7719970378943D-01
 0.7813996713109D-01 0.7909167928840D-01 0.8005497958130D-01 0.8103000902210D-01
 0.8201691033580D-01 0.8301582798077D-01 0.8402690817003D-01 0.8505029889188D-01
 0.8608614993177D-01 0.8713461289374D-01 0.8819584122242D-01 0.8926999022538D-01
 0.9035721709532D-01 0.9145768093303D-01 0.9257154277030D-01 0.9369896559319D-01
 0.9484011436556D-01 0.9599515605280D-01 0.9716425964625D-01 0.9834759618722D-01
 0.9954533879175D-01 0.1007576626757D+00 0.1019847451800D+00 0.1032267657960D+00
 0.1044839061914D+00 0.1057563502364D+00 0.1070442840305D+00 0.1083478959284D+00
 0.1096673765681D+00 0.1110029188976D+00 0.1123547182027D+00 0.1137229721353D+00
 0.1151078807415D+00 0.1165096464904D+00 0.1179284743030D+00 0.1193645715817D+00
 0.1208181482396D+00 0.1222894167314D+00 0.1237785920827D+00 0.1252858919215D+00
 0.1268115365087D+00 0.1283557487700D+00 0.1299187543277D+00 0.1315007815321D+00
 0.1331020614951D+00 0.1347228281223D+00 0.1363633181465D+00 0.1380237711614D+00
 0.1397044296554D+00 0.1414055390465D+00 0.1431273477164D+00 0.1448701070460D+00
 0.1466340714513D+00 0.1484194984186D+00 0.1502266485418D+00 0.1520557855583D+00
 0.1539071763867D+00 0.1557810911643D+00 0.1576778032853D+00 0.1595975894385D+00
 0.1615407296470D+00 0.1635075073072D+00 0.1654982092283D+00 0.1675131256726D+00
 0.1695525503960D+00 0.1716167806893D+00 0.1737061174194D+00 0.1758208650711D+00
 0.1779613317896D+00 0.1801278294236D+00 0.1823206735679D+00 0.1845401836079D+00
 0.1867866827631D+00 0.1890604981322D+00 0.1913619607381D+00 0.1936914055734D+00
 0.1960491716465D+00 0.1984356020282D+00 0.2008510438990D+00 0.2032958485959D+00
 0.2057703716611D+00 0.2082749728901D+00 0.2108100163807D+00 0.2133758705829D+00
 0.2159729083479D+00 0.2186015069796D+00 0.2212620482852D+00 0.2239549186262D+00
 0.2266805089710D+00 0.2294392149469D+00 0.2322314368935D+00 0.2350575799159D+00
 0.2379180539385D+00 0.2408132737602D+00 0.2437436591083D+00 0.2467096346952D+00
 0.2497116302735D+00 0.2527500806932D+00 0.2558254259582D+00 0.2589381112844D+00
 0.2620885871572D+00 0.2652773093907D+00 0.2685047391861D+00 0.2717713431917D+00
 0.2750775935633D+00 0.2784239680243D+00 0.2818109499266D+00 0.2852390283132D+00
 0.2887086979795D+00 0.2922204595356D+00 0.2957748194706D+00 0.2993722902150D+00
 0.3030133902055D+00 0.3066986439491D+00 0.3104285820882D+00 0.3142037414665D+00
 0.3180246651943D+00 0.3218919027152D+00 0.3258060098731D+00 0.3297675489793D+00
 0.3337770888799D+00 0.3378352050250D+00 0.3419424795357D+00 0.3460995012744D+00
 0.3503068659135D+00 0.3545651760052D+00 0.3588750410517D+00 0.3632370775758D+00
 0.3676519091913D+00 0.3721201666744D+00 0.3766424880352D+00 0.3812195185894D+00
 0.3858519110301D+00 0.3905403255005D+00 0.3952854296660D+00 0.4000878987873D+00
 0.4049484157933D+00 0.4098676713539D+00 0.4148463639539D+00 0.4198851999661D+00
 0.4249848937246D+00 0.4301461675989D+00 0.4353697520675D+00 0.4406563857913D+00
 0.4460068156874D+00 0.4514217970031D+00 0.4569020933891D+00 0.4624484769730D+00
 0.4680617284328D+00 0.4737426370698D+00 0.4794920008819D+00 0.4853106266358D+00
 0.4911993299394D+00 0.4971589353138D+00 0.5031902762651D+00 0.5092941953548D+00
 0.5154715442712D+00 0.5217231838983D+00 0.5280499843862D+00 0.5344528252189D+00
 0.5409325952825D+00 0.5474901929322D+00 0.5541265260583D+00 0.5608425121514D+00
 0.5676390783664D+00 0.5745171615853D+00 0.5814777084794D+00 0.5885216755690D+00
 0.5956500292828D+00 0.6028637460152D+00 0.6101638121822D+00 0.6175512242757D+00
 0.6250269889154D+00 0.6325921228996D+00 0.6402476532536D+00 0.6479946172751D+00
 0.6558340625791D+00 0.6637670471382D+00 0.6717946393220D+00 0.6799179179330D+00
 0.6881379722396D+00 0.6964559020059D+00 0.7048728175187D+00 0.7133898396109D+00
 0.7220080996810D+00 0.7307287397091D+00 0.7395529122683D+00 0.7484817805331D+00
 0.7575165182817D+00 0.7666583098949D+00 0.7759083503494D+00 0.7852678452059D+00
 0.7947380105918D+00 0.8043200731785D+00 0.8140152701517D+00 0.8238248491760D+00
 0.8337500683528D+00 0.8437921961706D+00 0.8539525114483D+00 0.8642323032707D+00
 0.8746328709152D+00 0.8851555237706D+00 0.8958015812461D+00 0.9065723726718D+00
 0.9174692371876D+00 0.9284935236228D+00 0.9396465903646D+00 0.9509298052138D+00
 0.9623445452297D+00 0.9738921965611D+00 0.9855741542645D+00 0.9973918221072D+00
 0.1009346612357D+01 0.1021439945553D+01 0.1033673250265D+01 0.1046047962832D+01
 0.1058565527082D+01 0.1071227394032D+01 0.1084035021576D+01 0.1096989874140D+01
 0.1110093422321D+01 0.1123347142503D+01 0.1136752516449D+01 0.1150311030862D+01
 0.1164024176922D+01 0.1177893449800D+01 0.1191920348130D+01 0.1206106373458D+01
 0.1220453029658D+01 0.1234961822306D+01 0.1249634258024D+01 0.1264471843783D+01
 0.1279476086163D+01 0.1294648490571D+01 0.1309990560418D+01 0.1325503796239D+01
 0.1341189694772D+01 0.1357049747980D+01 0.1373085442015D+01 0.1389298256128D+01
 0.1405689661513D+01 0.1422261120089D+01 0.1439014083209D+01 0.1455949990300D+01
 0.1473070267429D+01 0.1490376325777D+01 0.1507869560044D+01 0.1525551346752D+01
 0.1543423042458D+01 0.1561485981864D+01 0.1579741475832D+01 0.1598190809270D+01
 0.1616835238921D+01 0.1635675991009D+01 0.1654714258770D+01 0.1673951199833D+01
 0.1693387933463D+01 0.1713025537647D+01 0.1732865046016D+01 0.1752907444597D+01
 0.1773153668382D+01 0.1793604597702D+01 0.1814261054406D+01 0.1835123797816D+01
 0.1856193520456D+01 0.1877470843547D+01 0.1898956312238D+01 0.1920650390573D+01
 0.1942553456173D+01 0.1964665794608D+01 0.1986987593461D+01 0.2009518936039D+01
 0.2032259794734D+01 0.2055210023999D+01 0.2078369352917D+01 0.2101737377344D+01
 0.2125313551596D+01 0.2149097179648D+01 0.2173087405827D+01 0.2197283204950D+01
 0.2221683371892D+01 0.2246286510528D+01 0.2271091022026D+01 0.2296095092441D+01
 0.2321296679562D+01 0.2346693498976D+01 0.2372283009282D+01 0.2398062396411D+01
 0.2424028556991D+01 0.2450178080679D+01 0.2476507231418D+01 0.2503011927517D+01
 0.2529687720489D+01 0.2556529772556D+01 0.2583532832735D+01 0.2610691211387D+01
 0.2637998753137D+01 0.2665448808043D+01 0.2693034200872D+01 0.2720747198365D+01
 0.2748579474326D+01 0.2776522072369D+01 0.2804565366151D+01 0.2832699016898D+01
 0.2860911927995D+01 0.2889192196424D+01 0.2917527060789D+01 0.2945902845637D+01
 0.2974304901792D+01 0.3002717542340D+01 0.3031123973908D+01 0.3059506222830D+01
 0.3087845055731D+01 0.3116119894059D+01 0.3144308721987D+01 0.3172387987084D+01
 0.3200332493088D+01 0.3228115284003D+01 0.3255707518700D+01 0.3283078335083D+01
 0.3310194702763D+01 0.3337021263096D+01 0.3363520155247D+01 0.3389650826844D+01
 0.3415369827550D+01 0.3440630583715D+01 0.3465383152022D+01 0.3489573939703D+01
 0.3513145438112D+01
                                    0.0000000000000D+00
 1030 0.1348538066785D+00
 0.1130658270837D-11 0.1143738559589D-11 0.1156983132087D-11 0.1170394336362D-11
 0.1184000710178D-11 0.1197830302950D-11 0.1211885099196D-11 0.1226167141144D-11
 0.1240678534476D-11 0.1255421442345D-11 0.1270398100508D-11 0.1285610956388D-11
 0.1301062269691D-11 0.1316754699198D-11 0.1332690725196D-11 0.1348872958842D-11
 0.1365304181746D-11 0.1381987226863D-11 0.1398924824755D-11 0.1416120064756D-11
 0.1433575894415D-11 0.1451295435741D-11 0.1469281950322D-11 0.1487538503351D-11
 0.1506068624870D-11 0.1524875609869D-11 0.1543963009174D-11 0.1563334402513D-11
 0.1582993382607D-11 0.1602943775307D-11 0.1623189302543D-11 0.1643733918952D-11
 0.1664581604317D-11 0.1685736438119D-11 0.1707202601506D-11 0.1728984252873D-11
 0.1751085843890D-11 0.1773511657044D-11 0.1796266286068D-11 0.1819354373065D-11
 0.1842780479629D-11 0.1866549557701D-11 0.1890666396184D-11 0.1915135949224D-11
 0.1939963394052D-11 0.1965153839826D-11 0.1990712617383D-11 0.2016645044703D-11
 0.2042956676463D-11 0.2069653083665D-11 0.2096740014234D-11 0.2124223166924D-11
 0.2152108595697D-11 0.2180402163375D-11 0.2209110310276D-11 0.2238239074737D-11
 0.2267794963416D-11 0.2297784383460D-11 0.2328214091544D-11 0.2359090824264D-11
 0.2390421395487D-11 0.2422212946367D-11 0.2454472564904D-11 0.2487207550317D-11
 0.2520425333844D-11 0.2554133499158D-11 0.2588339725218D-11 0.2623052088788D-11
 0.2658278289753D-11 0.2694026546329D-11 0.2730305390088D-11 0.2767123114267D-11
 0.2804488488774D-11 0.2842410148914D-11 0.2880897218016D-11 0.2919958644646D-11
 0.2959604010554D-11 0.2999842574143D-11 0.3040684136497D-11 0.3082138493165D-11
 0.3124215816201D-11 0.3166926189925D-11 0.3210280070327D-11 0.3254288086523D-11
 0.3298961135706D-11 0.3344310158234D-11 0.3390346529473D-11 0.3437081649751D-11
 0.3484527269485D-11 0.3532695385121D-11 0.3581597906781D-11 0.3631247306083D-11
 0.3681656353219D-11 0.3732837768651D-11 0.3784804747731D-11 0.3837570697402D-11
 0.3891149032678D-11 0.3945553909852D-11 0.4000799430514D-11 0.4056900024949D-11
 0.4113870342731D-11 0.4171725478483D-11 0.4230480865846D-11 0.4290151885541D-11
 0.4350754663038D-11 0.4412305399908D-11 0.4474820572840D-11 0.4538317046989D-11
 0.4602812273594D-11 0.4668323487324D-11 0.4734868863996D-11 0.4802466575577D-11
 0.4871135274084D-11 0.4940893976827D-11 0.5011762087048D-11 0.5083759227186D-11
 0.5156905854135D-11 0.5231222226800D-11 0.5306729663367D-11 0.5383449240592D-11
 0.5461403192282D-11 0.5540613387234D-11 0.5621102973191D-11 0.5702895011378D-11
 0.5786012871357D-11 0.5870481098699D-11 0.5956324297431D-11 0.6043567340414D-11
 0.6132236258497D-11 0.6222357069022D-11 0.6313956344912D-11 0.6407061722406D-11
 0.6501700835492D-11 0.6597902091529D-11 0.6695694458807D-11 0.6795107576336D-11
 0.6896171805826D-11 0.6998917704724D-11 0.7103377044675D-11 0.7209581713111D-11
 0.7317564439899D-11 0.7427359317548D-11 0.7538999584686D-11 0.7652520791796D-11
 0.7767958496870D-11 0.7885348956204D-11 0.8004729526940D-11 0.8126137562469D-11
 0.8249612513909D-11 0.8375193369034D-11 0.8502920648283D-11 0.8632835731604D-11
 0.8764980501891D-11 0.8899398210498D-11 0.9036132540595D-11 0.9175228225159D-11
 0.9316731318708D-11 0.9460688527334D-11 0.9607147357341D-11 0.9756156981688D-11
 0.9907766715590D-11 0.1006202797893D-10 0.1021899229781D-10 0.1037871338465D-10
 0.1054124510349D-10 0.1070664250892D-10 0.1087496260822D-10 0.1104626326289D-10
 0.1122060340865D-10 0.1139804354672D-10 0.1157864535406D-10 0.1176247139415D-10
 0.1194958650216D-10 0.1214005615961D-10 0.1233394797799D-10 0.1253133013745D-10
 0.1273227321330D-10 0.1293684851575D-10 0.1314512980369D-10 0.1335719127757D-10
 0.1357310974152D-10 0.1379296359446D-10 0.1401683261072D-10 0.1424479815170D-10
 0.1447694410686D-10 0.1471335567970D-10 0.1495412000535D-10 0.1519932598865D-10
 0.1544906463515D-10 0.1570342996902D-10 0.1596251608254D-10 0.1622642033959D-10
 0.1649524300459D-10 0.1676908488490D-10 0.1704805011329D-10 0.1733224477279D-10
 0.1762177739843D-10 0.1791675967770D-10 0.1821730435198D-10 0.1852352757668D-10
 0.1883554838828D-10 0.1915348732867D-10 0.1947746885374D-10 0.1980761983687D-10
 0.2014406949877D-10 0.2048695052709D-10 0.2083639875627D-10 0.2119255190414D-10
 0.2155555271050D-10 0.2192554577977D-10 0.2230267878661D-10 0.2268710356282D-10
 0.2307897513656D-10 0.2347845141439D-10 0.2388569521371D-10 0.2430087137310D-10
 0.2472415030891D-10 0.2515570491097D-10 0.2559571218833D-10 0.2604435344462D-10
 0.2650181488491D-10 0.2696828505635D-10 0.2744395825279D-10 0.2792903367816D-10
 0.2842371311306D-10 0.2892820459786D-10 0.2944272028131D-10 0.2996747802961D-10
 0.3050269928358D-10 0.3104861141883D-10 0.3160544741613D-10 0.3217344440821D-10
 0.3275284585736D-10 0.3334389985937D-10 0.3394686243663D-10 0.3456199317083D-10
 0.3518955845517D-10 0.3582983220636D-10 0.3648309128411D-10 0.3714962129822D-10
 0.3782971559558D-10 0.3852367152038D-10 0.3923179574153D-10 0.3995439947097D-10
 0.4069180376220D-10 0.4144433567329D-10 0.4221232907983D-10 0.4299612776054D-10
 0.4379608145515D-10 0.4461255005800D-10 0.4544589931636D-10 0.4629650589924D-10
 0.4716475395269D-10 0.4805103657587D-10 0.4895575547884D-10 0.4987932387780D-10
 0.5082216212629D-10 0.5178470227990D-10 0.5276738634957D-10 0.5377066477839D-10
 0.5479499965303D-10 0.5584086414219D-10 0.5690874318346D-10 0.5799913234986D-10
 0.5911253781676D-10 0.6024947840595D-10 0.6141048528089D-10 0.6259610355688D-10
 0.6380688798772D-10 0.6504340776172D-10 0.6630624729216D-10 0.6759600131317D-10
 0.6891328124466D-10 0.7025871067701D-10 0.7163293143800D-10 0.7303659613491D-10
 0.7447037655974D-10 0.7593495752325D-10 0.7743104062854D-10 0.7895934465613D-10
 0.8052060577792D-10 0.8211557672695D-10 0.8374502788886D-10 0.8540974839109D-10
 0.8711054667268D-10 0.8884824628874D-10 0.9062369699031D-10 0.9243776297945D-10
 0.9429133159591D-10 0.9618531120328D-10 0.9812063035048D-10 0.1000982399592D-09
 0.1021191156270D-09 0.1041842525151D-09 0.1062946715919D-09 0.1084514184400D-09
 0.1106555610757D-09 0.1129081972202D-09 0.1152104454809D-09 0.1175634558779D-09
 0.1199684005187D-09 0.1224264841884D-09 0.1249389407449D-09 0.1275070285763D-09
 0.1301320393456D-09 0.1328152922942D-09 0.1355581454233D-09 0.1383619818575D-09
 0.1412282207048D-09 0.1441583126151D-09 0.1471537458986D-09 0.1502160445763D-09
 0.1533467647300D-09 0.1565475057383D-09 0.1598198990752D-09 0.1631656203881D-09
 0.1665863827465D-09 0.1700839378492D-09 0.1736600847917D-09 0.1773166628001D-09
 0.1810555519621D-09 0.1848786857435D-09 0.1887880357093D-09 0.1927856245371D-09
 0.1968735201068D-09 0.2010538452658D-09 0.2053287702425D-09 0.2097005186400D-09
 0.2141713652343D-09 0.2187436386720D-09 0.2234197304424D-09 0.2282020811114D-09
 0.2330931939734D-09 0.2380956320428D-09 0.2432120190895D-09 0.2484450444779D-09
 0.2537974554006D-09 0.2592720738761D-09 0.2648717859398D-09 0.2705995437993D-09
 0.2764583769853D-09 0.2824513813824D-09 0.2885817321800D-09 0.2948526806441D-09
 0.3012675532166D-09 0.3078297582295D-09 0.3145427880047D-09 0.3214102132683D-09
 0.3284357018369D-09 0.3356229937845D-09 0.3429759346715D-09 0.3504984517092D-09
 0.3581945762923D-09 0.3660684276684D-09 0.3741242335936D-09 0.3823663157350D-09
 0.3907991052183D-09 0.3994271353678D-09 0.4082550540558D-09 0.4172876218969D-09
 0.4265297109821D-09 0.4359863058863D-09 0.4456625255759D-09 0.4555635960542D-09
 0.4656948859761D-09 0.4760618867600D-09 0.4866702138490D-09 0.4975256344853D-09
 0.5086340441184D-09 0.5200014819018D-09 0.5316341386831D-09 0.5435383484736D-09
 0.5557206039024D-09 0.5681875530072D-09 0.5809460028553D-09 0.5940029234529D-09
 0.6073654623232D-09 0.6210409341980D-09 0.6350368231919D-09 0.6493608155432D-09
 0.6640207565798D-09 0.6790247055716D-09 0.6943809025752D-09 0.7100977969055D-09
 0.7261840371422D-09 0.7426484751627D-09 0.7595001933672D-09 0.7767484833329D-09
 0.7944028580495D-09 0.8124730711874D-09 0.8309691146147D-09 0.8499012097733D-09
 0.8692798382461D-09 0.8891157276382D-09 0.9094198665517D-09 0.9302035210516D-09
 0.9514782205300D-09 0.9732557699622D-09 0.9955482736462D-09 0.1018368124423D-08
 0.1041728011415D-08 0.1065640935566D-08 0.1090120217793D-08 0.1115179494911D-08
 0.1140832740078D-08 0.1167094263625D-08 0.1193978724562D-08 0.1221501141143D-08
 0.1249676889012D-08 0.1278521726866D-08 0.1308051787893D-08 0.1338283600844D-08
 0.1369234103002D-08 0.1400920625051D-08 0.1433360945545D-08 0.1466573257292D-08
 0.1500576194614D-08 0.1535388851477D-08 0.1571030791120D-08 0.1607522045689D-08
 0.1644883122963D-08 0.1683135055749D-08 0.1722299372203D-08 0.1762398124821D-08
 0.1803453916589D-08 0.1845489870664D-08 0.1888529710374D-08 0.1932597706845D-08
 0.1977718743002D-08 0.2023918295214D-08 0.2071222462358D-08 0.2119657980867D-08
 0.2169252227558D-08 0.2220033277447D-08 0.2272029853145D-08 0.2325271395969D-08
 0.2379788064416D-08 0.2435610738175D-08 0.2492771075576D-08 0.2551301463620D-08
 0.2611235130108D-08 0.2672606075859D-08 0.2735449150329D-08 0.2799800032503D-08
 0.2865695295425D-08 0.2933172381984D-08 0.3002269661525D-08 0.3073026431844D-08
 0.3145482955335D-08 0.3219680473446D-08 0.3295661223008D-08 0.3373468490842D-08
 0.3453146601685D-08 0.3534740975944D-08 0.3618298137142D-08 0.3703865728258D-08
 0.3791492578140D-08 0.3881228693820D-08 0.3973125297046D-08 0.4067234883010D-08
 0.4163611202957D-08 0.4262309326849D-08 0.4363385673931D-08 0.4466898043021D-08
 0.4572905623136D-08 0.4681469082695D-08 0.4792650533776D-08 0.4906513632724D-08
 0.5023123580172D-08 0.5142547150926D-08 0.5264852783992D-08 0.5390110568992D-08
 0.5518392304073D-08 0.5649771555618D-08 0.5784323653723D-08 0.5922125828903D-08
 0.6063257137550D-08 0.6207798589658D-08 0.6355833174689D-08 0.6507445915101D-08
 0.6662723899140D-08 0.6821756346038D-08 0.6984634666679D-08 0.7151452476841D-08
 0.7322305711337D-08 0.7497292631713D-08 0.7676513892905D-08 0.7860072623917D-08
 0.8048074470840D-08 0.8240627654902D-08 0.8437843073489D-08 0.8639834269466D-08
 0.8846717607656D-08 0.9058612318853D-08 0.9275640482288D-08 0.9497927212961D-08
 0.9725600663955D-08 0.9958792134931D-08 0.1019763611376D-07 0.1044227036885D-07
 0.1069283610783D-07 0.1094947789561D-07 0.1121234388465D-07 0.1148158584688D-07
 0.1175735925875D-07 0.1203982340638D-07 0.1232914144989D-07 0.1262548054984D-07
 0.1292901198629D-07 0.1323991116103D-07 0.1355835783766D-07 0.1388453612301D-07
 0.1421863465988D-07 0.1456084672013D-07 0.1491137024356D-07 0.1527040804796D-07
 0.1563816791269D-07 0.1601486273759D-07 0.1640071053829D-07 0.1679593476212D-07
 0.1720076427438D-07 0.1761543352255D-07 0.1804018275317D-07 0.1847525802104D-07
 0.1892091146951D-07 0.1937740135721D-07 0.1984499231701D-07 0.2032395538162D-07
 0.2081456830223D-07 0.2131711557476D-07 0.2183188869897D-07 0.2235918624517D-07
 0.2289931416719D-07 0.2345258586203D-07 0.2401932243130D-07 0.2459985281089D-07
 0.2519451399436D-07 0.2580365123851D-07 0.2642761824632D-07 0.2706677741529D-07
 0.2772149994945D-07 0.2839216618898D-07 0.2907916578935D-07 0.2978289794409D-07
 0.3050377160124D-07 0.3124220577490D-07 0.3199862970320D-07 0.3277348314838D-07
 0.3356721665656D-07 0.3438029176769D-07 0.3521318141742D-07 0.3606637004833D-07
 0.3694035399163D-07 0.3783564177466D-07 0.3875275433227D-07 0.3969222542781D-07
 0.4065460186967D-07 0.4164044383702D-07 0.4265032526791D-07 0.4368483422658D-07
 0.4474457308171D-07 0.4583015907396D-07 0.4694222447272D-07 0.4808141712094D-07
 0.4924840071900D-07 0.5044385526675D-07 0.5166847741557D-07 0.5292298087366D-07
 0.5420809693485D-07 0.5552457469680D-07 0.5687318175112D-07 0.5825470447762D-07
 0.5966994850821D-07 0.6111973928755D-07 0.6260492248854D-07 0.6412636452802D-07
 0.6568495308028D-07 0.6728159765591D-07 0.6891722994578D-07 0.7059280467274D-07
 0.7230929989275D-07 0.7406771762079D-07 0.7586908465454D-07 0.7771445276977D-07
 0.7960489974237D-07 0.8154152968632D-07 0.8352547388061D-07 0.8555789141089D-07
 0.8763996978055D-07 0.8977292566030D-07 0.9195800567457D-07 0.9419648687897D-07
 0.9648967800347D-07 0.9883891957467D-07 0.1012455854440D-06 0.1037110828386D-06
 0.1062368538777D-06 0.1088243759943D-06 0.1114751629204D-06 0.1141907655599D-06
 0.1169727730944D-06 0.1198228136926D-06 0.1227425554930D-06 0.1257337078175D-06
 0.1287980218537D-06 0.1319372920814D-06 0.1351533568942D-06 0.1384481000827D-06
 0.1418234517231D-06 0.1452813893655D-06 0.1488239393885D-06 0.1524531778954D-06
 0.1561712321715D-06 0.1599802818424D-06 0.1638825602404D-06 0.1678803558450D-06
 0.1719760131446D-06 0.1761719348556D-06 0.1804705825484D-06 0.1848744786934D-06
 0.1893862076687D-06 0.1940084179860D-06 0.1987438230266D-06 0.2035952033795D-06
 0.2085654080325D-06 0.2136573564721D-06 0.2188740401126D-06 0.2242185241287D-06
 0.2296939494774D-06 0.2353035346694D-06 0.2410505775101D-06 0.2469384576105D-06
 0.2529706378142D-06 0.2591506664989D-06 0.2654821799275D-06 0.2719689041778D-06
 0.2786146574664D-06 0.2854233524160D-06 0.2923989985112D-06 0.2995457043930D-06
 0.3068676804716D-06 0.3143692413567D-06 0.3220548085028D-06 0.3299289128904D-06
 0.3379961977686D-06 0.3462614216249D-06 0.3547294606162D-06 0.3634053119228D-06
 0.3722940970594D-06 0.3814010641744D-06 0.3907315918453D-06 0.4002911921732D-06
 0.4100855144590D-06 0.4201203479051D-06 0.4304016260180D-06 0.4409354295850D-06
 0.4517279907623D-06 0.4627856967457D-06 0.4741150938999D-06 0.4857228911598D-06
 0.4976159652318D-06 0.5098013637409D-06 0.5222863101258D-06 0.5350782081989D-06
 0.5481846463226D-06 0.5616134023979D-06 0.5753724486540D-06 0.5894699562044D-06
 0.6039143009694D-06 0.6187140681671D-06 0.6338780576627D-06 0.6494152899758D-06
 0.6653350113444D-06 0.6816466998655D-06 0.6983600715651D-06 0.7154850857736D-06
 0.7330319522454D-06 0.7510111372929D-06 0.7694333700695D-06 0.7883096497470D-06
 0.8076512521563D-06 0.8274697373905D-06 0.8477769564731D-06 0.8685850599274D-06
 0.8899065041790D-06 0.9117540606062D-06 0.9341408232664D-06 0.9570802173315D-06
 0.9805860078721D-06 0.1004672308471D-05 0.1029353590449D-05 0.1054644692328D-05
 0.1080560829314D-05 0.1107117603154D-05 0.1134331012545D-05 0.1162217463392D-05
 0.1190793779410D-05 0.1220077213417D-05 0.1250085458752D-05 0.1280836660636D-05
 0.1312349428231D-05 0.1344642847274D-05 0.1377736492604D-05 0.1411650440784D-05
 0.1446405284614D-05 0.1482022145235D-05 0.1518522688806D-05 0.1555929138300D-05
 0.1594264290516D-05 0.1633551531298D-05 0.1673814850660D-05 0.1715078859758D-05
 0.1757368807802D-05 0.1800710599654D-05 0.1845130812512D-05 0.1890656715978D-05
 0.1937316290014D-05 0.1985138244666D-05 0.2034152040154D-05 0.2084387908052D-05
 0.2135876871863D-05 0.2188650769703D-05 0.2242742276525D-05 0.2298184927950D-05
 0.2355013143810D-05 0.2413262252723D-05 0.2472968519606D-05 0.2534169168893D-05
 0.2596902414786D-05 0.2661207487093D-05 0.2727124661371D-05 0.2794695288477D-05
 0.2863961825786D-05 0.2934967867262D-05 0.3007758178809D-05 0.3082378729565D-05
 0.3158876729217D-05 0.3237300662270D-05 0.3317700325356D-05 0.3400126866827D-05
 0.3484632826007D-05 0.3571272173189D-05 0.3660100353765D-05 0.3751174330144D-05
 0.3844552628355D-05 0.3940295384683D-05 0.4038464392405D-05 0.4139123154104D-05
 0.4242336932245D-05 0.4348172801442D-05 0.4456699705994D-05 0.4567988515286D-05
 0.4682112083675D-05 0.4799145311341D-05 0.4919165208470D-05 0.5042250959692D-05
 0.5168483992236D-05 0.5297948047740D-05 0.5430729251981D-05 0.5566916193858D-05
 0.5706600001335D-05 0.5849874422419D-05 0.5996835910099D-05 0.6147583709146D-05
 0.6302219945867D-05 0.6460849721076D-05 0.6623581208843D-05 0.6790525756742D-05
 0.6961797988446D-05 0.7137515913489D-05 0.7317801040608D-05 0.7502778492094D-05
 0.7692577128320D-05 0.7887329670216D-05 0.8087172832352D-05 0.8292247457978D-05
 0.8502698660421D-05 0.8718675969556D-05 0.8940333484052D-05 0.9167830031518D-05
 0.9401329331285D-05 0.9641000167077D-05 0.9887016565738D-05 0.1013955798280D-04
 0.1039880949403D-04 0.1066496200009D-04 0.1093821243177D-04 0.1121876397118D-04
 0.1150682627812D-04 0.1180261572656D-04 0.1210635565002D-04 0.1241827660188D-04
 0.1273861661978D-04 0.1306762150619D-04 0.1340554512086D-04 0.1375264968354D-04
 0.1410920609023D-04 0.1447549424637D-04 0.1485180341020D-04 0.1523843255317D-04
 0.1563569073826D-04 0.1604389750954D-04 0.1646338330753D-04 0.1689448989374D-04
 0.1733757080183D-04 0.1779299180516D-04 0.1826113140720D-04 0.1874238135401D-04
 0.1923714717016D-04 0.1974584871838D-04 0.2026892078893D-04 0.2080681371088D-04
 0.2135999399693D-04 0.2192894501600D-04 0.2251416769775D-04 0.2311618127312D-04
 0.2373552404549D-04 0.2437275420545D-04 0.2502845067623D-04 0.2570321401177D-04
 0.2639766732603D-04 0.2711245727479D-04 0.2784825509017D-04 0.2860575765303D-04
 0.2938568863163D-04 0.3018879967156D-04 0.3101587164537D-04 0.3186771596418D-04
 0.3274517596203D-04 0.3364912834090D-04 0.3458048470025D-04 0.3554019313556D-04
 0.3652923992811D-04 0.3754865131384D-04 0.3859949535428D-04 0.3968288389642D-04
 0.4079997464541D-04 0.4195197333397D-04 0.4314013602237D-04 0.4436577151241D-04
 0.4563024388984D-04 0.4693497521298D-04 0.4828144833725D-04 0.4967120990220D-04
 0.5110587347491D-04 0.5258712287654D-04 0.5411671568115D-04 0.5569648691902D-04
 0.5732835298371D-04 0.5901431575922D-04 0.6075646697844D-04 0.6255699283593D-04
 0.6441817885214D-04 0.6634241503407D-04 0.6833220131514D-04 0.7039015332818D-04
 0.7251900849756D-04 0.7472163250467D-04 0.7700102612463D-04 0.7936033247164D-04
 0.8180284467030D-04 0.8433201399797D-04 0.8695145850064D-04 0.8966497214778D-04
 0.9247653452727D-04 0.9539032114554D-04 0.9841071435405D-04 0.1015423149547D-03
 0.1047899545202D-03 0.1081587084951D-03 0.1116539101065D-03 0.1152811651619D-03
 0.1190463677851D-03 0.1229557171561D-03 0.1270157353241D-03 0.1312332861707D-03
 0.1356155956084D-03 0.1401702730928D-03 0.1449053345460D-03 0.1498292267983D-03
 0.1549508536506D-03 0.1602796036692D-03 0.1658253798662D-03 0.1715986313569D-03
 0.1776103871910D-03 0.1838722924830D-03 0.1903966470285D-03 0.1971964465835D-03
 0.2042854270234D-03 0.2116781115768D-03 0.2193898613894D-03 0.2274369296642D-03
 0.2358365196524D-03 0.2446068467890D-03 0.2537672053157D-03 0.2633380397216D-03
 0.2733410213861D-03 0.2837991308534D-03 0.2947367461622D-03 0.3061797377399D-03
 0.3181555703698D-03 0.3306934128355D-03 0.3438242558314D-03 0.3575810388481D-03
 0.3719987867762D-03 0.3871147570018D-03 0.4029685979204D-03 0.4196025197901D-03
 0.4370614789981D-03 0.4553933768534D-03 0.4746492741922D-03 0.4948836230999D-03
 0.5161545173127D-03 0.5385239628508D-03 0.5620581707122D-03 0.5868278735607D-03
 0.6129086685294D-03 0.6403813885069D-03 0.6693325044247D-03 0.6998545613925D-03
 0.7320466517490D-03 0.7660149284158D-03 0.8018731622613D-03 0.8397433475787D-03
 0.8797563601610D-03 0.9220526729175D-03 0.9667831344565D-03 0.1014109816681D-02
 0.1064206937928D-02 0.1117261868993D-02 0.1173476230047D-02 0.1233067087324D-02
 0.1296268259372D-02 0.1363331743690D-02 0.1434529275725D-02 0.1510154033478D-02
 0.1590522502366D-02 0.1675976516577D-02 0.1766885494940D-02 0.1863648891231D-02
 0.1966698881076D-02 0.2076503310043D-02 0.2193568930209D-02 0.2318444955589D-02
 0.2451726970144D-02 0.2594061225987D-02 0.2746149373597D-02 0.2908753670664D-02
 0.3082702721532D-02 0.3268897805232D-02 0.3468319856786D-02 0.3682037174106D-02
 0.3911213931252D-02 0.4157119588368D-02 0.4421139299403D-02 0.4704785430812D-02
 0.5009710317996D-02 0.5337720401656D-02 0.5690791903530D-02 0.6071088220497D-02
 0.6480979237970D-02 0.6923062788648D-02 0.7400188510466D-02 0.7915484389776D-02
 0.8472386311401D-02 0.9074670978258D-02 0.9726492609205D-02 0.1043242387611D-01
 0.1119750160060D-01 0.1202727779793D-01 0.1292787673223D-01 0.1390605873385D-01
 0.1496929162834D-01 0.1612583073877D-01 0.1738480855077D-01 0.1875633527472D-01
 0.2025161170540D-01 0.2188305596770D-01 0.2366444595196D-01 0.2561107948784D-01
 0.2773995458539D-01 0.3006997239110D-01 0.3262216587226D-01 0.3541995765852D-01
 0.3848945094730D-01 0.4185975792338D-01 0.4556337076622D-01 0.4963658103169D-01
 0.5411995400995D-01 0.5905886559557D-01 0.6450411027439D-01 0.7051259005560D-01
 0.7714809558048D-01 0.8448219224295D-01 0.9259522599668D-01 0.1015774656290D+00
 0.1115304006932D+00 0.1225682170473D+00 0.1348194751156D+00 0.1484290258682D+00
 0.1635601674187D+00 0.1801563604541D+00 0.1981092617204D+00 0.2175266966587D+00
 0.2385264180511D+00 0.2612370900397D+00 0.2857993765005D+00 0.3123671451404D+00
 0.3411087999648D+00 0.3722087561650D+00 0.4058690730542D+00 0.4423112624197D+00
 0.4817782916076D+00 0.5245368028229D+00 0.5708795725140D+00 0.6211282374134D+00
 0.6756363167670D+00 0.7347925635896D+00 0.7990246814981D+00 0.8688034477388D+00
 0.9446472876075D+00 0.1027127350537D+01 0.1116873143757D+01 0.1214578785720D+01
 0.1321009948481D+01 0.1437011565971D+01 0.1563516393769D+01 0.1701554515600D+01
 0.1852263902417D+01 0.2016902141977D+01
    0    0
