 nspin  vdif :::::: Potentials for non-spin-polarized non-relativistic Va.      
    1   0.0000000000000D+00
 LSMS:           Va     z=  0.    xvalws=   0.51945
   0.                      2.65165   0. 0.4632960083990D+00
                 -0.1113096740000D+02 0.9751822497023D+00 1001 1030
 0.1373573534008D-04 0.1392056940779D-04 0.1410776074054D-04 0.1429733838491D-04
 0.1448928729370D-04 0.1468359446977D-04 0.1488029231460D-04 0.1507941349294D-04
 0.1528099093996D-04 0.1548505787742D-04 0.1569164781702D-04 0.1590079456598D-04
 0.1611253224676D-04 0.1632689528751D-04 0.1654391844345D-04 0.1676363680096D-04
 0.1698608578479D-04 0.1721130116092D-04 0.1743931906291D-04 0.1767017596656D-04
 0.1790390873389D-04 0.1814055459454D-04 0.1838015116427D-04 0.1862273644695D-04
 0.1886834884944D-04 0.1911702718556D-04 0.1936881067876D-04 0.1962373897063D-04
 0.1988185213530D-04 0.2014319068166D-04 0.2040779556021D-04 0.2067570816620D-04
 0.2094697035547D-04 0.2122162445108D-04 0.2149971324759D-04 0.2178128000935D-04
 0.2206636849013D-04 0.2235502294124D-04 0.2264728810944D-04 0.2294320925486D-04
 0.2324283214566D-04 0.2354620307906D-04 0.2385336887292D-04 0.2416437689604D-04
 0.2447927505746D-04 0.2479811181075D-04 0.2512093617753D-04 0.2544779774742D-04
 0.2577874668497D-04 0.2611383373545D-04 0.2645311024056D-04 0.2679662813832D-04
 0.2714443997176D-04 0.2749659890560D-04 0.2785315872308D-04 0.2821417384268D-04
 0.2857969932072D-04 0.2894979086309D-04 0.2932450483163D-04 0.2970389824819D-04
 0.3008802881853D-04 0.3047695493434D-04 0.3087073565727D-04 0.3126943077107D-04
 0.3167310075108D-04 0.3208180680857D-04 0.3249561087284D-04 0.3291457560218D-04
 0.3333876441381D-04 0.3376824147449D-04 0.3420307171028D-04 0.3464332083220D-04
 0.3508905532520D-04 0.3554034247334D-04 0.3599725036649D-04 0.3645984789919D-04
 0.3692820479937D-04 0.3740239162167D-04 0.3788247977350D-04 0.3836854150284D-04
 0.3886064994205D-04 0.3935887908236D-04 0.3986330381139D-04 0.4037399991482D-04
 0.4089104409174D-04 0.4141451394413D-04 0.4194448802621D-04 0.4248104581829D-04
 0.4302426777433D-04 0.4357423529425D-04 0.4413103077437D-04 0.4469473758811D-04
 0.4526544012224D-04 0.4584322377275D-04 0.4642817496410D-04 0.4702038116461D-04
 0.4761993088677D-04 0.4822691372115D-04 0.4884142032497D-04 0.4946354245884D-04
 0.5009337298068D-04 0.5073100588166D-04 0.5137653626009D-04 0.5203006038991D-04
 0.5269167568133D-04 0.5336148074083D-04 0.5403957535280D-04 0.5472606050540D-04
 0.5542103841406D-04 0.5612461251813D-04 0.5683688751519D-04 0.5755796935275D-04
 0.5828796528292D-04 0.5902698382521D-04 0.5977513482918D-04 0.6053252946950D-04
 0.6129928026582D-04 0.6207550107023D-04 0.6286130716658D-04 0.6365681517600D-04
 0.6446214316333D-04 0.6527741061620D-04 0.6610273846311D-04 0.6693824909841D-04
 0.6778406638856D-04 0.6864031572062D-04 0.6950712397241D-04 0.7038461957769D-04
 0.7127293251650D-04 0.7217219434532D-04 0.7308253821149D-04 0.7400409888537D-04
 0.7493701274751D-04 0.7588141785712D-04 0.7683745392319D-04 0.7780526236188D-04
 0.7878498630160D-04 0.7977677060080D-04 0.8078076186969D-04 0.8179710852185D-04
 0.8282596073421D-04 0.8386747051844D-04 0.8492179174699D-04 0.8598908012879D-04
 0.8706949328924D-04 0.8816319074919D-04 0.8927033397151D-04 0.9039108636835D-04
 0.9152561334500D-04 0.9267408230966D-04 0.9383666270999D-04 0.9501352603982D-04
 0.9620484588007D-04 0.9741079791890D-04 0.9863155997658D-04 0.9986731202596D-04
 0.1011182362389D-03 0.1023845169854D-03 0.1036663408914D-03 0.1049638968385D-03
 0.1062773759984D-03 0.1076069718681D-03 0.1089528803133D-03 0.1103152995450D-03
 0.1116944302196D-03 0.1130904754040D-03 0.1145036406532D-03 0.1159341339907D-03
 0.1173821660123D-03 0.1188479498332D-03 0.1203317011850D-03 0.1218336384068D-03
 0.1233539825001D-03 0.1248929571407D-03 0.1264507887616D-03 0.1280277064971D-03
 0.1296239423062D-03 0.1312397309501D-03 0.1328753100495D-03 0.1345309201163D-03
 0.1362068046061D-03 0.1379032098929D-03 0.1396203853810D-03 0.1413585835130D-03
 0.1431180597698D-03 0.1448990727828D-03 0.1467018842848D-03 0.1485267592377D-03
 0.1503739658006D-03 0.1522437754053D-03 0.1541364627668D-03 0.1560523059838D-03
 0.1579915865077D-03 0.1599545892049D-03 0.1619416024560D-03 0.1639529181085D-03
 0.1659888315757D-03 0.1680496418763D-03 0.1701356516550D-03 0.1722471672483D-03
 0.1743844987300D-03 0.1765479599246D-03 0.1787378685023D-03 0.1809545459861D-03
 0.1831983178169D-03 0.1854695134107D-03 0.1877684661665D-03 0.1900955135796D-03
 0.1924509972149D-03 0.1948352628344D-03 0.1972486603875D-03 0.1996915440879D-03
 0.2021642724676D-03 0.2046672084201D-03 0.2072007192695D-03 0.2097651768030D-03
 0.2123609573317D-03 0.2149884417714D-03 0.2176480156417D-03 0.2203400691973D-03
 0.2230649974221D-03 0.2258232001094D-03 0.2286150819327D-03 0.2314410524969D-03
 0.2343015263880D-03 0.2371969232409D-03 0.2401276678057D-03 0.2430941900081D-03
 0.2460969250083D-03 0.2491363132706D-03 0.2522128006257D-03 0.2553268383230D-03
 0.2584788831196D-03 0.2616693973466D-03 0.2648988489490D-03 0.2681677115868D-03
 0.2714764646581D-03 0.2748255934493D-03 0.2782155891421D-03 0.2816469488800D-03
 0.2851201758875D-03 0.2886357795034D-03 0.2921942752789D-03 0.2957961850617D-03
 0.2994420370384D-03 0.3031323658209D-03 0.3068677125588D-03 0.3106486249928D-03
 0.3144756575105D-03 0.3183493712741D-03 0.3222703342927D-03 0.3262391214748D-03
 0.3302563147409D-03 0.3343225031016D-03 0.3384382827528D-03 0.3426042571205D-03
 0.3468210370506D-03 0.3510892407499D-03 0.3554094940063D-03 0.3597824302250D-03
 0.3642086905288D-03 0.3686889238378D-03 0.3732237869901D-03 0.3778139448361D-03
 0.3824600702907D-03 0.3871628445153D-03 0.3919229569315D-03 0.3967411053825D-03
 0.4016179962073D-03 0.4065543443430D-03 0.4115508734542D-03 0.4166083160026D-03
 0.4217274133941D-03 0.4269089160520D-03 0.4321535835386D-03 0.4374621846928D-03
 0.4428354977045D-03 0.4482743102439D-03 0.4537794195816D-03 0.4593516327086D-03
 0.4649917664202D-03 0.4707006475110D-03 0.4764791128053D-03 0.4823280093400D-03
 0.4882481944621D-03 0.4942405359915D-03 0.5003059122863D-03 0.5064452124248D-03
 0.5126593363099D-03 0.5189491948205D-03 0.5253157099167D-03 0.5317598147977D-03
 0.5382824540377D-03 0.5448845837119D-03 0.5515671715323D-03 0.5583311970335D-03
 0.5651776516468D-03 0.5721075389030D-03 0.5791218745610D-03 0.5862216867380D-03
 0.5934080160820D-03 0.6006819159397D-03 0.6080444524608D-03 0.6154967047966D-03
 0.6230397652498D-03 0.6306747394299D-03 0.6384027463950D-03 0.6462249188682D-03
 0.6541424033415D-03 0.6621563603057D-03 0.6702679643479D-03 0.6784784044086D-03
 0.6867888838907D-03 0.6952006208550D-03 0.7037148481943D-03 0.7123328138490D-03
 0.7210557809377D-03 0.7298850279642D-03 0.7388218490350D-03 0.7478675539744D-03
 0.7570234686222D-03 0.7662909349171D-03 0.7756713111766D-03 0.7851659722520D-03
 0.7947763097550D-03 0.8045037322206D-03 0.8143496653796D-03 0.8243155523069D-03
 0.8344028536686D-03 0.8446130479190D-03 0.8549476315191D-03 0.8654081191597D-03
 0.8759960439993D-03 0.8867129578384D-03 0.8975604314272D-03 0.9085400546075D-03
 0.9196534366005D-03 0.9309022062635D-03 0.9422880122322D-03 0.9538125232775D-03
 0.9654774284786D-03 0.9772844374956D-03 0.9892352808076D-03 0.1001331709976D-02
 0.1013575497894D-02 0.1025968439063D-02 0.1038512349828D-02 0.1051209068680D-02
 0.1064060456485D-02 0.1077068396781D-02 0.1090234796062D-02 0.1103561584027D-02
 0.1117050713894D-02 0.1130704162665D-02 0.1144523931433D-02 0.1158512045655D-02
 0.1172670555463D-02 0.1187001535987D-02 0.1201507087578D-02 0.1216189336222D-02
 0.1231050433797D-02 0.1246092558353D-02 0.1261317914522D-02 0.1276728733748D-02
 0.1292327274679D-02 0.1308115823461D-02 0.1324096694110D-02 0.1340272228805D-02
 0.1356644798263D-02 0.1373216802075D-02 0.1389990669061D-02 0.1406968857650D-02
 0.1424153856162D-02 0.1441548183285D-02 0.1459154388337D-02 0.1476975051734D-02
 0.1495012785280D-02 0.1513270232609D-02 0.1531750069584D-02 0.1550455004606D-02
 0.1569387779109D-02 0.1588551167904D-02 0.1607947979604D-02 0.1627581057026D-02
 0.1647453277625D-02 0.1667567553884D-02 0.1687926833788D-02 0.1708534101193D-02
 0.1729392376354D-02 0.1750504716256D-02 0.1771874215150D-02 0.1793504004977D-02
 0.1815397255818D-02 0.1837557176365D-02 0.1859987014392D-02 0.1882690057246D-02
 0.1905669632297D-02 0.1928929107441D-02 0.1952471891623D-02 0.1976301435285D-02
 0.2000421230888D-02 0.2024834813475D-02 0.2049545761090D-02 0.2074557695396D-02
 0.2099874282167D-02 0.2125499231803D-02 0.2151436299915D-02 0.2177689287857D-02
 0.2204262043276D-02 0.2231158460697D-02 0.2258382482071D-02 0.2285938097354D-02
 0.2313829345125D-02 0.2342060313114D-02 0.2370635138888D-02 0.2399558010361D-02
 0.2428833166494D-02 0.2458464897857D-02 0.2488457547295D-02 0.2518815510524D-02
 0.2549543236839D-02 0.2580645229680D-02 0.2612126047355D-02 0.2643990303733D-02
 0.2676242668812D-02 0.2708887869523D-02 0.2741930690340D-02 0.2775375974027D-02
 0.2809228622322D-02 0.2843493596675D-02 0.2878175918963D-02 0.2913280672220D-02
 0.2948813001402D-02 0.2984778114140D-02 0.3021181281450D-02 0.3058027838586D-02
 0.3095323185797D-02 0.3133072789047D-02 0.3171282180935D-02 0.3209956961417D-02
 0.3249102798661D-02 0.3288725429859D-02 0.3328830662106D-02 0.3369424373207D-02
 0.3410512512554D-02 0.3452101102019D-02 0.3494196236808D-02 0.3536804086357D-02
 0.3579930895254D-02 0.3623582984153D-02 0.3667766750671D-02 0.3712488670355D-02
 0.3757755297622D-02 0.3803573266711D-02 0.3849949292698D-02 0.3896890172394D-02
 0.3944402785428D-02 0.3992494095206D-02 0.4041171149961D-02 0.4090441083752D-02
 0.4140311117535D-02 0.4190788560217D-02 0.4241880809713D-02 0.4293595354050D-02
 0.4345939772478D-02 0.4398921736506D-02 0.4452549011119D-02 0.4506829455868D-02
 0.4561771026021D-02 0.4617381773740D-02 0.4673669849270D-02 0.4730643502096D-02
 0.4788311082197D-02 0.4846681041253D-02 0.4905761933857D-02 0.4965562418813D-02
 0.5026091260380D-02 0.5087357329558D-02 0.5149369605388D-02 0.5212137176263D-02
 0.5275669241303D-02 0.5339975111601D-02 0.5405064211717D-02 0.5470946080964D-02
 0.5537630374831D-02 0.5605126866423D-02 0.5673445447864D-02 0.5742596131753D-02
 0.5812589052648D-02 0.5883434468520D-02 0.5955142762288D-02 0.6027724443316D-02
 0.6101190148980D-02 0.6175550646174D-02 0.6250816832963D-02 0.6326999740124D-02
 0.6404110532771D-02 0.6482160512011D-02 0.6561161116578D-02 0.6641123924533D-02
 0.6722060654915D-02 0.6803983169535D-02 0.6886903474627D-02 0.6970833722657D-02
 0.7055786214123D-02 0.7141773399297D-02 0.7228807880084D-02 0.7316902411879D-02
 0.7406069905426D-02 0.7496323428682D-02 0.7587676208777D-02 0.7680141633924D-02
 0.7773733255388D-02 0.7868464789467D-02 0.7964350119504D-02 0.8061403297941D-02
 0.8159638548313D-02 0.8259070267445D-02 0.8359713027425D-02 0.8461581577854D-02
 0.8564690847948D-02 0.8669055948723D-02 0.8774692175248D-02 0.8881615008834D-02
 0.8989840119351D-02 0.9099383367492D-02 0.9210260807102D-02 0.9322488687551D-02
 0.9436083456066D-02 0.9551061760198D-02 0.9667440450228D-02 0.9785236581624D-02
 0.9904467417576D-02 0.1002515043150D-01 0.1014730330959D-01 0.1027094395344D-01
 0.1039609048264D-01 0.1052276123742D-01 0.1065097478138D-01 0.1078074990416D-01
 0.1091210562423D-01 0.1104506119163D-01 0.1117963609087D-01 0.1131585004368D-01
 0.1145372301198D-01 0.1159327520077D-01 0.1173452706107D-01 0.1187749929298D-01
 0.1202221284864D-01 0.1216868893531D-01 0.1231694901854D-01 0.1246701482523D-01
 0.1261890834686D-01 0.1277265184270D-01 0.1292826784304D-01 0.1308577915256D-01
 0.1324520885360D-01 0.1340658030955D-01 0.1356991716831D-01 0.1373524336570D-01
 0.1390258312903D-01 0.1407196098057D-01 0.1424340174120D-01 0.1441693053401D-01
 0.1459257278798D-01 0.1477035424174D-01 0.1495030094727D-01 0.1513243927377D-01
 0.1531679591152D-01 0.1550339787574D-01 0.1569227251058D-01 0.1588344749312D-01
 0.1607695083739D-01 0.1627281089852D-01 0.1647105637685D-01 0.1667171632215D-01
 0.1687482013785D-01 0.1708039758537D-01 0.1728847878843D-01 0.1749909423753D-01
 0.1771227479433D-01 0.1792805169623D-01 0.1814645656089D-01 0.1836752139089D-01
 0.1859127857838D-01 0.1881776090987D-01 0.1904700157096D-01 0.1927903415123D-01
 0.1951389264915D-01 0.1975161147707D-01 0.1999222546619D-01 0.2023576987173D-01
 0.2048228037801D-01 0.2073179310375D-01 0.2098434460728D-01 0.2123997189191D-01
 0.2149871241135D-01 0.2176060407515D-01 0.2202568525429D-01 0.2229399478675D-01
 0.2256557198321D-01 0.2284045663276D-01 0.2311868900877D-01 0.2340030987468D-01
 0.2368536049009D-01 0.2397388261667D-01 0.2426591852429D-01 0.2456151099723D-01
 0.2486070334040D-01 0.2516353938568D-01 0.2547006349828D-01 0.2578032058327D-01
 0.2609435609212D-01 0.2641221602931D-01 0.2673394695905D-01 0.2705959601212D-01
 0.2738921089269D-01 0.2772283988535D-01 0.2806053186205D-01 0.2840233628934D-01
 0.2874830323553D-01 0.2909848337798D-01 0.2945292801053D-01 0.2981168905098D-01
 0.3017481904859D-01 0.3054237119184D-01 0.3091439931611D-01 0.3129095791155D-01
 0.3167210213105D-01 0.3205788779821D-01 0.3244837141551D-01 0.3284361017260D-01
 0.3324366195451D-01 0.3364858535014D-01 0.3405843966082D-01 0.3447328490889D-01
 0.3489318184647D-01 0.3531819196428D-01 0.3574837750058D-01 0.3618380145028D-01
 0.3662452757402D-01 0.3707062040750D-01 0.3752214527082D-01 0.3797916827806D-01
 0.3844175634677D-01 0.3890997720777D-01 0.3938389941498D-01 0.3986359235534D-01
 0.4034912625895D-01 0.4084057220918D-01 0.4133800215308D-01 0.4184148891176D-01
 0.4235110619093D-01 0.4286692859169D-01 0.4338903162123D-01 0.4391749170385D-01
 0.4445238619203D-01 0.4499379337757D-01 0.4554179250301D-01 0.4609646377310D-01
 0.4665788836633D-01 0.4722614844674D-01 0.4780132717582D-01 0.4838350872446D-01
 0.4897277828521D-01 0.4956922208453D-01 0.5017292739527D-01 0.5078398254925D-01
 0.5140247695005D-01 0.5202850108587D-01 0.5266214654262D-01 0.5330350601709D-01
 0.5395267333033D-01 0.5460974344116D-01 0.5527481245988D-01 0.5594797766203D-01
 0.5662933750248D-01 0.5731899162949D-01 0.5801704089912D-01 0.5872358738966D-01
 0.5943873441635D-01 0.6016258654613D-01 0.6089524961272D-01 0.6163683073176D-01
 0.6238743831615D-01 0.6314718209158D-01 0.6391617311227D-01 0.6469452377683D-01
 0.6548234784434D-01 0.6627976045057D-01 0.6708687812448D-01 0.6790381880483D-01
 0.6873070185695D-01 0.6956764808985D-01 0.7041477977330D-01 0.7127222065535D-01
 0.7214009597984D-01 0.7301853250426D-01 0.7390765851772D-01 0.7480760385913D-01
 0.7571849993565D-01 0.7664047974126D-01 0.7757367787563D-01 0.7851823056312D-01
 0.7947427567203D-01 0.8044195273405D-01 0.8142140296395D-01 0.8241276927949D-01
 0.8341619632148D-01 0.8443183047418D-01 0.8545981988582D-01 0.8650031448936D-01
 0.8755346602358D-01 0.8861942805422D-01 0.8969835599555D-01 0.9079040713198D-01
 0.9189574064010D-01 0.9301451761072D-01 0.9414690107146D-01 0.9529305600922D-01
 0.9645314939317D-01 0.9762735019790D-01 0.9881582942672D-01 0.1000187601354D+00
 0.1012363174559D+00 0.1024686786206D+00 0.1037160229868D+00 0.1049785320608D+00
 0.1062563895237D+00 0.1075497812554D+00 0.1088588953612D+00 0.1101839221964D+00
 0.1115250543928D+00 0.1128824868847D+00 0.1142564169354D+00 0.1156470441638D+00
 0.1170545705714D+00 0.1184792005693D+00 0.1199211410062D+00 0.1213806011956D+00
 0.1228577929441D+00 0.1243529305797D+00 0.1258662309801D+00 0.1273979136018D+00
 0.1289482005091D+00 0.1305173164033D+00 0.1321054886525D+00 0.1337129473213D+00
 0.1353399252013D+00 0.1369866578410D+00 0.1386533835771D+00 0.1403403435648D+00
 0.1420477818097D+00 0.1437759451988D+00 0.1455250835323D+00 0.1472954495558D+00
 0.1490872989926D+00 0.1509008905759D+00 0.1527364860820D+00 0.1545943503631D+00
 0.1564747513807D+00 0.1583779602390D+00 0.1603042512191D+00 0.1622539018126D+00
 0.1642271927560D+00 0.1662244080654D+00 0.1682458350712D+00 0.1702917644530D+00
 0.1723624902750D+00 0.1744583100212D+00 0.1765795246314D+00 0.1787264385366D+00
 0.1808993596957D+00 0.1830985996313D+00 0.1853244734664D+00 0.1875772999609D+00
 0.1898574015487D+00 0.1921651043745D+00 0.1945007383311D+00 0.1968646370967D+00
 0.1992571381725D+00 0.2016785829200D+00 0.2041293165993D+00 0.2066096884063D+00
 0.2091200515112D+00 0.2116607630964D+00 0.2142321843947D+00 0.2168346807271D+00
 0.2194686215418D+00 0.2221343804519D+00 0.2248323352739D+00 0.2275628680663D+00
 0.2303263651673D+00 0.2331232172338D+00 0.2359538192791D+00 0.2388185707115D+00
 0.2417178753719D+00 0.2446521415723D+00 0.2476217821332D+00 0.2506272144216D+00
 0.2536688603884D+00 0.2567471466055D+00 0.2598625043033D+00 0.2630153694072D+00
 0.2662061825739D+00 0.2694353892280D+00 0.2727034395978D+00 0.2760107887504D+00
 0.2793578966269D+00 0.2827452280770D+00 0.2861732528928D+00 0.2896424458426D+00
 0.2931532867036D+00 0.2967062602941D+00 0.3003018565055D+00 0.3039405703325D+00
 0.3076229019037D+00 0.3113493565107D+00 0.3151204446365D+00 0.3189366819826D+00
 0.3227985894960D+00 0.3267066933942D+00 0.3306615251893D+00 0.3346636217112D+00
 0.3387135251294D+00 0.3428117829732D+00 0.3469589481510D+00 0.3511555789673D+00
 0.3554022391389D+00 0.3596994978091D+00 0.3640479295602D+00 0.3684481144235D+00
 0.3729006378889D+00 0.3774060909106D+00 0.3819650699118D+00 0.3865781767868D+00
 0.3912460189006D+00 0.3959692090863D+00 0.4007483656391D+00 0.4055841123083D+00
 0.4104770782864D+00 0.4154278981943D+00 0.4204372120638D+00 0.4255056653173D+00
 0.4306339087427D+00 0.4358225984655D+00 0.4410723959171D+00 0.4463839677982D+00
 0.4517579860386D+00 0.4571951277526D+00 0.4626960751889D+00 0.4682615156770D+00
 0.4738921415669D+00 0.4795886501644D+00 0.4853517436610D+00 0.4911821290569D+00
 0.4970805180786D+00 0.5030476270902D+00 0.5090841769976D+00 0.5151908931454D+00
 0.5213685052075D+00 0.5276177470688D+00 0.5339393566996D+00 0.5403340760215D+00
 0.5468026507643D+00 0.5533458303143D+00 0.5599643675518D+00 0.5666590186803D+00
 0.5734305430435D+00 0.5802797029328D+00 0.5872072633824D+00 0.5942139919528D+00
 0.6013006585017D+00 0.6084680349422D+00 0.6157168949868D+00 0.6230480138777D+00
 0.6304621681016D+00 0.6379601350894D+00 0.6455426928993D+00 0.6532106198834D+00
 0.6609646943354D+00 0.6688056941212D+00 0.6767343962886D+00 0.6847515766576D+00
 0.6928580093888D+00 0.7010544665303D+00 0.7093417175403D+00 0.7177205287863D+00
 0.7261916630180D+00 0.7347558788143D+00 0.7434139300018D+00 0.7521665650441D+00
 0.7610145264011D+00 0.7699585498553D+00 0.7789993638058D+00 0.7881376885259D+00
 0.7973742353849D+00 0.8067097060305D+00 0.8161447915320D+00 0.8256801714794D+00
 0.8353165130399D+00 0.8450544699669D+00 0.8548946815598D+00 0.8648377715741D+00
 0.8748843470757D+00 0.8850349972410D+00 0.8952902920956D+00 0.9056507811930D+00
 0.9161169922263D+00 0.9266894295725D+00 0.9373685727637D+00 0.9481548748839D+00
 0.9590487608850D+00 0.9700506258195D+00 0.9811608329858D+00 0.9923797119796D+00
 0.1003707556649D+01 0.1015144622946D+01 0.1026691126672D+01 0.1038347241105D+01
 0.1050113094512D+01 0.1061988767533D+01 0.1073974290429D+01 0.1086069640196D+01
 0.1098274737523D+01 0.1110589443598D+01 0.1123013556750D+01 0.1135546808915D+01
 0.1148188861913D+01 0.1160939303543D+01 0.1173797643458D+01 0.1186763308830D+01
 0.1199835639788D+01 0.1213013884607D+01 0.1226297194638D+01 0.1239684618977D+01
 0.1253175098830D+01 0.1266767461583D+01 0.1280460414548D+01 0.1294252538355D+01
 0.1308142279997D+01 0.1322127945470D+01 0.1336207692019D+01 0.1350379519935D+01
 0.1364641263906D+01 0.1378990583856D+01 0.1393424955284D+01 0.1407941659031D+01
 0.1422537770466D+01 0.1437210148041D+01 0.1451955421176D+01 0.1466769977437D+01
 0.1481649948948D+01 0.1496591198004D+01 0.1511589301810D+01 0.1526639536312D+01
 0.1541736859039D+01 0.1556875890898D+01 0.1572050896853D+01 0.1587255765403D+01
 0.1602483986778D+01 0.1617728629777D+01 0.1632982317126D+01 0.1648237199273D+01
 0.1663484926502D+01 0.1678716619237D+01 0.1693922836417D+01 0.1709093541786D+01
 0.1724218067951D+01 0.1739285078046D+01 0.1754282524809D+01 0.1769197606876D+01
 0.1784016722092D+01 0.1798725417586D+01 0.1813308336367D+01 0.1827749160168D+01
 0.1842030548222D+01 0.1856134071658D+01 0.1870040143136D+01 0.1883727941355D+01
 0.1897175329973D+01 0.1910358770489D+01 0.1923253228559D+01 0.1935832073182D+01
 0.1948066968134D+01 0.1959927754952D+01 0.1971382326737D+01 0.1982396491925D+01
 0.1992933827122D+01 0.2002955517992D+01 0.2012420187096D+01 0.2021283707435D+01
 0.2029499000371D+01 0.2037015816405D+01 0.2043780497170D+01 0.2049735716817D+01
 0.2054820200756D+01 0.2058968419532D+01 0.2062110255352D+01 0.2064170632699D+01
 0.2065069139257D+01
                                    0.0000000000000D+00
 1030 0.5194514109863D+00
 0.7180381749517D-11 0.7272521403767D-11 0.7366065935760D-11 0.7461040827140D-11
 0.7557686312868D-11 0.7656238603811D-11 0.7756719053457D-11 0.7859149928991D-11
 0.7963554694321D-11 0.8069957548019D-11 0.8178383753004D-11 0.8288859691341D-11
 0.8401412509176D-11 0.8516070391478D-11 0.8632862589395D-11 0.8751819228314D-11
 0.8872971467147D-11 0.8996351417161D-11 0.9121992230184D-11 0.9249928048029D-11
 0.9380193997192D-11 0.9512826267387D-11 0.9647862006599D-11 0.9785339451745D-11
 0.9925297917036D-11 0.1006777773120D-10 0.1021282028034D-10 0.1036046804711D-10
 0.1051076479204D-10 0.1066375504018D-10 0.1081948478875D-10 0.1097800104006D-10
 0.1113935190774D-10 0.1130358680515D-10 0.1147075631575D-10 0.1164091229380D-10
 0.1181410779080D-10 0.1199039701812D-10 0.1216983579662D-10 0.1235248085005D-10
 0.1253839065531D-10 0.1272762482090D-10 0.1292024437523D-10 0.1311631172545D-10
 0.1331589089517D-10 0.1351904716950D-10 0.1372584756278D-10 0.1393636040226D-10
 0.1415065567258D-10 0.1436880501230D-10 0.1459088166633D-10 0.1481696049181D-10
 0.1504711810242D-10 0.1528143272174D-10 0.1551998458101D-10 0.1576285549647D-10
 0.1601012919498D-10 0.1626189146387D-10 0.1651822971148D-10 0.1677923355918D-10
 0.1704499446652D-10 0.1731560619507D-10 0.1759116437920D-10 0.1787176678578D-10
 0.1815751360599D-10 0.1844850699958D-10 0.1874485179415D-10 0.1904665466150D-10
 0.1935402507651D-10 0.1966707483692D-10 0.1998591820497D-10 0.2031067210021D-10
 0.2064145584305D-10 0.2097839171391D-10 0.2132160461867D-10 0.2167122227248D-10
 0.2202737520069D-10 0.2239019688738D-10 0.2275982394700D-10 0.2313639591156D-10
 0.2352005539337D-10 0.2391094848253D-10 0.2430922423675D-10 0.2471503540121D-10
 0.2512853773498D-10 0.2554989094706D-10 0.2597925818877D-10 0.2641680614041D-10
 0.2686270529829D-10 0.2731713031717D-10 0.2778025941047D-10 0.2825227499585D-10
 0.2873336358745D-10 0.2922371595014D-10 0.2972352718836D-10 0.3023299675413D-10
 0.3075232861403D-10 0.3128173157897D-10 0.3182141879427D-10 0.3237160879082D-10
 0.3293252461894D-10 0.3350439452130D-10 0.3408745213136D-10 0.3468193616018D-10
 0.3528809079461D-10 0.3590616596333D-10 0.3653641718652D-10 0.3717910598919D-10
 0.3783449926015D-10 0.3850287100015D-10 0.3918450061268D-10 0.3987967424244D-10
 0.4058868467105D-10 0.4131183141198D-10 0.4204942070528D-10 0.4280176545486D-10
 0.4356918682069D-10 0.4435201222045D-10 0.4515057731506D-10 0.4596522523799D-10
 0.4679630706710D-10 0.4764418170073D-10 0.4850921683634D-10 0.4939178864211D-10
 0.5029228125034D-10 0.5121108837579D-10 0.5214861237151D-10 0.5310526571322D-10
 0.5408146945430D-10 0.5507765493089D-10 0.5609426320690D-10 0.5713174595948D-10
 0.5819056491660D-10 0.5927119308645D-10 0.6037411360820D-10 0.6149982164828D-10
 0.6264882358283D-10 0.6382163750168D-10 0.6501879396471D-10 0.6624083531269D-10
 0.6748831664147D-10 0.6876180657313D-10 0.7006188622395D-10 0.7138915076546D-10
 0.7274420906429D-10 0.7412768438104D-10 0.7554021474110D-10 0.7698245224237D-10
 0.7845506546261D-10 0.7995873748074D-10 0.8149416821001D-10 0.8306207351625D-10
 0.8466318636444D-10 0.8629825667028D-10 0.8796805232170D-10 0.8967335881809D-10
 0.9141498003323D-10 0.9319373927594D-10 0.9501047873216D-10 0.9686606114701D-10
 0.9876136854506D-10 0.1006973042981D-09 0.1026747931631D-09 0.1046947814074D-09
 0.1067582379307D-09 0.1088661541120D-09 0.1110195450140D-09 0.1132194495387D-09
 0.1154669313964D-09 0.1177630793437D-09 0.1201090069860D-09 0.1225058563052D-09
 0.1249547938264D-09 0.1274570156415D-09 0.1300137450092D-09 0.1326262354927D-09
 0.1352957687231D-09 0.1380236572879D-09 0.1408112457229D-09 0.1436599098241D-09
 0.1465710576096D-09 0.1495461313635D-09 0.1525866072032D-09 0.1556939964331D-09
 0.1588698462509D-09 0.1621157401790D-09 0.1654333005136D-09 0.1688241872376D-09
 0.1722901000038D-09 0.1758327796658D-09 0.1794540067687D-09 0.1831556064445D-09
 0.1869394459783D-09 0.1908074376180D-09 0.1947615388352D-09 0.1988037545205D-09
 0.2029361366061D-09 0.2071607867790D-09 0.2114798559643D-09 0.2158955479703D-09
 0.2204101170875D-09 0.2250258742985D-09 0.2297451828725D-09 0.2345704644758D-09
 0.2395041982207D-09 0.2445489223710D-09 0.2497072364580D-09 0.2549818016621D-09
 0.2603753429844D-09 0.2658906510707D-09 0.2715305835004D-09 0.2772980653585D-09
 0.2831960934202D-09 0.2892277345506D-09 0.2953961307425D-09 0.3017044984245D-09
 0.3081561316594D-09 0.3147544032424D-09 0.3215027666697D-09 0.3284047595994D-09
 0.3354640037315D-09 0.3426842078190D-09 0.3500691697243D-09 0.3576227793039D-09
 0.3653490186754D-09 0.3732519664687D-09 0.3813357997015D-09 0.3896047951119D-09
 0.3980633338324D-09 0.4067159003273D-09 0.4155670891671D-09 0.4246216020090D-09
 0.4338842591523D-09 0.4433599933389D-09 0.4530538560168D-09 0.4629710215507D-09
 0.4731167890937D-09 0.4834965850060D-09 0.4941159677857D-09 0.5049806276373D-09
 0.5160963918584D-09 0.5274692325182D-09 0.5391052617379D-09 0.5510107401306D-09
 0.5631920807088D-09 0.5756558506572D-09 0.5884087733898D-09 0.6014577383036D-09
 0.6148098001864D-09 0.6284721819924D-09 0.6424522852031D-09 0.6567576867753D-09
 0.6713961478633D-09 0.6863756175419D-09 0.7017042374684D-09 0.7173903457152D-09
 0.7334424819992D-09 0.7498693913692D-09 0.7666800337801D-09 0.7838835825470D-09
 0.8014894359175D-09 0.8195072175838D-09 0.8379467836674D-09 0.8568182314673D-09
 0.8761319006961D-09 0.8958983831546D-09 0.9161285253071D-09 0.9368334382805D-09
 0.9580245003361D-09 0.9797133693946D-09 0.1001911979744D-08 0.1024632560509D-08
 0.1047887634663D-08 0.1071690028892D-08 0.1096052882482D-08 0.1120989652647D-08
 0.1146514121351D-08 0.1172640406014D-08 0.1199382968789D-08 0.1226756618636D-08
 0.1254776526454D-08 0.1283458232352D-08 0.1312817649610D-08 0.1342871082391D-08
 0.1373635228820D-08 0.1405127189669D-08 0.1437364485795D-08 0.1470365061157D-08
 0.1504147295641D-08 0.1538730016530D-08 0.1574132505256D-08 0.1610374518446D-08
 0.1647476283782D-08 0.1685458530082D-08 0.1724342479273D-08 0.1764149880520D-08
 0.1804903003777D-08 0.1846624662875D-08 0.1889338226452D-08 0.1933067632091D-08
 0.1977837395767D-08 0.2023672636210D-08 0.2070599077217D-08 0.2118643070228D-08
 0.2167831609328D-08 0.2218192343094D-08 0.2269753593244D-08 0.2322544373550D-08
 0.2376594399898D-08 0.2431934112055D-08 0.2488594691700D-08 0.2546608082644D-08
 0.2606006998862D-08 0.2666824958385D-08 0.2729096290346D-08 0.2792856159704D-08
 0.2858140590565D-08 0.2924986485951D-08 0.2993431641493D-08 0.3063514777693D-08
 0.3135275557720D-08 0.3208754608796D-08 0.3283993552202D-08 0.3361035019486D-08
 0.3439922680863D-08 0.3520701274141D-08 0.3603416622231D-08 0.3688115671065D-08
 0.3774846505585D-08 0.3863658385091D-08 0.3954601767974D-08 0.4047728344242D-08
 0.4143091064052D-08 0.4240744166559D-08 0.4340743214451D-08 0.4443145129507D-08
 0.4548008211097D-08 0.4655392192468D-08 0.4765358255438D-08 0.4877969076537D-08
 0.4993288858176D-08 0.5111383375178D-08 0.5232319999412D-08 0.5356167754007D-08
 0.5482997342042D-08 0.5612881183808D-08 0.5745893481233D-08 0.5882110240736D-08
 0.6021609314504D-08 0.6164470471953D-08 0.6310775412101D-08 0.6460607836836D-08
 0.6614053489927D-08 0.6771200208178D-08 0.6932137969208D-08 0.7096958950186D-08
 0.7265757577846D-08 0.7438630583727D-08 0.7615677059464D-08 0.7796998519420D-08
 0.7982698953051D-08 0.8172884889829D-08 0.8367665458641D-08 0.8567152459620D-08
 0.8771460416545D-08 0.8980706651014D-08 0.9195011352016D-08 0.9414497646147D-08
 0.9639291656145D-08 0.9869522598157D-08 0.1010532284138D-07 0.1034682798480D-07
 0.1059417693639D-07 0.1084751201215D-07 0.1110697898948D-07 0.1137272720902D-07
 0.1164490967317D-07 0.1192368310751D-07 0.1220920807461D-07 0.1250164905478D-07
 0.1280117455800D-07 0.1310795720450D-07 0.1342217382791D-07 0.1374400559565D-07
 0.1407363809112D-07 0.1441126143905D-07 0.1475707041143D-07 0.1511126453960D-07
 0.1547404823138D-07 0.1584563089187D-07 0.1622622704324D-07 0.1661605644674D-07
 0.1701534425285D-07 0.1742432109563D-07 0.1784322326104D-07 0.1827229280221D-07
 0.1871177769707D-07 0.1916193198592D-07 0.1962301591408D-07 0.2009529609741D-07
 0.2057904566295D-07 0.2107454443567D-07 0.2158207904586D-07 0.2210194317202D-07
 0.2263443764238D-07 0.2317987067085D-07 0.2373855798934D-07 0.2431082305332D-07
 0.2489699723548D-07 0.2549742000475D-07 0.2611243914324D-07 0.2674241093030D-07
 0.2738770035018D-07 0.2804868134236D-07 0.2872573697806D-07 0.2941925967788D-07
 0.3012965150717D-07 0.3085732432413D-07 0.3160270007590D-07 0.3236621104585D-07
 0.3314830007469D-07 0.3394942083919D-07 0.3477003812556D-07 0.3561062807393D-07
 0.3647167850018D-07 0.3735368912919D-07 0.3825717191624D-07 0.3918265135259D-07
 0.4013066476805D-07 0.4110176262258D-07 0.4209650885315D-07 0.4311548119861D-07
 0.4415927152474D-07 0.4522848619755D-07 0.4632374641092D-07 0.4744568854496D-07
 0.4859496458389D-07 0.4977224245141D-07 0.5097820641628D-07 0.5221355748593D-07
 0.5347901385101D-07 0.5477531124769D-07 0.5610320342967D-07 0.5746346260992D-07
 0.5885687988562D-07 0.6028426572392D-07 0.6174645043825D-07 0.6324428463915D-07
 0.6477863978551D-07 0.6635040864624D-07 0.6796050587000D-07 0.6960986845225D-07
 0.7129945637257D-07 0.7303025307637D-07 0.7480326609026D-07 0.7661952761364D-07
 0.7848009509172D-07 0.8038605190244D-07 0.8233850789312D-07 0.8433860011088D-07
 0.8638749344359D-07 0.8848638126437D-07 0.9063648621723D-07 0.9283906081956D-07
 0.9509538830536D-07 0.9740678329521D-07 0.9977459259801D-07 0.1022001960218D-06
 0.1046850071409D-06 0.1072304741365D-06 0.1098380806470D-06 0.1125093466686D-06
 0.1152458293622D-06 0.1180491240886D-06 0.1209208651979D-06 0.1238627271279D-06
 0.1268764252525D-06 0.1299637170177D-06 0.1331264028596D-06 0.1363663273204D-06
 0.1396853800941D-06 0.1430854971929D-06 0.1465686619974D-06 0.1501369064650D-06
 0.1537923123525D-06 0.1575370123553D-06 0.1613731914352D-06 0.1653030880122D-06
 0.1693289954065D-06 0.1734532630279D-06 0.1776782978769D-06 0.1820065658787D-06
 0.1864405933690D-06 0.1909829685702D-06 0.1956363430488D-06 0.2004034333790D-06
 0.2052870226521D-06 0.2102899621011D-06 0.2154151728211D-06 0.2206656474700D-06
 0.2260444519792D-06 0.2315547273689D-06 0.2371996916842D-06 0.2429826417002D-06
 0.2489069549910D-06 0.2549760918630D-06 0.2611935974105D-06 0.2675631035361D-06
 0.2740883311342D-06 0.2807730922416D-06 0.2876212922864D-06 0.2946369323655D-06
 0.3018241116322D-06 0.3091870295891D-06 0.3167299886951D-06 0.3244573967893D-06
 0.3323737696549D-06 0.3404837338190D-06 0.3487920290700D-06 0.3573035113256D-06
 0.3660231555321D-06 0.3749560584878D-06 0.3841074418682D-06 0.3934826553024D-06
 0.4030871795023D-06 0.4129266294530D-06 0.4230067577405D-06 0.4333334578891D-06
 0.4439127678634D-06 0.4547508735248D-06 0.4658541123829D-06 0.4772289771949D-06
 0.4888821198567D-06 0.5008203552337D-06 0.5130506651898D-06 0.5255802027497D-06
 0.5384162961768D-06 0.5515664533435D-06 0.5650383660538D-06 0.5788399147507D-06
 0.5929791729013D-06 0.6074644118816D-06 0.6223041057200D-06 0.6375069362616D-06
 0.6530817980363D-06 0.6690378035707D-06 0.6853842888043D-06 0.7021308184703D-06
 0.7192871917557D-06 0.7368634480098D-06 0.7548698726635D-06 0.7733170033485D-06
 0.7922156358644D-06 0.8115768307777D-06 0.8314119197206D-06 0.8517325121140D-06
 0.8725505019934D-06 0.8938780749778D-06 0.9157277154000D-06 0.9381122136698D-06
 0.9610446737913D-06 0.9845385210638D-06 0.1008607509797D-05 0.1033265731742D-05
 0.1058527623980D-05 0.1084407977659D-05 0.1110921946656D-05 0.1138085056310D-05
 0.1165913212693D-05 0.1194422711951D-05 0.1223630249819D-05 0.1253552931483D-05
 0.1284208281521D-05 0.1315614254430D-05 0.1347789244886D-05 0.1380752098788D-05
 0.1414522124210D-05 0.1449119102834D-05 0.1484563301423D-05 0.1520875484025D-05
 0.1558076923823D-05 0.1596189415912D-05 0.1635235290095D-05 0.1675237423726D-05
 0.1716219255690D-05 0.1758204799661D-05 0.1801218658471D-05 0.1845286038707D-05
 0.1890432765270D-05 0.1936685296782D-05 0.1984070741024D-05 0.2032616871052D-05
 0.2082352141231D-05 0.2133305704510D-05 0.2185507428970D-05 0.2238987915909D-05
 0.2293778517611D-05 0.2349911355788D-05 0.2407419340728D-05 0.2466336190511D-05
 0.2526696450738D-05 0.2588535515279D-05 0.2651889646835D-05 0.2716795998185D-05
 0.2783292634703D-05 0.2851418555993D-05 0.2921213719552D-05 0.2992719063908D-05
 0.3065976532920D-05 0.3141029100673D-05 0.3217920796677D-05 0.3296696731724D-05
 0.3377403124781D-05 0.3460087330189D-05 0.3544797865509D-05 0.3631584440300D-05
 0.3720497985442D-05 0.3811590683341D-05 0.3904915998524D-05 0.4000528709357D-05
 0.4098484940552D-05 0.4198842196233D-05 0.4301659393932D-05 0.4406996899518D-05
 0.4514916562802D-05 0.4625481754215D-05 0.4738757402424D-05 0.4854810032634D-05
 0.4973707805930D-05 0.5095520559986D-05 0.5220319849979D-05 0.5348178991358D-05
 0.5479173103183D-05 0.5613379152911D-05 0.5750876001298D-05 0.5891744450456D-05
 0.6036067290641D-05 0.6183929349940D-05 0.6335417544661D-05 0.6490620930917D-05
 0.6649630757651D-05 0.6812540520586D-05 0.6979446018067D-05 0.7150445408203D-05
 0.7325639267007D-05 0.7505130648432D-05 0.7689025145639D-05 0.7877430954080D-05
 0.8070458936075D-05 0.8268222686336D-05 0.8470838600702D-05 0.8678425944680D-05
 0.8891106925280D-05 0.9109006763784D-05 0.9332253770640D-05 0.9560979421934D-05
 0.9795318438747D-05 0.1003540886684D-04 0.1028139216019D-04 0.1053341326519D-04
 0.1079162070767D-04 0.1105616668238D-04 0.1132720714342D-04 0.1160490189911D-04
 0.1188941470667D-04 0.1218091337190D-04 0.1247956984945D-04 0.1278556034626D-04
 0.1309906542822D-04 0.1342027012837D-04 0.1374936405919D-04 0.1408654152603D-04
 0.1443200164598D-04 0.1478594846642D-04 0.1514859108996D-04 0.1552014380014D-04
 0.1590082619162D-04 0.1629086330313D-04 0.1669048575395D-04 0.1709992988409D-04
 0.1751943789812D-04 0.1794925801214D-04 0.1838964460485D-04 0.1884085837276D-04
 0.1930316648948D-04 0.1977684276833D-04 0.2026216782976D-04 0.2075942927296D-04
 0.2126892185289D-04 0.2179094765882D-04 0.2232581630248D-04 0.2287384510559D-04
 0.2343535929711D-04 0.2401069221199D-04 0.2460018549727D-04 0.2520418932314D-04
 0.2582306259894D-04 0.2645717319456D-04 0.2710689817011D-04 0.2777262400752D-04
 0.2845474685238D-04 0.2915367275929D-04 0.2986981794511D-04 0.3060360904856D-04
 0.3135548339604D-04 0.3212588927641D-04 0.3291528622018D-04 0.3372414528925D-04
 0.3455294937204D-04 0.3540219348792D-04 0.3627238509896D-04 0.3716404443041D-04
 0.3807770479995D-04 0.3901391295548D-04 0.3997322942229D-04 0.4095622885962D-04
 0.4196350042717D-04 0.4299564816037D-04 0.4405329135765D-04 0.4513706497683D-04
 0.4624762004334D-04 0.4738562406917D-04 0.4855176148355D-04 0.4974673407470D-04
 0.5097126144555D-04 0.5222608148074D-04 0.5351195082584D-04 0.5482964538273D-04
 0.5617996081627D-04 0.5756371307536D-04 0.5898173893031D-04 0.6043489652366D-04
 0.6192406593727D-04 0.6345014977590D-04 0.6501407376611D-04 0.6661678737340D-04
 0.6825926443699D-04 0.6994250382134D-04 0.7166753008806D-04 0.7343539418726D-04
 0.7524717416651D-04 0.7710397590355D-04 0.7900693385881D-04 0.8095721184952D-04
 0.8295600384641D-04 0.8500453479527D-04 0.8710406146290D-04 0.8925587330410D-04
 0.9146129336076D-04 0.9372167918201D-04 0.9603842377594D-04 0.9841295658815D-04
 0.1008467445078D-03 0.1033412929104D-03 0.1058981467239D-03 0.1085188915351D-03
 0.1112051547240D-03 0.1139586066366D-03 0.1167809617928D-03 0.1196739801310D-03
 0.1226394682924D-03 0.1256792809458D-03 0.1287953221519D-03 0.1319895467738D-03
 0.1352639619284D-03 0.1386206284864D-03 0.1420616626199D-03 0.1455892373997D-03
 0.1492055844422D-03 0.1529129956117D-03 0.1567138247772D-03 0.1606104896256D-03
 0.1646054735360D-03 0.1687013275153D-03 0.1729006721959D-03 0.1772061999017D-03
 0.1816206767837D-03 0.1861469450243D-03 0.1907879251188D-03 0.1955466182325D-03
 0.2004261086388D-03 0.2054295662387D-03 0.2105602491708D-03 0.2158215065067D-03
 0.2212167810448D-03 0.2267496121937D-03 0.2324236389678D-03 0.2382426030781D-03
 0.2442103521375D-03 0.2503308429788D-03 0.2566081450918D-03 0.2630464441815D-03
 0.2696500458613D-03 0.2764233794694D-03 0.2833710020350D-03 0.2904976023828D-03
 0.2978080053920D-03 0.3053071764134D-03 0.3130002258468D-03 0.3208924138958D-03
 0.3289891554962D-03 0.3372960254325D-03 0.3458187636505D-03 0.3545632807702D-03
 0.3635356638119D-03 0.3727421821424D-03 0.3821892936542D-03 0.3918836511831D-03
 0.4018321091760D-03 0.4120417306296D-03 0.4225197942933D-03 0.4332738021667D-03
 0.4443114872948D-03 0.4556408218780D-03 0.4672700257049D-03 0.4792075749402D-03
 0.4914622112594D-03 0.5040429513656D-03 0.5169590969005D-03 0.5302202447615D-03
 0.5438362978589D-03 0.5578174763134D-03 0.5721743291392D-03 0.5869177464104D-03
 0.6020589719561D-03 0.6176096165957D-03 0.6335816719441D-03 0.6499875248176D-03
 0.6668399722680D-03 0.6841522372706D-03 0.7019379851088D-03 0.7202113404802D-03
 0.7389869053651D-03 0.7582797776942D-03 0.7781055708536D-03 0.7984804340776D-03
 0.8194210737584D-03 0.8409447757383D-03 0.8630694286198D-03 0.8858135481522D-03
 0.9091963027513D-03 0.9332375402071D-03 0.9579578156474D-03 0.9833784208105D-03
 0.1009521414715D-02 0.1036409655782D-02 0.1064066835495D-02 0.1092517513686D-02
 0.1121787155521D-02 0.1151902170282D-02 0.1182889952051D-02 0.1214778922384D-02
 0.1247598575103D-02 0.1281379523295D-02 0.1316153548669D-02 0.1351953653378D-02
 0.1388814114462D-02 0.1426770541043D-02 0.1465859934432D-02 0.1506120751322D-02
 0.1547592970212D-02 0.1590318161301D-02 0.1634339559975D-02 0.1679702144174D-02
 0.1726452715795D-02 0.1774639986409D-02 0.1824314667529D-02 0.1875529565689D-02
 0.1928339682628D-02 0.1982802320879D-02 0.2038977195090D-02 0.2096926549388D-02
 0.2156715281212D-02 0.2218411071935D-02 0.2282084524738D-02 0.2347809310158D-02
 0.2415662319782D-02 0.2485723828590D-02 0.2558077666485D-02 0.2632811399586D-02
 0.2710016521881D-02 0.2789788657906D-02 0.2872227777150D-02 0.2957438420910D-02
 0.3045529942419D-02 0.3136616761087D-02 0.3230818631759D-02 0.3328260929988D-02
 0.3429074954334D-02 0.3533398246865D-02 0.3641374932979D-02 0.3753156081915D-02
 0.3868900089267D-02 0.3988773083030D-02 0.4112949354713D-02 0.4241611817264D-02
 0.4374952491626D-02 0.4513173023858D-02 0.4656485234981D-02 0.4805111705763D-02
 0.4959286398935D-02 0.5119255321419D-02 0.5285277229419D-02 0.5457624379402D-02
 0.5636583328247D-02 0.5822455786109D-02 0.6015559525753D-02 0.6216229352518D-02
 0.6424818139312D-02 0.6641697931382D-02 0.6867261126081D-02 0.7101921733131D-02
 0.7346116721459D-02 0.7600307459081D-02 0.7864981253050D-02 0.8140652997152D-02
 0.8427866935489D-02 0.8727198550974D-02 0.9039256588322D-02 0.9364685222070D-02
 0.9704166380947D-02 0.1005842224094D-01 0.1042821790044D-01 0.1081436425194D-01
 0.1121772106609D-01 0.1163920030532D-01 0.1207976968548D-01 0.1254045650600D-01
 0.1302235177039D-01 0.1352661462136D-01 0.1405447711642D-01 0.1460724937274D-01
 0.1518632511215D-01 0.1579318764028D-01 0.1642941629681D-01 0.1709669341712D-01
 0.1779681184963D-01 0.1853168307685D-01 0.1930334599291D-01 0.2011397639524D-01
 0.2096589725341D-01 0.2186158982419D-01 0.2280370568854D-01 0.2379507979333D-01
 0.2483874458869D-01 0.2593794536073D-01 0.2709615686891D-01 0.2831710140828D-01
 0.2960476842842D-01 0.3096343585403D-01 0.3239769326667D-01 0.3391246712280D-01
 0.3551304820116D-01 0.3720512149172D-01 0.3899479876028D-01 0.4088865404626D-01
 0.4289376237795D-01 0.4501774201847D-01 0.4726880058804D-01 0.4965578544434D-01
 0.5218823874196D-01 0.5487645763651D-01 0.5773156014749D-01 0.6076555724856D-01
 0.6399143181361D-01 0.6742322511421D-01 0.7107613163806D-01 0.7496660308009D-01
 0.7911246244969D-01 0.8353302933874D-01 0.8824925750806D-01 0.9328388607497D-01
 0.9866160572389D-01 0.1044092415162D+00 0.1105559540478D+00 0.1171334608916D+00
 0.1241762804768D+00 0.1317220007883D+00 0.1398115755323D+00 0.1484896507022D+00
 0.1578049248002D+00 0.1678105463244D+00 0.1785645525241D+00 0.1901303538619D+00
 0.2025772691031D+00 0.2159811164806D+00 0.2304248669737D+00 0.2459993663826D+00
 0.2628041335882D+00 0.2809482431716D+00 0.3005513014132D+00 0.3217445256307D+00
 0.3446719378265D+00 0.3694916847187D+00 0.3963774974229D+00 0.4255203053335D+00
 0.4571300201286D+00 0.4914375072795D+00 0.5286967639916D+00 0.5691873334118D+00
 0.6132169316245D+00 0.6606028798896D+00 0.7110720462705D+00 0.7648313057466D+00
 0.8221045800635D+00 0.8831344307773D+00 0.9481838110070D+00 0.1017537991711D+01
 0.1091506679841D+01 0.1170426347419D+01 0.1254662792402D+01 0.1344613954192D+01
 0.1440713008866D+01 0.1543431771510D+01 0.1653284435661D+01 0.1770831682663D+01
 0.1896685196741D+01 0.2031512624959D+01 0.2176043024733D+01 0.2331072845492D+01
 0.2497472495232D+01 0.2676193547228D+01 0.2868276647045D+01 0.3074860185213D+01
 0.3297189806613D+01 0.3536628833626D+01 0.3794669686624D+01 0.4072946392331D+01
 0.4373248278023D+01 0.4697534957389D+01
    0    0
