 nspin  vdif :::::: Potentials for non-spin-polarized non-relativistic Va.      
    1   0.0000000000000D+00
 LSMS:           Va     z=  0.    xvalws=   0.14212
   0.                      2.65165   0. 0.2551299395533D+00
                 -0.1113096740000D+02 0.9751822497023D+00 1001 1030
 0.2084193290594D-04 0.2110705377252D-04 0.2137548863875D-04 0.2164727846124D-04
 0.2192244466393D-04 0.2220100978584D-04 0.2248301702090D-04 0.2276851009067D-04
 0.2305753317059D-04 0.2335013097822D-04 0.2364634873213D-04 0.2394623213609D-04
 0.2424982747073D-04 0.2455718152048D-04 0.2486834161397D-04 0.2518335564260D-04
 0.2550227204077D-04 0.2582513983057D-04 0.2615200854043D-04 0.2648292839498D-04
 0.2681795010416D-04 0.2715712500846D-04 0.2750050507778D-04 0.2784814287237D-04
 0.2820009157345D-04 0.2855640499829D-04 0.2891713760042D-04 0.2928234447636D-04
 0.2965208140106D-04 0.3002640477940D-04 0.3040537169363D-04 0.3078903994154D-04
 0.3117746798621D-04 0.3157071498710D-04 0.3196884082244D-04 0.3237190606890D-04
 0.3277997206395D-04 0.3319310086867D-04 0.3361135525518D-04 0.3403479880203D-04
 0.3446349581533D-04 0.3489751138831D-04 0.3533691142511D-04 0.3578176259064D-04
 0.3623213233462D-04 0.3668808896992D-04 0.3714970161774D-04 0.3761704022810D-04
 0.3809017559357D-04 0.3856917937027D-04 0.3905412407348D-04 0.3954508309699D-04
 0.4004213074337D-04 0.4054534217915D-04 0.4105479350570D-04 0.4157056173672D-04
 0.4209272484296D-04 0.4262136169507D-04 0.4315655216164D-04 0.4369837706830D-04
 0.4424691818074D-04 0.4480225833054D-04 0.4536448130462D-04 0.4593367192351D-04
 0.4650991601149D-04 0.4709330049136D-04 0.4768391327022D-04 0.4828184336391D-04
 0.4888718089135D-04 0.4950001699638D-04 0.5012044400230D-04 0.5074855533133D-04
 0.5138444550359D-04 0.5202821023159D-04 0.5267994639416D-04 0.5333975203137D-04
 0.5400772632727D-04 0.5468396977852D-04 0.5536858396608D-04 0.5606167187549D-04
 0.5676333758869D-04 0.5747368657184D-04 0.5819282545387D-04 0.5892086225274D-04
 0.5965790627658D-04 0.6040406815800D-04 0.6115945986910D-04 0.6192419474931D-04
 0.6269838750602D-04 0.6348215427600D-04 0.6427561255276D-04 0.6507888129000D-04
 0.6589208093638D-04 0.6671533329699D-04 0.6754876175761D-04 0.6839249112878D-04
 0.6924664779945D-04 0.7011135966545D-04 0.7098675616767D-04 0.7187296835129D-04
 0.7277012886597D-04 0.7367837189259D-04 0.7459783331057D-04 0.7552865067086D-04
 0.7647096313384D-04 0.7742491160155D-04 0.7839063866861D-04 0.7936828866184D-04
 0.8035800767325D-04 0.8135994354513D-04 0.8237424598341D-04 0.8340106642079D-04
 0.8444055821531D-04 0.8549287649822D-04 0.8655817839650D-04 0.8763662285502D-04
 0.8872837081327D-04 0.8983358510971D-04 0.9095243062624D-04 0.9208507419261D-04
 0.9323168467387D-04 0.9439243304641D-04 0.9556749232050D-04 0.9675703756934D-04
 0.9796124604701D-04 0.9918029715768D-04 0.1004143724914D-03 0.1016636558220D-03
 0.1029283331479D-03 0.1042085927735D-03 0.1055046252601D-03 0.1068166234635D-03
 0.1081447826320D-03 0.1094893003253D-03 0.1108503766058D-03 0.1122282138728D-03
 0.1136230169446D-03 0.1150349933038D-03 0.1164643528060D-03 0.1179113078857D-03
 0.1193760735884D-03 0.1208588675212D-03 0.1223599099994D-03 0.1238794239702D-03
 0.1254176351203D-03 0.1269747718608D-03 0.1285510653148D-03 0.1301467495273D-03
 0.1317620613979D-03 0.1333972405269D-03 0.1350525295813D-03 0.1367281741527D-03
 0.1384244227690D-03 0.1401415270383D-03 0.1418797415750D-03 0.1436393241128D-03
 0.1454205354639D-03 0.1472236396815D-03 0.1490489039980D-03 0.1508965989348D-03
 0.1527669981464D-03 0.1546603788082D-03 0.1565770212927D-03 0.1585172095740D-03
 0.1604812308456D-03 0.1624693759814D-03 0.1644819392511D-03 0.1665192186051D-03
 0.1685815155544D-03 0.1706691352681D-03 0.1727823866215D-03 0.1749215822890D-03
 0.1770870387042D-03 0.1792790761646D-03 0.1814980188064D-03 0.1837441947830D-03
 0.1860179361305D-03 0.1883195790714D-03 0.1906494637671D-03 0.1930079345278D-03
 0.1953953399253D-03 0.1978120327493D-03 0.2002583699996D-03 0.2027347130950D-03
 0.2052414277882D-03 0.2077788843122D-03 0.2103474573887D-03 0.2129475262323D-03
 0.2155794747862D-03 0.2182436915601D-03 0.2209405697806D-03 0.2236705075850D-03
 0.2264339076996D-03 0.2292311780175D-03 0.2320627312277D-03 0.2349289849745D-03
 0.2378303622292D-03 0.2407672907784D-03 0.2437402038577D-03 0.2467495398559D-03
 0.2497957425515D-03 0.2528792609685D-03 0.2560005498205D-03 0.2591600691315D-03
 0.2623582845855D-03 0.2655956675964D-03 0.2688726952339D-03 0.2721898503844D-03
 0.2755476217924D-03 0.2789465041385D-03 0.2823869981941D-03 0.2858696106382D-03
 0.2893948545384D-03 0.2929632489615D-03 0.2965753194653D-03 0.3002315979057D-03
 0.3039326226915D-03 0.3076789385962D-03 0.3114710972391D-03 0.3153096568216D-03
 0.3191951822460D-03 0.3231282455430D-03 0.3271094254255D-03 0.3311393077595D-03
 0.3352184855264D-03 0.3393475589806D-03 0.3435271355122D-03 0.3477578300946D-03
 0.3520402649705D-03 0.3563750701398D-03 0.3607628831538D-03 0.3652043493365D-03
 0.3697001219106D-03 0.3742508618856D-03 0.3788572384561D-03 0.3835199289728D-03
 0.3882396190170D-03 0.3930170022476D-03 0.3978527812186D-03 0.4027476666158D-03
 0.4077023779324D-03 0.4127176435261D-03 0.4177942004073D-03 0.4229327946841D-03
 0.4281341814500D-03 0.4333991250908D-03 0.4387283992192D-03 0.4441227868733D-03
 0.4495830806186D-03 0.4551100826503D-03 0.4607046049700D-03 0.4663674692802D-03
 0.4720995076024D-03 0.4779015617760D-03 0.4837744840808D-03 0.4897191370468D-03
 0.4957363937572D-03 0.5018271379369D-03 0.5079922639472D-03 0.5142326771660D-03
 0.5205492939772D-03 0.5269430417877D-03 0.5334148595016D-03 0.5399656972191D-03
 0.5465965167149D-03 0.5533082915334D-03 0.5601020070025D-03 0.5669786602988D-03
 0.5739392610142D-03 0.5809848308536D-03 0.5881164039702D-03 0.5953350270847D-03
 0.6026417598072D-03 0.6100376744529D-03 0.6175238564925D-03 0.6251014045759D-03
 0.6327714307590D-03 0.6405350606207D-03 0.6483934334394D-03 0.6563477022921D-03
 0.6643990344849D-03 0.6725486113206D-03 0.6807976285232D-03 0.6891472965520D-03
 0.6975988403829D-03 0.7061534999918D-03 0.7148125305254D-03 0.7235772023034D-03
 0.7324488011252D-03 0.7414286284168D-03 0.7505180016592D-03 0.7597182540444D-03
 0.7690307353228D-03 0.7784568114289D-03 0.7879978650160D-03 0.7976552956280D-03
 0.8074305197769D-03 0.8173249713477D-03 0.8273401014334D-03 0.8374773789939D-03
 0.8477382909069D-03 0.8581243420531D-03 0.8686370556323D-03 0.8792779733941D-03
 0.8900486560111D-03 0.9009506830371D-03 0.9119856531799D-03 0.9231551848027D-03
 0.9344609157272D-03 0.9459045040899D-03 0.9574876278984D-03 0.9692119857184D-03
 0.9810792967656D-03 0.9930913011692D-03 0.1005249760435D-02 0.1017556457286D-02
 0.1030013196297D-02 0.1042621804012D-02 0.1055384129094D-02 0.1068302042766D-02
 0.1081377439285D-02 0.1094612235648D-02 0.1108008372356D-02 0.1121567813567D-02
 0.1135292547239D-02 0.1149184585728D-02 0.1163245965705D-02 0.1177478748790D-02
 0.1191885021517D-02 0.1206466896222D-02 0.1221226510553D-02 0.1236166028385D-02
 0.1251287639904D-02 0.1266593562176D-02 0.1282086038783D-02 0.1297767341182D-02
 0.1313639768224D-02 0.1329705646721D-02 0.1345967331962D-02 0.1362427207833D-02
 0.1379087687216D-02 0.1395951212595D-02 0.1413020256037D-02 0.1430297319611D-02
 0.1447784936084D-02 0.1465485668966D-02 0.1483402113161D-02 0.1501536894830D-02
 0.1519892672389D-02 0.1538472136552D-02 0.1557278010856D-02 0.1576313052048D-02
 0.1595580050221D-02 0.1615081829810D-02 0.1634821249345D-02 0.1654801202301D-02
 0.1675024617410D-02 0.1695494459117D-02 0.1716213727771D-02 0.1737185460494D-02
 0.1758412731529D-02 0.1779898651927D-02 0.1801646371527D-02 0.1823659077683D-02
 0.1845939997275D-02 0.1868492395987D-02 0.1891319579620D-02 0.1914424893958D-02
 0.1937811725736D-02 0.1961483502984D-02 0.1985443695216D-02 0.2009695814465D-02
 0.2034243415577D-02 0.2059090096371D-02 0.2084239498889D-02 0.2109695309239D-02
 0.2135461258620D-02 0.2161541123503D-02 0.2187938726556D-02 0.2214657936817D-02
 0.2241702670646D-02 0.2269076892007D-02 0.2296784613021D-02 0.2324829894914D-02
 0.2353216848279D-02 0.2381949633746D-02 0.2411032462682D-02 0.2440469597757D-02
 0.2470265353403D-02 0.2500424096858D-02 0.2530950248343D-02 0.2561848282128D-02
 0.2593122726826D-02 0.2624778166155D-02 0.2656819239880D-02 0.2689250644137D-02
 0.2722077132266D-02 0.2755303515515D-02 0.2788934663851D-02 0.2822975506345D-02
 0.2857431032235D-02 0.2892306291629D-02 0.2927606396002D-02 0.2963336519028D-02
 0.2999501897647D-02 0.3036107832354D-02 0.3073159688270D-02 0.3110662896002D-02
 0.3148622952047D-02 0.3187045420179D-02 0.3225935931683D-02 0.3265300186404D-02
 0.3305143953881D-02 0.3345473073759D-02 0.3386293456783D-02 0.3427611085742D-02
 0.3469432016310D-02 0.3511762377967D-02 0.3554608374594D-02 0.3597976286101D-02
 0.3641872468491D-02 0.3686303355286D-02 0.3731275458536D-02 0.3776795369325D-02
 0.3822869759277D-02 0.3869505381165D-02 0.3916709070061D-02 0.3964487744223D-02
 0.4012848406118D-02 0.4061798143742D-02 0.4111344131171D-02 0.4161493630061D-02
 0.4212253990359D-02 0.4263632651638D-02 0.4315637144036D-02 0.4368275089445D-02
 0.4421554202587D-02 0.4475482292143D-02 0.4530067261850D-02 0.4585317111859D-02
 0.4641239939528D-02 0.4697843941112D-02 0.4755137412606D-02 0.4813128750841D-02
 0.4871826455278D-02 0.4931239128665D-02 0.4991375478480D-02 0.5052244318550D-02
 0.5113854569837D-02 0.5176215261952D-02 0.5239335534526D-02 0.5303224638511D-02
 0.5367891937612D-02 0.5433346909472D-02 0.5499599147185D-02 0.5566658360834D-02
 0.5634534378683D-02 0.5703237148513D-02 0.5772776739435D-02 0.5843163343406D-02
 0.5914407276090D-02 0.5986518979207D-02 0.6059509021370D-02 0.6133388100041D-02
 0.6208167042969D-02 0.6283856809757D-02 0.6360468493525D-02 0.6438013322395D-02
 0.6516502661469D-02 0.6595948013999D-02 0.6676361023628D-02 0.6757753475685D-02
 0.6840137298899D-02 0.6923524567459D-02 0.7007927502727D-02 0.7093358474608D-02
 0.7179830003918D-02 0.7267354763817D-02 0.7355945581971D-02 0.7445615442170D-02
 0.7536377486329D-02 0.7628245016507D-02 0.7721231496834D-02 0.7815350555238D-02
 0.7910615985715D-02 0.8007041750381D-02 0.8104641981330D-02 0.8203430982593D-02
 0.8303423232715D-02 0.8404633386415D-02 0.8507076276931D-02 0.8610766918194D-02
 0.8715720507051D-02 0.8821952425209D-02 0.8929478242026D-02 0.9038313716168D-02
 0.9148474798461D-02 0.9259977634041D-02 0.9372838564526D-02 0.9487074130498D-02
 0.9602701074346D-02 0.9719736341944D-02 0.9838197085855D-02 0.9958100667374D-02
 0.1007946465946D-01 0.1020230684887D-01 0.1032664523909D-01 0.1045249805290D-01
 0.1057988373495D-01 0.1070882095457D-01 0.1083932860853D-01 0.1097142582365D-01
 0.1110513195976D-01 0.1124046661243D-01 0.1137744961595D-01 0.1151610104608D-01
 0.1165644122313D-01 0.1179849071504D-01 0.1194227034012D-01 0.1208780117005D-01
 0.1223510453347D-01 0.1238420201863D-01 0.1253511547661D-01 0.1268786702467D-01
 0.1284247904976D-01 0.1299897421089D-01 0.1315737544351D-01 0.1331770596216D-01
 0.1347998926419D-01 0.1364424913305D-01 0.1381050964208D-01 0.1397879515739D-01
 0.1414913034220D-01 0.1432154015991D-01 0.1449604987809D-01 0.1467268507195D-01
 0.1485147162801D-01 0.1503243574847D-01 0.1521560395405D-01 0.1540100308911D-01
 0.1558866032438D-01 0.1577860316176D-01 0.1597085943812D-01 0.1616545732925D-01
 0.1636242535395D-01 0.1656179237861D-01 0.1676358762089D-01 0.1696784065451D-01
 0.1717458141319D-01 0.1738384019521D-01 0.1759564766788D-01 0.1781003487194D-01
 0.1802703322620D-01 0.1824667453200D-01 0.1846899097798D-01 0.1869401514478D-01
 0.1892178000997D-01 0.1915231895245D-01 0.1938566575767D-01 0.1962185462270D-01
 0.1986092016079D-01 0.2010289740683D-01 0.2034782182239D-01 0.2059572930084D-01
 0.2084665617256D-01 0.2110063921043D-01 0.2135771563506D-01 0.2161792312044D-01
 0.2188129979915D-01 0.2214788426838D-01 0.2241771559494D-01 0.2269083332158D-01
 0.2296727747262D-01 0.2324708855972D-01 0.2353030758770D-01 0.2381697606089D-01
 0.2410713598879D-01 0.2440082989271D-01 0.2469810081143D-01 0.2499899230800D-01
 0.2530354847579D-01 0.2561181394522D-01 0.2592383388987D-01 0.2623965403367D-01
 0.2655932065696D-01 0.2688288060394D-01 0.2721038128900D-01 0.2754187070374D-01
 0.2787739742422D-01 0.2821701061797D-01 0.2856076005099D-01 0.2890869609556D-01
 0.2926086973669D-01 0.2961733258050D-01 0.2997813686167D-01 0.3034333545018D-01
 0.3071298186028D-01 0.3108713025749D-01 0.3146583546661D-01 0.3184915298023D-01
 0.3223713896625D-01 0.3262985027662D-01 0.3302734445518D-01 0.3342967974642D-01
 0.3383691510393D-01 0.3424911019877D-01 0.3466632542856D-01 0.3508862192611D-01
 0.3551606156858D-01 0.3594870698608D-01 0.3638662157122D-01 0.3682986948831D-01
 0.3727851568263D-01 0.3773262589012D-01 0.3819226664670D-01 0.3865750529811D-01
 0.3912841001000D-01 0.3960504977774D-01 0.4008749443612D-01 0.4057581467023D-01
 0.4107008202536D-01 0.4157036891751D-01 0.4207674864398D-01 0.4258929539422D-01
 0.4310808426053D-01 0.4363319124907D-01 0.4416469329081D-01 0.4470266825318D-01
 0.4524719495106D-01 0.4579835315829D-01 0.4635622361947D-01 0.4692088806179D-01
 0.4749242920706D-01 0.4807093078328D-01 0.4865647753725D-01 0.4924915524713D-01
 0.4984905073449D-01 0.5045625187726D-01 0.5107084762257D-01 0.5169292799952D-01
 0.5232258413254D-01 0.5295990825454D-01 0.5360499372047D-01 0.5425793502089D-01
 0.5491882779556D-01 0.5558776884771D-01 0.5626485615810D-01 0.5695018889898D-01
 0.5764386744876D-01 0.5834599340688D-01 0.5905666960806D-01 0.5977600013791D-01
 0.6050409034744D-01 0.6124104686908D-01 0.6198697763151D-01 0.6274199187604D-01
 0.6350620017199D-01 0.6427971443299D-01 0.6506264793349D-01 0.6585511532471D-01
 0.6665723265170D-01 0.6746911737029D-01 0.6829088836382D-01 0.6912266596074D-01
 0.6996457195193D-01 0.7081672960840D-01 0.7167926369936D-01 0.7255230051003D-01
 0.7343596786033D-01 0.7433039512330D-01 0.7523571324379D-01 0.7615205475754D-01
 0.7707955381036D-01 0.7801834617770D-01 0.7896856928434D-01 0.7993036222412D-01
 0.8090386578010D-01 0.8188922244549D-01 0.8288657644354D-01 0.8389607374882D-01
 0.8491786210838D-01 0.8595209106307D-01 0.8699891196908D-01 0.8805847801987D-01
 0.8913094426849D-01 0.9021646764989D-01 0.9131520700342D-01 0.9242732309599D-01
 0.9355297864532D-01 0.9469233834308D-01 0.9584556887915D-01 0.9701283896516D-01
 0.9819431935940D-01 0.9939018289080D-01 0.1006006044841D+00 0.1018257611852D+00
 0.1030658321864D+00 0.1043209988522D+00 0.1055914447458D+00 0.1068773556548D+00
 0.1081789196181D+00 0.1094963269534D+00 0.1108297702839D+00 0.1121794445663D+00
 0.1135455471183D+00 0.1149282776477D+00 0.1163278382800D+00 0.1177444335882D+00
 0.1191782706213D+00 0.1206295589344D+00 0.1220985106189D+00 0.1235853403318D+00
 0.1250902653272D+00 0.1266135054871D+00 0.1281552833523D+00 0.1297158241549D+00
 0.1312953558493D+00 0.1328941091457D+00 0.1345123175420D+00 0.1361502173574D+00
 0.1378080477656D+00 0.1394860508296D+00 0.1411844715344D+00 0.1429035578232D+00
 0.1446435606317D+00 0.1464047339235D+00 0.1481873347262D+00 0.1499916231673D+00
 0.1518178625118D+00 0.1536663191976D+00 0.1555372628744D+00 0.1574309664410D+00
 0.1593477060834D+00 0.1612877613140D+00 0.1632514150102D+00 0.1652389534541D+00
 0.1672506663729D+00 0.1692868469787D+00 0.1713477920097D+00 0.1734338017712D+00
 0.1755451801776D+00 0.1776822347944D+00 0.1798452768811D+00 0.1820346214337D+00
 0.1842505872287D+00 0.1864934968670D+00 0.1887636768183D+00 0.1910614574654D+00
 0.1933871731509D+00 0.1957411622218D+00 0.1981237670762D+00 0.2005353342103D+00
 0.2029762142652D+00 0.2054467620753D+00 0.2079473367157D+00 0.2104783015515D+00
 0.2130400242866D+00 0.2156328770134D+00 0.2182572362634D+00 0.2209134830573D+00
 0.2236020029561D+00 0.2263231861133D+00 0.2290774273263D+00 0.2318651260898D+00
 0.2346866866478D+00 0.2375425180484D+00 0.2404330341973D+00 0.2433586539121D+00
 0.2463198009781D+00 0.2493169042032D+00 0.2523503974747D+00 0.2554207198152D+00
 0.2585283154400D+00 0.2616736338150D+00 0.2648571297140D+00 0.2680792632780D+00
 0.2713405000738D+00 0.2746413111538D+00 0.2779821731160D+00 0.2813635681642D+00
 0.2847859841695D+00 0.2882499147313D+00 0.2917558592399D+00 0.2953043229380D+00
 0.2988958169842D+00 0.3025308585165D+00 0.3062099707155D+00 0.3099336828692D+00
 0.3137025304371D+00 0.3175170551161D+00 0.3213778049052D+00 0.3252853341723D+00
 0.3292402037199D+00 0.3332429808523D+00 0.3372942394425D+00 0.3413945599999D+00
 0.3455445297384D+00 0.3497447426444D+00 0.3539957995457D+00 0.3582983081798D+00
 0.3626528832643D+00 0.3670601465657D+00 0.3715207269692D+00 0.3760352605497D+00
 0.3806043906409D+00 0.3852287679075D+00 0.3899090504144D+00 0.3946459036993D+00
 0.3994400008428D+00 0.4042920225405D+00 0.4092026571737D+00 0.4141726008823D+00
 0.4192025576349D+00 0.4242932393020D+00 0.4294453657268D+00 0.4346596647971D+00
 0.4399368725175D+00 0.4452777330803D+00 0.4506829989376D+00 0.4561534308726D+00
 0.4616897980700D+00 0.4672928781880D+00 0.4729634574285D+00 0.4787023306071D+00
 0.4845103012238D+00 0.4903881815321D+00 0.4963367926080D+00 0.5023569644191D+00
 0.5084495358924D+00 0.5146153549811D+00 0.5208552787325D+00 0.5271701733528D+00
 0.5335609142729D+00 0.5400283862124D+00 0.5465734832429D+00 0.5531971088502D+00
 0.5599001759955D+00 0.5666836071749D+00 0.5735483344789D+00 0.5804952996486D+00
 0.5875254541319D+00 0.5946397591381D+00 0.6018391856897D+00 0.6091247146731D+00
 0.6164973368884D+00 0.6239580530947D+00 0.6315078740560D+00 0.6391478205831D+00
 0.6468789235733D+00 0.6547022240480D+00 0.6626187731879D+00 0.6706296323639D+00
 0.6787358731669D+00 0.6869385774328D+00 0.6952388372650D+00 0.7036377550534D+00
 0.7121364434890D+00 0.7207360255756D+00 0.7294376346360D+00 0.7382424143150D+00
 0.7471515185773D+00 0.7561661117005D+00 0.7652873682633D+00 0.7745164731280D+00
 0.7838546214173D+00 0.7933030184857D+00 0.8028628798841D+00 0.8125354313182D+00
 0.8223219085994D+00 0.8322235575895D+00 0.8422416341365D+00 0.8523774040035D+00
 0.8626321427883D+00 0.8730071358350D+00 0.8835036781353D+00 0.8941230742212D+00
 0.9048666380463D+00 0.9157356928569D+00 0.9267315710518D+00 0.9378556140302D+00
 0.9491091720267D+00 0.9604936039336D+00 0.9720102771093D+00 0.9836605671720D+00
 0.9954458577783D+00 0.1007367540386D+01 0.1019427013999D+01 0.1031625684898D+01
 0.1043964966345D+01 0.1056446278279D+01 0.1069071046983D+01 0.1081840704729D+01
 0.1094756689408D+01 0.1107820444129D+01 0.1121033416796D+01 0.1134397059655D+01
 0.1147912828823D+01 0.1161582183772D+01 0.1175406586799D+01 0.1189387502452D+01
 0.1203526396929D+01 0.1217824737433D+01 0.1232283991503D+01 0.1246905626289D+01
 0.1261691107800D+01 0.1276641900097D+01 0.1291759464450D+01 0.1307045258435D+01
 0.1322500734990D+01 0.1338127341410D+01 0.1353926518292D+01 0.1369899698413D+01
 0.1386048305550D+01 0.1402373753229D+01 0.1418877443412D+01 0.1435560765099D+01
 0.1452425092864D+01 0.1469471785298D+01 0.1486702183374D+01 0.1504117608716D+01
 0.1521719361774D+01 0.1539508719895D+01 0.1557486935289D+01 0.1575655232883D+01
 0.1594014808050D+01 0.1612566824219D+01 0.1631312410348D+01 0.1650252658257D+01
 0.1669388619811D+01 0.1688721303949D+01 0.1708251673549D+01 0.1727980642107D+01
 0.1747909070249D+01 0.1768037762026D+01 0.1788367461023D+01 0.1808898846230D+01
 0.1829632527697D+01 0.1850569041934D+01 0.1871708847053D+01 0.1893052317639D+01
 0.1914599739329D+01 0.1936351303078D+01 0.1958307099107D+01 0.1980467110495D+01
 0.2002831206415D+01 0.2025399134972D+01 0.2048170515633D+01 0.2071144831223D+01
 0.2094321419443D+01 0.2117699463913D+01 0.2141277984679D+01 0.2165055828165D+01
 0.2189031656537D+01 0.2213203936439D+01 0.2237570927053D+01 0.2262130667455D+01
 0.2286880963210D+01 0.2311819372159D+01 0.2336943189348D+01 0.2362249431041D+01
 0.2387734817749D+01 0.2413395756224D+01 0.2439228320336D+01 0.2465228230753D+01
 0.2491390833356D+01 0.2517711076294D+01 0.2544183485569D+01 0.2570802139080D+01
 0.2597560638972D+01 0.2624452082209D+01 0.2651469029213D+01 0.2678603470427D+01
 0.2705846790668D+01 0.2733189731073D+01 0.2760622348469D+01 0.2788133971971D+01
 0.2815713156567D+01 0.2843347633476D+01 0.2871024256995D+01 0.2898728947557D+01
 0.2926446630681D+01 0.2954161171470D+01 0.2981855304261D+01 0.3009510557025D+01
 0.3037107170029D+01 0.3064624008267D+01 0.3092038467062D+01 0.3119326370243D+01
 0.3146461860154D+01 0.3173417278749D+01 0.3200163038878D+01 0.3226667484818D+01
 0.3252896740936D+01 0.3278814547305D+01 0.3304382080889D+01 0.3329557760795D+01
 0.3354297035859D+01 0.3378552152676D+01 0.3402271901861D+01 0.3425401330678D+01
 0.3447881465769D+01
                                    0.0000000000000D+00
 1030 0.1421241198547D+00
 0.1144488860460D-11 0.1157776962374D-11 0.1171233076929D-11 0.1184859508548D-11
 0.1198685082837D-11 0.1212738152972D-11 0.1227020752538D-11 0.1241534968607D-11
 0.1256283058230D-11 0.1271267198351D-11 0.1286489796108D-11 0.1301953229202D-11
 0.1317660063327D-11 0.1333612862962D-11 0.1349814261221D-11 0.1366267011868D-11
 0.1382973953726D-11 0.1399937973311D-11 0.1417161991763D-11 0.1434649145781D-11
 0.1452402527962D-11 0.1470425310501D-11 0.1488720892713D-11 0.1507292530727D-11
 0.1526143741012D-11 0.1545278077570D-11 0.1564699079204D-11 0.1584410516017D-11
 0.1604416157968D-11 0.1624719794024D-11 0.1645325514820D-11 0.1666237328283D-11
 0.1687459240648D-11 0.1708995618190D-11 0.1730850672595D-11 0.1753028832960D-11
 0.1775534592048D-11 0.1798372492028D-11 0.1821547239088D-11 0.1845063619083D-11
 0.1868926485753D-11 0.1893140819097D-11 0.1917711591602D-11 0.1942644029532D-11
 0.1967943524061D-11 0.1993615227278D-11 0.2019664757904D-11 0.2046097612537D-11
 0.2072919561816D-11 0.2100136359398D-11 0.2127753965698D-11 0.2155778436095D-11
 0.2184215806591D-11 0.2213072460182D-11 0.2242354737502D-11 0.2272069153525D-11
 0.2302222422903D-11 0.2332821167022D-11 0.2363872378655D-11 0.2395383102189D-11
 0.2427360385855D-11 0.2459811659553D-11 0.2492744275397D-11 0.2526165896743D-11
 0.2560084276657D-11 0.2594507087083D-11 0.2629442481238D-11 0.2664898685483D-11
 0.2700883988154D-11 0.2737406904715D-11 0.2774476100808D-11 0.2812100289650D-11
 0.2850288693879D-11 0.2889050196223D-11 0.2928394265682D-11 0.2968330404096D-11
 0.3008868427509D-11 0.3050018121326D-11 0.3091789567844D-11 0.3134193068508D-11
 0.3177238925137D-11 0.3220938130916D-11 0.3265301306888D-11 0.3310339649388D-11
 0.3356064431414D-11 0.3402487069716D-11 0.3449619655332D-11 0.3497473752708D-11
 0.3546061773700D-11 0.3595396180644D-11 0.3645489473697D-11 0.3696354803557D-11
 0.3748005265096D-11 0.3800454341561D-11 0.3853715611911D-11 0.3907803263237D-11
 0.3962731427460D-11 0.4018514583589D-11 0.4075167617589D-11 0.4132705583858D-11
 0.4191144011120D-11 0.4250498526815D-11 0.4310785118982D-11 0.4372020198570D-11
 0.4434220343551D-11 0.4497402731588D-11 0.4561584606871D-11 0.4626783584984D-11
 0.4693017663600D-11 0.4760305464198D-11 0.4828665671595D-11 0.4898117329427D-11
 0.4968679945807D-11 0.5040373477182D-11 0.5113218405094D-11 0.5187235355118D-11
 0.5262445301141D-11 0.5338870170864D-11 0.5416531783613D-11 0.5495452753766D-11
 0.5575655759788D-11 0.5657164395583D-11 0.5740002417390D-11 0.5824194318411D-11
 0.5909764773141D-11 0.5996739370477D-11 0.6085143768756D-11 0.6175004687850D-11
 0.6266348946254D-11 0.6359203855838D-11 0.6453597843401D-11 0.6549559368960D-11
 0.6647117709538D-11 0.6746302937869D-11 0.6847145229152D-11 0.6949676029558D-11
 0.7053927156467D-11 0.7159930708289D-11 0.7267719949597D-11 0.7377328808177D-11
 0.7488791734844D-11 0.7602144159660D-11 0.7717421514188D-11 0.7834661148697D-11
 0.7953900499031D-11 0.8075177531947D-11 0.8198531749128D-11 0.8324002797511D-11
 0.8451631780516D-11 0.8581460219122D-11 0.8713530650900D-11 0.8847886332751D-11
 0.8984571970922D-11 0.9123632940319D-11 0.9265115236466D-11 0.9409066454179D-11
 0.9555534670396D-11 0.9704569292235D-11 0.9856220642064D-11 0.1001054060420D-10
 0.1016758119772D-10 0.1032739647055D-10 0.1049004132450D-10 0.1065557152579D-10
 0.1082404482765D-10 0.1099551932185D-10 0.1117005514931D-10 0.1134771340184D-10
 0.1152855600302D-10 0.1171264726445D-10 0.1190005211838D-10 0.1209083724685D-10
 0.1228507076586D-10 0.1248282202777D-10 0.1268416228712D-10 0.1288916403330D-10
 0.1309790146516D-10 0.1331045033431D-10 0.1352688819189D-10 0.1374729478869D-10
 0.1397175020241D-10 0.1420033764647D-10 0.1443314194561D-10 0.1467024894190D-10
 0.1491174740503D-10 0.1515772765423D-10 0.1540828169682D-10 0.1566350407772D-10
 0.1592349159257D-10 0.1618834208437D-10 0.1645815721098D-10 0.1673303953899D-10
 0.1701309419192D-10 0.1729842946994D-10 0.1758915515933D-10 0.1788538385616D-10
 0.1818723067044D-10 0.1849481326898D-10 0.1880825213658D-10 0.1912766989371D-10
 0.1945319270059D-10 0.1978494925356D-10 0.2012307046121D-10 0.2046769139118D-10
 0.2081894957104D-10 0.2117698545222D-10 0.2154194234544D-10 0.2191396809808D-10
 0.2229321261847D-10 0.2267982984038D-10 0.2307397710603D-10 0.2347581544673D-10
 0.2388550845286D-10 0.2430322497134D-10 0.2472913720755D-10 0.2516342149031D-10
 0.2560625674987D-10 0.2605782779833D-10 0.2651832267641D-10 0.2698793422758D-10
 0.2746685939512D-10 0.2795529934064D-10 0.2845346079985D-10 0.2896155388946D-10
 0.2947979459828D-10 0.3000840397835D-10 0.3054760703288D-10 0.3109763501696D-10
 0.3165872412211D-10 0.3223111558920D-10 0.3281505694930D-10 0.3341080125765D-10
 0.3401860697317D-10 0.3463873803727D-10 0.3527146626360D-10 0.3591706868858D-10
 0.3657582865161D-10 0.3724803507929D-10 0.3793398553880D-10 0.3863398414198D-10
 0.3934834024784D-10 0.4007737291627D-10 0.4082140638787D-10 0.4158077381668D-10
 0.4235581593095D-10 0.4314688022169D-10 0.4395432384402D-10 0.4477851232521D-10
 0.4561981749328D-10 0.4647862137369D-10 0.4735531629552D-10 0.4825030091412D-10
 0.4916398483557D-10 0.5009678755072D-10 0.5104913726867D-10 0.5202147216513D-10
 0.5301424131924D-10 0.5402790576075D-10 0.5506293383166D-10 0.5611980753837D-10
 0.5719901858213D-10 0.5830107238413D-10 0.5942648435993D-10 0.6057578160775D-10
 0.6174950510635D-10 0.6294820882855D-10 0.6417245774820D-10 0.6542283106052D-10
 0.6669992151628D-10 0.6800433808290D-10 0.6933670005322D-10 0.7069764415732D-10
 0.7208782127161D-10 0.7350789701934D-10 0.7495855438591D-10 0.7644049115764D-10
 0.7795442147114D-10 0.7950107619459D-10 0.8108120514379D-10 0.8269557437593D-10
 0.8434496755137D-10 0.8603018980026D-10 0.8775206105592D-10 0.8951142379794D-10
 0.9130913894003D-10 0.9314608984308D-10 0.9502317744412D-10 0.9694132734406D-10
 0.9890148565578D-10 0.1009046196858D-09 0.1029517235355D-09 0.1050438092001D-09
 0.1071819176003D-09 0.1093671127973D-09 0.1116004846779D-09 0.1138831474200D-09
 0.1162162418845D-09 0.1186009369016D-09 0.1210384321003D-09 0.1235299514872D-09
 0.1260767481581D-09 0.1286801064725D-09 0.1313413425561D-09 0.1340618016076D-09
 0.1368428624070D-09 0.1396859372979D-09 0.1425924693700D-09 0.1455639390621D-09
 0.1486018610767D-09 0.1517077875631D-09 0.1548833041250D-09 0.1581300384589D-09
 0.1614496549222D-09 0.1648438587915D-09 0.1683143954361D-09 0.1718630517600D-09
 0.1754916577884D-09 0.1792020865956D-09 0.1829962607370D-09 0.1868761400506D-09
 0.1908437388803D-09 0.1949011183274D-09 0.1990503854778D-09 0.2032937017548D-09
 0.2076332776921D-09 0.2120713803996D-09 0.2166103276360D-09 0.2212524941614D-09
 0.2260003146193D-09 0.2308562756086D-09 0.2358229295120D-09 0.2409028888165D-09
 0.2460988248914D-09 0.2514134798145D-09 0.2568496536073D-09 0.2624102245741D-09
 0.2680981270681D-09 0.2739163769112D-09 0.2798680576097D-09 0.2859563276631D-09
 0.2921844204093D-09 0.2985556500661D-09 0.3050734071399D-09 0.3117411663066D-09
 0.3185624874619D-09 0.3255410091688D-09 0.3326804671082D-09 0.3399846809532D-09
 0.3474575630212D-09 0.3551031234625D-09 0.3629254654440D-09 0.3709287912970D-09
 0.3791174098065D-09 0.3874957208135D-09 0.3960682504867D-09 0.4048396187055D-09
 0.4138145615973D-09 0.4229979308997D-09 0.4323946903692D-09 0.4420099292996D-09
 0.4518488603578D-09 0.4619168190456D-09 0.4722192687211D-09 0.4827618110621D-09
 0.4935501760453D-09 0.5045902387984D-09 0.5158880053753D-09 0.5274496472140D-09
 0.5392814640356D-09 0.5513899164018D-09 0.5637816259043D-09 0.5764633664751D-09
 0.5894420867623D-09 0.6027248869078D-09 0.6163190546297D-09 0.6302320470447D-09
 0.6444715071915D-09 0.6590452516452D-09 0.6739612995763D-09 0.6892278577894D-09
 0.7048533326790D-09 0.7208463371271D-09 0.7372156883622D-09 0.7539704205252D-09
 0.7711197886244D-09 0.7886732644694D-09 0.8066405589662D-09 0.8250316124906D-09
 0.8438566100005D-09 0.8631259829517D-09 0.8828504105861D-09 0.9030408408030D-09
 0.9237084807611D-09 0.9448648115102D-09 0.9665215930778D-09 0.9886908699341D-09
 0.1011384980168D-08 0.1034616564438D-08 0.1058398559504D-08 0.1082744237416D-08
 0.1107667163964D-08 0.1133181258429D-08 0.1159300770783D-08 0.1186040293383D-08
 0.1213414775826D-08 0.1241439536422D-08 0.1270130258906D-08 0.1299503009183D-08
 0.1329574246519D-08 0.1360360828220D-08 0.1391880025010D-08 0.1424149520505D-08
 0.1457187434722D-08 0.1491012335726D-08 0.1525643219278D-08 0.1561099577776D-08
 0.1597401333770D-08 0.1634568949523D-08 0.1672623330606D-08 0.1711585922874D-08
 0.1751478689913D-08 0.1792324136069D-08 0.1834145289445D-08 0.1876965767885D-08
 0.1920809739718D-08 0.1965701977417D-08 0.2011667856802D-08 0.2058733365796D-08
 0.2106925124380D-08 0.2156270406193D-08 0.2206797143250D-08 0.2258533956468D-08
 0.2311510153853D-08 0.2365755766379D-08 0.2421301548723D-08 0.2478179019347D-08
 0.2536420442794D-08 0.2596058889085D-08 0.2657128230656D-08 0.2719663156002D-08
 0.2783699203168D-08 0.2849272789907D-08 0.2916421206087D-08 0.2985182653482D-08
 0.3055596274317D-08 0.3127702150564D-08 0.3201541355197D-08 0.3277155956603D-08
 0.3354589054520D-08 0.3433884791108D-08 0.3515088381902D-08 0.3598246172569D-08
 0.3683405610600D-08 0.3770615309514D-08 0.3859925071823D-08 0.3951385913474D-08
 0.4045050104202D-08 0.4140971167158D-08 0.4239203958615D-08 0.4339804646664D-08
 0.4442830796139D-08 0.4548341359714D-08 0.4656396738601D-08 0.4767058799405D-08
 0.4880390922266D-08 0.4996458049474D-08 0.5115326682295D-08 0.5237064956313D-08
 0.5361742697706D-08 0.5489431393562D-08 0.5620204297945D-08 0.5754136449652D-08
 0.5891304740591D-08 0.6031787911672D-08 0.6175666632945D-08 0.6323023564819D-08
 0.6473943367317D-08 0.6628512766685D-08 0.6786820636648D-08 0.6948957973941D-08
 0.7115018041458D-08 0.7285096352222D-08 0.7459290776381D-08 0.7637701586831D-08
 0.7820431437569D-08 0.8007585567973D-08 0.8199271754912D-08 0.8395600410456D-08
 0.8596684654012D-08 0.8802640351042D-08 0.9013586239144D-08 0.9229643905916D-08
 0.9450937935830D-08 0.9677595979527D-08 0.9909748776440D-08 0.1014753027689D-07
 0.1039107771184D-07 0.1064053164614D-07 0.1089603609209D-07 0.1115773860650D-07
 0.1142579030753D-07 0.1170034604850D-07 0.1198156445578D-07 0.1226960803812D-07
 0.1256464327490D-07 0.1286684070630D-07 0.1317637506664D-07 0.1349342535567D-07
 0.1381817494492D-07 0.1415081169159D-07 0.1449152803839D-07 0.1484052117415D-07
 0.1519799308442D-07 0.1556415066804D-07 0.1593920595543D-07 0.1632337611672D-07
 0.1671688363513D-07 0.1711995642269D-07 0.1753282805893D-07 0.1795573771184D-07
 0.1838893048566D-07 0.1883265746956D-07 0.1928717587193D-07 0.1975274924609D-07
 0.2022964752042D-07 0.2071814727587D-07 0.2121853191306D-07 0.2173109163952D-07
 0.2225612389918D-07 0.2279393338067D-07 0.2334483213133D-07 0.2390914001379D-07
 0.2448718456870D-07 0.2507930142806D-07 0.2568583444668D-07 0.2630713585432D-07
 0.2694356654757D-07 0.2759549629104D-07 0.2826330377507D-07 0.2894737709506D-07
 0.2964811383198D-07 0.3036592124761D-07 0.3110121660386D-07 0.3185442740670D-07
 0.3262599156641D-07 0.3341635783572D-07 0.3422598586724D-07 0.3505534660042D-07
 0.3590492250642D-07 0.3677520791981D-07 0.3766670920146D-07 0.3857994521236D-07
 0.3951544746961D-07 0.4047376053171D-07 0.4145544228472D-07 0.4246106431667D-07
 0.4349121225892D-07 0.4454648596171D-07 0.4562750013750D-07 0.4673488448336D-07
 0.4786928411133D-07 0.4903135995962D-07 0.5022178930470D-07 0.5144126584589D-07
 0.5269050034678D-07 0.5397022103116D-07 0.5528117394312D-07 0.5662412348100D-07
 0.5799985275753D-07 0.5940916401627D-07 0.6085287931093D-07 0.6233184074967D-07
 0.6384691117939D-07 0.6539897456349D-07 0.6698893657655D-07 0.6861772507982D-07
 0.7028629077061D-07 0.7199560752571D-07 0.7374667334184D-07 0.7554051051479D-07
 0.7737816656787D-07 0.7926071462613D-07 0.8118925419890D-07 0.8316491179558D-07
 0.8518884160966D-07 0.8726222614643D-07 0.8938627690910D-07 0.9156223521203D-07
 0.9379137278335D-07 0.9607499266271D-07 0.9841442983820D-07 0.1008110521635D-06
 0.1032662610207D-06 0.1057814922317D-06 0.1083582169182D-06 0.1109979424157D-06
 0.1137022128993D-06 0.1164726107635D-06 0.1193107571030D-06 0.1222183129913D-06
 0.1251969802121D-06 0.1282485025038D-06 0.1313746664609D-06 0.1345773025571D-06
 0.1378582863356D-06 0.1412195394913D-06 0.1446630309435D-06 0.1481907782210D-06
 0.1518048482231D-06 0.1555073589209D-06 0.1593004803660D-06 0.1631864360116D-06
 0.1671675040315D-06 0.1712460188922D-06 0.1754243722508D-06 0.1797050148854D-06
 0.1840904578764D-06 0.1885832741912D-06 0.1931861001557D-06 0.1979016371014D-06
 0.2027326530174D-06 0.2076819840880D-06 0.2127525362909D-06 0.2179472874953D-06
 0.2232692889214D-06 0.2287216670065D-06 0.2343076255033D-06 0.2400304470600D-06
 0.2458934954052D-06 0.2519002173620D-06 0.2580541448758D-06 0.2643588970726D-06
 0.2708181825143D-06 0.2774358014160D-06 0.2842156478758D-06 0.2911617123100D-06
 0.2982780838141D-06 0.3055689524545D-06 0.3130386122498D-06 0.3206914631970D-06
 0.3285320142688D-06 0.3365648860862D-06 0.3447948139771D-06 0.3532266498975D-06
 0.3618653665841D-06 0.3707160599679D-06 0.3797839518247D-06 0.3890743942810D-06
 0.3985928712648D-06 0.4083450035137D-06 0.4183365508492D-06 0.4285734162356D-06
 0.4390616495271D-06 0.4498074502525D-06 0.4608171727331D-06 0.4720973288094D-06
 0.4836545923826D-06 0.4954958033512D-06 0.5076279721713D-06 0.5200582834352D-06
 0.5327941010791D-06 0.5458429721892D-06 0.5592126322481D-06 0.5729110095863D-06
 0.5869462303113D-06 0.6013266235783D-06 0.6160607263242D-06 0.6311572888499D-06
 0.6466252801337D-06 0.6624738937416D-06 0.6787125527298D-06 0.6953509166763D-06
 0.7123988866712D-06 0.7298666122252D-06 0.7477644969361D-06 0.7661032059033D-06
 0.7848936715569D-06 0.8041471011710D-06 0.8238749833301D-06 0.8440890961353D-06
 0.8648015133932D-06 0.8860246132900D-06 0.9077710857897D-06 0.9300539408828D-06
 0.9528865165965D-06 0.9762824878607D-06 0.1000255875043D-05 0.1024821052909D-05
 0.1049992760033D-05 0.1075786108273D-05 0.1102216592225D-05 0.1129300099402D-05
 0.1157052920882D-05 0.1185491761294D-05 0.1214633749927D-05 0.1244496452244D-05
 0.1275097880691D-05 0.1306456507413D-05 0.1338591275086D-05 0.1371521611030D-05
 0.1405267438529D-05 0.1439849191183D-05 0.1475287825384D-05 0.1511604835778D-05
 0.1548822267815D-05 0.1586962734120D-05 0.1626049428757D-05 0.1666106143007D-05
 0.1707157281689D-05 0.1749227879501D-05 0.1792343618453D-05 0.1836530844698D-05
 0.1881816587276D-05 0.1928228576128D-05 0.1975795261628D-05 0.2024545834303D-05
 0.2074510244474D-05 0.2125719224342D-05 0.2178204307969D-05 0.2231997854393D-05
 0.2287133070957D-05 0.2343644035445D-05 0.2401565721223D-05 0.2460934022223D-05
 0.2521785777612D-05 0.2584158799973D-05 0.2648091901857D-05 0.2713624923448D-05
 0.2780798762421D-05 0.2849655403144D-05 0.2920237948374D-05 0.2992590651046D-05
 0.3066758946365D-05 0.3142789486386D-05 0.3220730175297D-05 0.3300630204741D-05
 0.3382540091852D-05 0.3466511717293D-05 0.3552598364901D-05 0.3640854763736D-05
 0.3731337128882D-05 0.3824103206844D-05 0.3919212319269D-05 0.4016725410961D-05
 0.4116705097500D-05 0.4219215714793D-05 0.4324323371896D-05 0.4432096002995D-05
 0.4542603423365D-05 0.4655917385765D-05 0.4772111640735D-05 0.4891261994667D-05
 0.5013446377195D-05 0.5138744902809D-05 0.5267239940155D-05 0.5399016181171D-05
 0.5534160715165D-05 0.5672763101471D-05 0.5814915448957D-05 0.5960712495327D-05
 0.6110251691812D-05 0.6263633287519D-05 0.6420960420849D-05 0.6582339211841D-05
 0.6747878857025D-05 0.6917691731277D-05 0.7091893489418D-05 0.7270603174054D-05
 0.7453943327820D-05 0.7642040107344D-05 0.7835023404514D-05 0.8033026970288D-05
 0.8236188542821D-05 0.8444649983782D-05 0.8658557416741D-05 0.8878061370936D-05
 0.9103316932769D-05 0.9334483902075D-05 0.9571726954485D-05 0.9815215809573D-05
 0.1006512540819D-04 0.1032163609304D-04 0.1058493380005D-04 0.1085521025600D-04
 0.1113266318439D-04 0.1141749651810D-04 0.1170992062471D-04 0.1201015253625D-04
 0.1231841619375D-04 0.1263494269603D-04 0.1295997056433D-04 0.1329374601560D-04
 0.1363652324691D-04 0.1398856473186D-04 0.1435014153388D-04 0.1472153362436D-04
 0.1510303022525D-04 0.1549493015661D-04 0.1589754220692D-04 0.1631118551529D-04
 0.1673618997020D-04 0.1717289663047D-04 0.1762165815976D-04 0.1808283928351D-04
 0.1855681726529D-04 0.1904398240612D-04 0.1954473856357D-04 0.2005950369801D-04
 0.2058871044125D-04 0.2113280669373D-04 0.2169225624609D-04 0.2226753943466D-04
 0.2285915382069D-04 0.2346761491065D-04 0.2409345690165D-04 0.2473723346555D-04
 0.2539951857441D-04 0.2608090736106D-04 0.2678201702020D-04 0.2750348775717D-04
 0.2824598378087D-04 0.2901019434604D-04 0.2979683484270D-04 0.3060664794686D-04
 0.3144040482341D-04 0.3229890638754D-04 0.3318298463611D-04 0.3409350403767D-04
 0.3503136299792D-04 0.3599749540025D-04 0.3699287222456D-04 0.3801850324465D-04
 0.3907543882095D-04 0.4016477177641D-04 0.4128763938567D-04 0.4244522544630D-04
 0.4363876248538D-04 0.4486953405747D-04 0.4613887718321D-04 0.4744818490714D-04
 0.4879890900248D-04 0.5019256281250D-04 0.5163072425215D-04 0.5311503896862D-04
 0.5464722368473D-04 0.5622906971079D-04 0.5786244666671D-04 0.5954930639953D-04
 0.6129168712656D-04 0.6309171781134D-04 0.6495162278054D-04 0.6687372660869D-04
 0.6886045928255D-04 0.7091436165650D-04 0.7303809122498D-04 0.7523442823035D-04
 0.7750628212464D-04 0.7985669841461D-04 0.8228886589877D-04 0.8480612434390D-04
 0.8741197261327D-04 0.9011007727944D-04 0.9290428175731D-04 0.9579861598609D-04
 0.9879730670574D-04 0.1019047883478D-03 0.1051257146129D-03 0.1084649707472D-03
 0.1119276865859D-03 0.1155192504157D-03 0.1192453236978D-03 0.1231118567278D-03
 0.1271251052809D-03 0.1312916483273D-03 0.1356184068731D-03 0.1401126640262D-03
 0.1447820863580D-03 0.1496347466563D-03 0.1546791481725D-03 0.1599242504692D-03
 0.1653794969775D-03 0.1710548443993D-03 0.1769607940640D-03 0.1831084254267D-03
 0.1895094318168D-03 0.1961761586329D-03 0.2031216441641D-03 0.2103596632192D-03
 0.2179047737940D-03 0.2257723669912D-03 0.2339787204491D-03 0.2425410555475D-03
 0.2514775986769D-03 0.2608076468872D-03 0.2705516382656D-03 0.2807312273969D-03
 0.2913693663271D-03 0.3024903914517D-03 0.3141201167963D-03 0.3262859342365D-03
 0.3390169211609D-03 0.3523439562439D-03 0.3662998439264D-03 0.3809194483831D-03
 0.3962398377103D-03 0.4123004392062D-03 0.4291432066682D-03 0.4468128007202D-03
 0.4653567832649D-03 0.4848258272698D-03 0.5052739432008D-03 0.5267587235245D-03
 0.5493416068800D-03 0.5730881635810D-03 0.5980684043757D-03 0.6243571144927D-03
 0.6520342151915D-03 0.6811851553489D-03 0.7119013356945D-03 0.7442805687285D-03
 0.7784275775054D-03 0.8144545368981D-03 0.8524816612184D-03 0.8926378425144D-03
 0.9350613442682D-03 0.9799005557039D-03 0.1027314812417D-02 0.1077475289659D-02
 0.1130565975189D-02 0.1186784729408D-02 0.1246344441180D-02 0.1309474288711D-02
 0.1376421115759D-02 0.1447450934607D-02 0.1522850568336D-02 0.1602929446389D-02
 0.1688021568799D-02 0.1778487656188D-02 0.1874717504468D-02 0.1977132565204D-02
 0.2086188774963D-02 0.2202379659482D-02 0.2326239741383D-02 0.2458348283327D-02
 0.2599333402166D-02 0.2749876593525D-02 0.2910717710857D-02 0.3082660447951D-02
 0.3266578379522D-02 0.3463421620862D-02 0.3674224174516D-02 0.3900112040031D-02
 0.4142312171598D-02 0.4402162378595D-02 0.4681122275218D-02 0.4980785398131D-02
 0.5302892625397D-02 0.5649347045997D-02 0.6022230447522D-02 0.6423821609986D-02
 0.6856616616962D-02 0.7323351421343D-02 0.7827026932404D-02 0.8370936924590D-02
 0.8958699105716D-02 0.9594289725504D-02 0.1028208215348D-01 0.1102688991028D-01
 0.1183401469859D-01 0.1270930005055D-01 0.1365919128862D-01 0.1469080258800D-01
 0.1581199203178D-01 0.1703144566827D-01 0.1835877171313D-01 0.1980460619145D-01
 0.2138073148859D-01 0.2310020947565D-01 0.2497753110128D-01 0.2702878459770D-01
 0.2927184474255D-01 0.3172658595204D-01 0.3441512236282D-01 0.3736207849689D-01
 0.4059489460145D-01 0.4414417132567D-01 0.4804405904891D-01 0.5233269791809D-01
 0.5705271550729D-01 0.6225178998555D-01 0.6798328779806D-01 0.7430698614247D-01
 0.8128989198608D-01 0.8900717104567D-01 0.9754320206743D-01 0.1069927739428D+00
 0.1174624457048D+00 0.1290720923267D+00 0.1419566625348D+00 0.1562681847266D+00
 0.1721780260052D+00 0.1896307797418D+00 0.2085180174151D+00 0.2289550980856D+00
 0.2510681126813D+00 0.2749949584900D+00 0.3008865286810D+00 0.3289080295362D+00
 0.3592404395030D+00 0.3920821257804D+00 0.4276506359277D+00 0.4661846839759D+00
 0.5079463527229D+00 0.5532235363729D+00 0.6023326504145D+00 0.6556216387088D+00
 0.7134733111632D+00 0.7763090491818D+00 0.8445929203296D+00 0.9188362483778D+00
 0.9996026901815D+00 0.1087513876736D+01 0.1183255682297D+01 0.1287585192836D+01
 0.1401338453160D+01 0.1525439081310D+01 0.1660907848791D+01 0.1808873336762D+01
 0.1970583790765D+01 0.2147420310812D+01
    0    0
