 nspin  vdif :::::: Potentials for non-spin-polarized non-relativistic Va.      
    1   0.0000000000000D+00
 LSMS:           Va     z=  0.    xvalws=   0.15193
   0.                      2.65165   0. 0.2551193007259D+00
                 -0.1113096740000D+02 0.9751822497023D+00 1001 1030
 0.2043957748937D-04 0.2069978841235D-04 0.2096325294163D-04 0.2123001126428D-04
 0.2150008411627D-04 0.2177349334626D-04 0.2205028137262D-04 0.2233049111770D-04
 0.2261416599041D-04 0.2290134989162D-04 0.2319208718824D-04 0.2348642281252D-04
 0.2378440215960D-04 0.2408607119683D-04 0.2439147638640D-04 0.2470066474155D-04
 0.2501368383400D-04 0.2533058176145D-04 0.2565140722623D-04 0.2597620945249D-04
 0.2630503826747D-04 0.2663794409700D-04 0.2697497791198D-04 0.2731619135161D-04
 0.2766163660221D-04 0.2801136652955D-04 0.2836543456123D-04 0.2872389478564D-04
 0.2908680197796D-04 0.2945421149632D-04 0.2982617939240D-04 0.3020276236991D-04
 0.3058401784830D-04 0.3097000390319D-04 0.3136077928396D-04 0.3175640349053D-04
 0.3215693669520D-04 0.3256243982851D-04 0.3297297454528D-04 0.3338860320430D-04
 0.3380938893710D-04 0.3423539566067D-04 0.3466668803192D-04 0.3510333150093D-04
 0.3554539228221D-04 0.3599293741874D-04 0.3644603475128D-04 0.3690475291859D-04
 0.3736916143340D-04 0.3783933061159D-04 0.3831533162483D-04 0.3879723652759D-04
 0.3928511820849D-04 0.3977905047737D-04 0.4027910801460D-04 0.4078536639921D-04
 0.4129790212884D-04 0.4181679265287D-04 0.4234211633985D-04 0.4287395249103D-04
 0.4341238141353D-04 0.4395748432444D-04 0.4450934348151D-04 0.4506804213423D-04
 0.4563366453661D-04 0.4620629591197D-04 0.4678602258792D-04 0.4737293193688D-04
 0.4796711233472D-04 0.4856865330341D-04 0.4917764537868D-04 0.4979418024210D-04
 0.5041835068127D-04 0.5105025061129D-04 0.5168997508131D-04 0.5233762028284D-04
 0.5299328361417D-04 0.5365706362386D-04 0.5432906005403D-04 0.5500937386568D-04
 0.5569810730982D-04 0.5639536375643D-04 0.5710124790846D-04 0.5781586576703D-04
 0.5853932455440D-04 0.5927173283784D-04 0.6001320045638D-04 0.6076383869247D-04
 0.6152376004850D-04 0.6229307846456D-04 0.6307190927263D-04 0.6386036917353D-04
 0.6465857629912D-04 0.6546665024997D-04 0.6628471199969D-04 0.6711288408130D-04
 0.6795129048060D-04 0.6880005664061D-04 0.6965930963026D-04 0.7052917798427D-04
 0.7140979182931D-04 0.7230128286501D-04 0.7320378438361D-04 0.7411743135084D-04
 0.7504236026510D-04 0.7597870939422D-04 0.7692661863697D-04 0.7788622960316D-04
 0.7885768555328D-04 0.7984113164197D-04 0.8083671465507D-04 0.8184458321742D-04
 0.8286488770431D-04 0.8389778042217D-04 0.8494341541437D-04 0.8600194868188D-04
 0.8707353809122D-04 0.8815834340963D-04 0.8925652635539D-04 0.9036825063796D-04
 0.9149368189439D-04 0.9263298788442D-04 0.9378633826277D-04 0.9495390483188D-04
 0.9613586150088D-04 0.9733238421574D-04 0.9854365117158D-04 0.9976984260679D-04
 0.1010111409488D-03 0.1022677310166D-03 0.1035397996360D-03 0.1048275361075D-03
 0.1061311318923D-03 0.1074507808386D-03 0.1087866791401D-03 0.1101390253545D-03
 0.1115080204860D-03 0.1128938679477D-03 0.1142967736414D-03 0.1157169459605D-03
 0.1171545958780D-03 0.1186099367909D-03 0.1200831848883D-03 0.1215745588012D-03
 0.1230842799504D-03 0.1246125723405D-03 0.1261596627722D-03 0.1277257807822D-03
 0.1293111586664D-03 0.1309160315766D-03 0.1325406374757D-03 0.1341852173146D-03
 0.1358500148434D-03 0.1375352768365D-03 0.1392412530696D-03 0.1409681963552D-03
 0.1427163625552D-03 0.1444860106724D-03 0.1462774027497D-03 0.1480908041865D-03
 0.1499264834628D-03 0.1517847123572D-03 0.1536657659904D-03 0.1555699227810D-03
 0.1574974645471D-03 0.1594486765035D-03 0.1614238473769D-03 0.1634232693315D-03
 0.1654472381713D-03 0.1674960531999D-03 0.1695700174300D-03 0.1716694375095D-03
 0.1737946237831D-03 0.1759458904842D-03 0.1781235555150D-03 0.1803279407276D-03
 0.1825593718738D-03 0.1848181786587D-03 0.1871046947821D-03 0.1894192579263D-03
 0.1917622100856D-03 0.1941338971694D-03 0.1965346693787D-03 0.1989648812439D-03
 0.2014248915231D-03 0.2039150633171D-03 0.2064357641961D-03 0.2089873661494D-03
 0.2115702457030D-03 0.2141847839493D-03 0.2168313666361D-03 0.2195103841626D-03
 0.2222222316905D-03 0.2249673092255D-03 0.2277460214887D-03 0.2305587782490D-03
 0.2334059943095D-03 0.2362880892974D-03 0.2392054881905D-03 0.2421586208835D-03
 0.2451479226708D-03 0.2481738341049D-03 0.2512368010890D-03 0.2543372748587D-03
 0.2574757121780D-03 0.2606525754782D-03 0.2638683327008D-03 0.2671234573945D-03
 0.2704184290590D-03 0.2737537328612D-03 0.2771298599468D-03 0.2805473074017D-03
 0.2840065783343D-03 0.2875081820555D-03 0.2910526339905D-03 0.2946404558168D-03
 0.2982721755569D-03 0.3019483277345D-03 0.3056694532644D-03 0.3094360997344D-03
 0.3132488213253D-03 0.3171081789504D-03 0.3210147403912D-03 0.3249690802840D-03
 0.3289717802891D-03 0.3330234291326D-03 0.3371246226114D-03 0.3412759639494D-03
 0.3454780635685D-03 0.3497315392788D-03 0.3540370165889D-03 0.3583951284229D-03
 0.3628065155075D-03 0.3672718262903D-03 0.3717917171770D-03 0.3763668525073D-03
 0.3809979047580D-03 0.3856855544827D-03 0.3904304905894D-03 0.3952334104427D-03
 0.4000950196806D-03 0.4050160327553D-03 0.4099971725361D-03 0.4150391710808D-03
 0.4201427689304D-03 0.4253087158794D-03 0.4305377707952D-03 0.4358307017739D-03
 0.4411882863059D-03 0.4466113112398D-03 0.4521005729932D-03 0.4576568778741D-03
 0.4632810417581D-03 0.4689738905555D-03 0.4747362602711D-03 0.4805689969361D-03
 0.4864729570314D-03 0.4924490074159D-03 0.4984980255203D-03 0.5046208992881D-03
 0.5108185277238D-03 0.5170918205494D-03 0.5234416987372D-03 0.5298690943152D-03
 0.5363749507734D-03 0.5429602230799D-03 0.5496258776956D-03 0.5563728929974D-03
 0.5632022592189D-03 0.5701149785601D-03 0.5771120655877D-03 0.5841945470598D-03
 0.5913634623277D-03 0.5986198633970D-03 0.6059648149797D-03 0.6133993949408D-03
 0.6209246940193D-03 0.6285418164517D-03 0.6362518798129D-03 0.6440560152579D-03
 0.6519553677787D-03 0.6599510962923D-03 0.6680443738186D-03 0.6762363876508D-03
 0.6845283395109D-03 0.6929214458737D-03 0.7014169378365D-03 0.7100160616623D-03
 0.7187200786931D-03 0.7275302656352D-03 0.7364479147775D-03 0.7454743341278D-03
 0.7546108475822D-03 0.7638587952249D-03 0.7732195334448D-03 0.7826944350415D-03
 0.7922848897896D-03 0.8019923040513D-03 0.8118181015615D-03 0.8217637233348D-03
 0.8318306277998D-03 0.8420202913368D-03 0.8523342083127D-03 0.8627738910520D-03
 0.8733408705249D-03 0.8840366963315D-03 0.8948629368324D-03 0.9058211794931D-03
 0.9169130312478D-03 0.9281401184596D-03 0.9395040874204D-03 0.9510066043606D-03
 0.9626493558588D-03 0.9744340490374D-03 0.9863624118333D-03 0.9984361930781D-03
 0.1010657163190D-02 0.1023027113883D-02 0.1035547858813D-02 0.1048221233664D-02
 0.1061049096603D-02 0.1074033328261D-02 0.1087175832333D-02 0.1100478535532D-02
 0.1113943388263D-02 0.1127572364520D-02 0.1141367462342D-02 0.1155330704071D-02
 0.1169464136890D-02 0.1183769832692D-02 0.1198249888762D-02 0.1212906427785D-02
 0.1227741598474D-02 0.1242757575476D-02 0.1257956560202D-02 0.1273340780738D-02
 0.1288912492228D-02 0.1304673977393D-02 0.1320627546890D-02 0.1336775539232D-02
 0.1353120321487D-02 0.1369664289745D-02 0.1386409869077D-02 0.1403359514260D-02
 0.1420515709827D-02 0.1437880970712D-02 0.1455457842321D-02 0.1473248901157D-02
 0.1491256755206D-02 0.1509484044001D-02 0.1527933439392D-02 0.1546607645712D-02
 0.1565509400288D-02 0.1584641473659D-02 0.1604006670264D-02 0.1623607828651D-02
 0.1643447821997D-02 0.1663529558232D-02 0.1683855981036D-02 0.1704430069742D-02
 0.1725254840045D-02 0.1746333344444D-02 0.1767668672344D-02 0.1789263951143D-02
 0.1811122346155D-02 0.1833247061139D-02 0.1855641339121D-02 0.1878308462421D-02
 0.1901251753542D-02 0.1924474575248D-02 0.1947980331427D-02 0.1971772467326D-02
 0.1995854470188D-02 0.2020229869769D-02 0.2044902238832D-02 0.2069875193501D-02
 0.2095152394202D-02 0.2120737545735D-02 0.2146634398124D-02 0.2172846747102D-02
 0.2199378434497D-02 0.2226233349167D-02 0.2253415427005D-02 0.2280928652229D-02
 0.2308777057347D-02 0.2336964723975D-02 0.2365495783510D-02 0.2394374417771D-02
 0.2423604859338D-02 0.2453191392468D-02 0.2483138353501D-02 0.2513450131762D-02
 0.2544131169891D-02 0.2575185964730D-02 0.2606619067651D-02 0.2638435085919D-02
 0.2670638682536D-02 0.2703234577480D-02 0.2736227548212D-02 0.2769622430262D-02
 0.2803424118241D-02 0.2837637566200D-02 0.2872267788687D-02 0.2907319861163D-02
 0.2942798921194D-02 0.2978710168497D-02 0.3015058866663D-02 0.3051850342891D-02
 0.3089089989464D-02 0.3126783264561D-02 0.3164935692423D-02 0.3203552864910D-02
 0.3242640441926D-02 0.3282204152151D-02 0.3322249794249D-02 0.3362783237485D-02
 0.3403810422467D-02 0.3445337362233D-02 0.3487370143223D-02 0.3529914925750D-02
 0.3572977945391D-02 0.3616565513453D-02 0.3660684018317D-02 0.3705339926119D-02
 0.3750539781574D-02 0.3796290209492D-02 0.3842597914981D-02 0.3889469685099D-02
 0.3936912389399D-02 0.3984932981168D-02 0.4033538498422D-02 0.4082736064966D-02
 0.4132532891123D-02 0.4182936275228D-02 0.4233953604535D-02 0.4285592356207D-02
 0.4337860098487D-02 0.4390764491756D-02 0.4444313289847D-02 0.4498514340931D-02
 0.4553375588649D-02 0.4608905073703D-02 0.4665110934418D-02 0.4722001408467D-02
 0.4779584833773D-02 0.4837869649701D-02 0.4896864398704D-02 0.4956577727038D-02
 0.5017018386279D-02 0.5078195234728D-02 0.5140117238442D-02 0.5202793472768D-02
 0.5266233123623D-02 0.5330445488689D-02 0.5395439978994D-02 0.5461226120159D-02
 0.5527813553872D-02 0.5595212039136D-02 0.5663431453939D-02 0.5732481796504D-02
 0.5802373186973D-02 0.5873115868486D-02 0.5944720209193D-02 0.6017196703359D-02
 0.6090555973266D-02 0.6164808770422D-02 0.6239965977181D-02 0.6316038608671D-02
 0.6393037814205D-02 0.6470974878577D-02 0.6549861224300D-02 0.6629708412897D-02
 0.6710528146886D-02 0.6792332271086D-02 0.6875132774644D-02 0.6958941792846D-02
 0.7043771608561D-02 0.7129634654546D-02 0.7216543514765D-02 0.7304510926483D-02
 0.7393549782237D-02 0.7483673131491D-02 0.7574894182699D-02 0.7667226304915D-02
 0.7760683030449D-02 0.7855278056157D-02 0.7951025245823D-02 0.8047938632124D-02
 0.8146032418385D-02 0.8245320981269D-02 0.8345818872352D-02 0.8447540820505D-02
 0.8550501733817D-02 0.8654716702252D-02 0.8760200999339D-02 0.8866970084727D-02
 0.8975039606224D-02 0.9084425402462D-02 0.9195143504727D-02 0.9307210139710D-02
 0.9420641731689D-02 0.9535454904951D-02 0.9651666486287D-02 0.9769293507454D-02
 0.9888353207637D-02 0.1000886303578D-01 0.1013084065370D-01 0.1025430393819D-01
 0.1037927098363D-01 0.1050576010478D-01 0.1063378983972D-01 0.1076337895204D-01
 0.1089454643398D-01 0.1102731150906D-01 0.1116169363488D-01 0.1129771250618D-01
 0.1143538805736D-01 0.1157474046574D-01 0.1171579015429D-01 0.1185855779473D-01
 0.1200306431070D-01 0.1214933088047D-01 0.1229737894025D-01 0.1244723018740D-01
 0.1259890658353D-01 0.1275243035771D-01 0.1290782400972D-01 0.1306511031334D-01
 0.1322431231978D-01 0.1338545336085D-01 0.1354855705269D-01 0.1371364729897D-01
 0.1388074829438D-01 0.1404988452852D-01 0.1422108078888D-01 0.1439436216514D-01
 0.1456975405254D-01 0.1474728215524D-01 0.1492697249086D-01 0.1510885139373D-01
 0.1529294551875D-01 0.1547928184561D-01 0.1566788768249D-01 0.1585879067026D-01
 0.1605201878611D-01 0.1624760034832D-01 0.1644556401980D-01 0.1664593881252D-01
 0.1684875409205D-01 0.1705403958104D-01 0.1726182536467D-01 0.1747214189415D-01
 0.1768501999173D-01 0.1790049085476D-01 0.1811858606074D-01 0.1833933757169D-01
 0.1856277773871D-01 0.1878893930703D-01 0.1901785542049D-01 0.1924955962676D-01
 0.1948408588179D-01 0.1972146855521D-01 0.1996174243513D-01 0.2020494273332D-01
 0.2045110509025D-01 0.2070026558051D-01 0.2095246071791D-01 0.2120772746091D-01
 0.2146610321806D-01 0.2172762585340D-01 0.2199233369193D-01 0.2226026552551D-01
 0.2253146061845D-01 0.2280595871291D-01 0.2308380003506D-01 0.2336502530095D-01
 0.2364967572255D-01 0.2393779301336D-01 0.2422941939481D-01 0.2452459760295D-01
 0.2482337089337D-01 0.2512578304913D-01 0.2543187838584D-01 0.2574170175895D-01
 0.2605529857021D-01 0.2637271477382D-01 0.2669399688370D-01 0.2701919198016D-01
 0.2734834771663D-01 0.2768151232682D-01 0.2801873463162D-01 0.2836006404640D-01
 0.2870555058824D-01 0.2905524488285D-01 0.2940919817268D-01 0.2976746232388D-01
 0.3013008983408D-01 0.3049713384005D-01 0.3086864812537D-01 0.3124468712860D-01
 0.3162530595079D-01 0.3201056036406D-01 0.3240050681926D-01 0.3279520245454D-01
 0.3319470510369D-01 0.3359907330437D-01 0.3400836630706D-01 0.3442264408336D-01
 0.3484196733494D-01 0.3526639750226D-01 0.3569599677384D-01 0.3613082809515D-01
 0.3657095517782D-01 0.3701644250881D-01 0.3746735536036D-01 0.3792375979896D-01
 0.3838572269518D-01 0.3885331173364D-01 0.3932659542264D-01 0.3980564310433D-01
 0.4029052496483D-01 0.4078131204437D-01 0.4127807624794D-01 0.4178089035528D-01
 0.4228982803211D-01 0.4280496384056D-01 0.4332637325006D-01 0.4385413264849D-01
 0.4438831935331D-01 0.4492901162269D-01 0.4547628866708D-01 0.4603023066085D-01
 0.4659091875380D-01 0.4715843508313D-01 0.4773286278538D-01 0.4831428600861D-01
 0.4890278992469D-01 0.4949846074160D-01 0.5010138571622D-01 0.5071165316677D-01
 0.5132935248602D-01 0.5195457415396D-01 0.5258740975148D-01 0.5322795197331D-01
 0.5387629464156D-01 0.5453253271955D-01 0.5519676232571D-01 0.5586908074763D-01
 0.5654958645556D-01 0.5723837911778D-01 0.5793555961441D-01 0.5864123005244D-01
 0.5935549378038D-01 0.6007845540334D-01 0.6081022079849D-01 0.6155089713015D-01
 0.6230059286566D-01 0.6305941779110D-01 0.6382748302690D-01 0.6460490104464D-01
 0.6539178568292D-01 0.6618825216408D-01 0.6699441711093D-01 0.6781039856370D-01
 0.6863631599733D-01 0.6947229033846D-01 0.7031844398341D-01 0.7117490081573D-01
 0.7204178622419D-01 0.7291922712112D-01 0.7380735196060D-01 0.7470629075725D-01
 0.7561617510532D-01 0.7653713819699D-01 0.7746931484273D-01 0.7841284148999D-01
 0.7936785624344D-01 0.8033449888475D-01 0.8131291089292D-01 0.8230323546484D-01
 0.8330561753584D-01 0.8432020380069D-01 0.8534714273496D-01 0.8638658461635D-01
 0.8743868154643D-01 0.8850358747282D-01 0.8958145821104D-01 0.9067245146727D-01
 0.9177672686096D-01 0.9289444594828D-01 0.9402577224469D-01 0.9517087124920D-01
 0.9632991046783D-01 0.9750305943779D-01 0.9869048975209D-01 0.9989237508390D-01
 0.1011088912119D+00 0.1023402160452D+00 0.1035865296492D+00 0.1048480142714D+00
 0.1061248543673D+00 0.1074172366272D+00 0.1087253500030D+00 0.1100493857348D+00
 0.1113895373790D+00 0.1127460008352D+00 0.1141189743753D+00 0.1155086586706D+00
 0.1169152568216D+00 0.1183389743864D+00 0.1197800194102D+00 0.1212386024547D+00
 0.1227149366289D+00 0.1242092376186D+00 0.1257217237175D+00 0.1272526158582D+00
 0.1288021376438D+00 0.1303705153793D+00 0.1319579781040D+00 0.1335647576240D+00
 0.1351910885445D+00 0.1368372083042D+00 0.1385033572074D+00 0.1401897784593D+00
 0.1418967181995D+00 0.1436244255371D+00 0.1453731525856D+00 0.1471431544988D+00
 0.1489346895061D+00 0.1507480189493D+00 0.1525834073190D+00 0.1544411222918D+00
 0.1563214347680D+00 0.1582246189090D+00 0.1601509521762D+00 0.1621007153693D+00
 0.1640741926654D+00 0.1660716716593D+00 0.1680934434025D+00 0.1701398024443D+00
 0.1722110468725D+00 0.1743074783545D+00 0.1764294021793D+00 0.1785771272995D+00
 0.1807509663740D+00 0.1829512358107D+00 0.1851782558107D+00 0.1874323504118D+00
 0.1897138475326D+00 0.1920230790179D+00 0.1943603806841D+00 0.1967260923642D+00
 0.1991205579549D+00 0.2015441254629D+00 0.2039971470518D+00 0.2064799790905D+00
 0.2089929822005D+00 0.2115365213049D+00 0.2141109656776D+00 0.2167166889925D+00
 0.2193540693734D+00 0.2220234894450D+00 0.2247253363834D+00 0.2274600019678D+00
 0.2302278826323D+00 0.2330293795182D+00 0.2358648985273D+00 0.2387348503747D+00
 0.2416396506432D+00 0.2445797198368D+00 0.2475554834368D+00 0.2505673719557D+00
 0.2536158209940D+00 0.2567012712959D+00 0.2598241688061D+00 0.2629849647272D+00
 0.2661841155772D+00 0.2694220832473D+00 0.2726993350614D+00 0.2760163438343D+00
 0.2793735879315D+00 0.2827715513294D+00 0.2862107236754D+00 0.2896916003490D+00
 0.2932146825229D+00 0.2967804772251D+00 0.3003894974009D+00 0.3040422619753D+00
 0.3077392959165D+00 0.3114811302990D+00 0.3152683023675D+00 0.3191013556011D+00
 0.3229808397782D+00 0.3269073110413D+00 0.3308813319624D+00 0.3349034716084D+00
 0.3389743056080D+00 0.3430944162170D+00 0.3472643923861D+00 0.3514848298271D+00
 0.3557563310806D+00 0.3600795055833D+00 0.3644549697364D+00 0.3688833469729D+00
 0.3733652678266D+00 0.3779013700001D+00 0.3824922984337D+00 0.3871387053743D+00
 0.3918412504441D+00 0.3966006007100D+00 0.4014174307528D+00 0.4062924227360D+00
 0.4112262664754D+00 0.4162196595087D+00 0.4212733071640D+00 0.4263879226296D+00
 0.4315642270230D+00 0.4368029494598D+00 0.4421048271225D+00 0.4474706053291D+00
 0.4529010376020D+00 0.4583968857353D+00 0.4639589198633D+00 0.4695879185274D+00
 0.4752846687434D+00 0.4810499660683D+00 0.4868846146655D+00 0.4927894273711D+00
 0.4987652257581D+00 0.5048128402008D+00 0.5109331099384D+00 0.5171268831369D+00
 0.5233950169511D+00 0.5297383775857D+00 0.5361578403540D+00 0.5426542897373D+00
 0.5492286194416D+00 0.5558817324541D+00 0.5626145410978D+00 0.5694279670845D+00
 0.5763229415663D+00 0.5833004051864D+00 0.5903613081263D+00 0.5975066101527D+00
 0.6047372806617D+00 0.6120542987210D+00 0.6194586531101D+00 0.6269513423571D+00
 0.6345333747747D+00 0.6422057684921D+00 0.6499695514848D+00 0.6578257616008D+00
 0.6657754465844D+00 0.6738196640965D+00 0.6819594817307D+00 0.6901959770270D+00
 0.6985302374802D+00 0.7069633605455D+00 0.7154964536385D+00 0.7241306341323D+00
 0.7328670293481D+00 0.7417067765418D+00 0.7506510228854D+00 0.7597009254421D+00
 0.7688576511365D+00 0.7781223767178D+00 0.7874962887170D+00 0.7969805833975D+00
 0.8065764666979D+00 0.8162851541682D+00 0.8261078708976D+00 0.8360458514339D+00
 0.8461003396946D+00 0.8562725888690D+00 0.8665638613101D+00 0.8769754284171D+00
 0.8875085705070D+00 0.8981645766753D+00 0.9089447446449D+00 0.9198503806030D+00
 0.9308827990248D+00 0.9420433224841D+00 0.9533332814495D+00 0.9647540140660D+00
 0.9763068659204D+00 0.9879931897912D+00 0.9998143453802D+00 0.1011771699027D+01
 0.1023866623404D+01 0.1036100497191D+01 0.1048474704730D+01 0.1060990635655D+01
 0.1073649684503D+01 0.1086453250300D+01 0.1099402736114D+01 0.1112499548592D+01
 0.1125745097460D+01 0.1139140795000D+01 0.1152688055488D+01 0.1166388294607D+01
 0.1180242928820D+01 0.1194253374709D+01 0.1208421048270D+01 0.1222747364181D+01
 0.1237233735012D+01 0.1251881570397D+01 0.1266692276162D+01 0.1281667253401D+01
 0.1296807897494D+01 0.1312115597078D+01 0.1327591732959D+01 0.1343237676957D+01
 0.1359054790692D+01 0.1375044424303D+01 0.1391207915088D+01 0.1407546586081D+01
 0.1424061744538D+01 0.1440754680343D+01 0.1457626664329D+01 0.1474678946505D+01
 0.1491912754178D+01 0.1509329289982D+01 0.1526929729786D+01 0.1544715220502D+01
 0.1562686877750D+01 0.1580845783417D+01 0.1599192983062D+01 0.1617729483189D+01
 0.1636456248363D+01 0.1655374198166D+01 0.1674484203988D+01 0.1693787085631D+01
 0.1713283607735D+01 0.1732974475996D+01 0.1752860333171D+01 0.1772941754869D+01
 0.1793219245096D+01 0.1813693231554D+01 0.1834364060672D+01 0.1855231992364D+01
 0.1876297194476D+01 0.1897559736935D+01 0.1919019585546D+01 0.1940676595457D+01
 0.1962530504224D+01 0.1984580924503D+01 0.2006827336303D+01 0.2029269078798D+01
 0.2051905341665D+01 0.2074735155916D+01 0.2097757384193D+01 0.2120970710494D+01
 0.2144373629299D+01 0.2167964434046D+01 0.2191741204920D+01 0.2215701795928D+01
 0.2239843821177D+01 0.2264164640344D+01 0.2288661343255D+01 0.2313330733527D+01
 0.2338169311209D+01 0.2363173254353D+01 0.2388338399442D+01 0.2413660220597D+01
 0.2439133807478D+01 0.2464753841795D+01 0.2490514572312D+01 0.2516409788257D+01
 0.2542432791017D+01 0.2568576363977D+01 0.2594832740396D+01 0.2621193569144D+01
 0.2647649878161D+01 0.2674192035444D+01 0.2700809707393D+01 0.2727491814284D+01
 0.2754226482664D+01 0.2781000994405D+01 0.2807801732151D+01 0.2834614120853D+01
 0.2861422565074D+01 0.2888210381694D+01 0.2914959727622D+01 0.2941651522077D+01
 0.2968265362949D+01 0.2994779436712D+01 0.3021170421288D+01 0.3047413381218D+01
 0.3073481654381D+01 0.3099346729488D+01 0.3124978113410D+01 0.3150343187345D+01
 0.3175407050701D+01 0.3200132351412D+01 0.3224479101291D+01 0.3248404474823D+01
 0.3271862589608D+01 0.3294804266453D+01 0.3317176766844D+01 0.3338923496497D+01
 0.3359983715144D+01
                                    0.0000000000000D+00
 1030 0.1519302219379D+00
 0.1164094265637D-11 0.1177693620332D-11 0.1191466727151D-11 0.1205416035672D-11
 0.1219570734276D-11 0.1233959591771D-11 0.1248584670462D-11 0.1263448285374D-11
 0.1278552700765D-11 0.1293900334006D-11 0.1309493697568D-11 0.1325335307393D-11
 0.1341427932304D-11 0.1357774192679D-11 0.1374376929663D-11 0.1391239044898D-11
 0.1408363512067D-11 0.1425753448277D-11 0.1443411857965D-11 0.1461342151396D-11
 0.1479547456043D-11 0.1498031298291D-11 0.1516797120119D-11 0.1535848484691D-11
 0.1555189008659D-11 0.1574822424789D-11 0.1594752624053D-11 0.1614983457307D-11
 0.1635518868397D-11 0.1656363115930D-11 0.1677520216050D-11 0.1698994469590D-11
 0.1720790283320D-11 0.1742912121436D-11 0.1765364468683D-11 0.1788152048001D-11
 0.1811279546721D-11 0.1834751838996D-11 0.1858573827595D-11 0.1882750647714D-11
 0.1907287279584D-11 0.1932189153175D-11 0.1957461584969D-11 0.1983109999024D-11
 0.2009139993275D-11 0.2035557211958D-11 0.2062367584050D-11 0.2089576874224D-11
 0.2117191182840D-11 0.2145216734354D-11 0.2173659624152D-11 0.2202526476748D-11
 0.2231823602687D-11 0.2261557798242D-11 0.2291735837730D-11 0.2322364552375D-11
 0.2353451052321D-11 0.2385002410790D-11 0.2417026145817D-11 0.2449529616344D-11
 0.2482520373389D-11 0.2516006296150D-11 0.2549995293948D-11 0.2584495276710D-11
 0.2619514612834D-11 0.2655061646789D-11 0.2691144878056D-11 0.2727773120081D-11
 0.2764955115093D-11 0.2802699931340D-11 0.2841016901633D-11 0.2879915388859D-11
 0.2919404800942D-11 0.2959495179836D-11 0.3000196313443D-11 0.3041518437622D-11
 0.3083471874559D-11 0.3126067109522D-11 0.3169315031918D-11 0.3213226525475D-11
 0.3257812840294D-11 0.3303085291032D-11 0.3349055626511D-11 0.3395735516545D-11
 0.3443137308986D-11 0.3491273144221D-11 0.3540155557299D-11 0.3589797426789D-11
 0.3640211938190D-11 0.3691412298207D-11 0.3743412085778D-11 0.3796225185270D-11
 0.3849865648259D-11 0.3904347986572D-11 0.3959686924754D-11 0.4015897453649D-11
 0.4072994719770D-11 0.4130994388339D-11 0.4189912474103D-11 0.4249765111542D-11
 0.4310568888350D-11 0.4372340505193D-11 0.4435097477116D-11 0.4498857128492D-11
 0.4563637608490D-11 0.4629456977696D-11 0.4696334022216D-11 0.4764287691611D-11
 0.4833337564780D-11 0.4903503241172D-11 0.4974805009062D-11 0.5047263548290D-11
 0.5120899862423D-11 0.5195735241401D-11 0.5271792030976D-11 0.5349092295869D-11
 0.5427658732672D-11 0.5507514923853D-11 0.5588684402807D-11 0.5671191576325D-11
 0.5755061260779D-11 0.5840318407378D-11 0.5926989284277D-11 0.6015099548967D-11
 0.6104676714391D-11 0.6195747969861D-11 0.6288341234898D-11 0.6382485147314D-11
 0.6478208898442D-11 0.6575542279863D-11 0.6674515800511D-11 0.6775160070567D-11
 0.6877507353360D-11 0.6981589733842D-11 0.7087440207801D-11 0.7195092543554D-11
 0.7304581437797D-11 0.7415941780245D-11 0.7529209585290D-11 0.7644421570511D-11
 0.7761615067342D-11 0.7880828452139D-11 0.8002100772915D-11 0.8125471899285D-11
 0.8250982700932D-11 0.8378674700434D-11 0.8508590402982D-11 0.8640773241591D-11
 0.8775267425461D-11 0.8912118611257D-11 0.9051372620041D-11 0.9193077123073D-11
 0.9337280406969D-11 0.9484031333915D-11 0.9633380647262D-11 0.9785379904267D-11
 0.9940081716866D-11 0.1009753958860D-10 0.1025780833986D-10 0.1042094450818D-10
 0.1058700512484D-10 0.1075604891106D-10 0.1092813543348D-10 0.1110332586554D-10
 0.1128168293963D-10 0.1146327025159D-10 0.1164815326865D-10 0.1183639856566D-10
 0.1202807433475D-10 0.1222325015981D-10 0.1242199731240D-10 0.1262438807877D-10
 0.1283049769624D-10 0.1304040102342D-10 0.1325417645790D-10 0.1347190323634D-10
 0.1369366253830D-10 0.1391953681705D-10 0.1414961173434D-10 0.1438397308989D-10
 0.1462270996288D-10 0.1486591246837D-10 0.1511367390729D-10 0.1536608792282D-10
 0.1562325184431D-10 0.1588526462497D-10 0.1615222707683D-10 0.1642424284607D-10
 0.1670141763679D-10 0.1698385873402D-10 0.1727167768145D-10 0.1756498717602D-10
 0.1786390221917D-10 0.1816854116182D-10 0.1847902491935D-10 0.1879547686329D-10
 0.1911802318956D-10 0.1944679303929D-10 0.1978191878711D-10 0.2012353494478D-10
 0.2047177955294D-10 0.2082679477260D-10 0.2118872347942D-10 0.2155771433367D-10
 0.2193391897011D-10 0.2231749035595D-10 0.2270858735973D-10 0.2310737158915D-10
 0.2351400808809D-10 0.2392866596189D-10 0.2435151835369D-10 0.2478274151254D-10
 0.2522251691731D-10 0.2567102935998D-10 0.2612846795367D-10 0.2659502696598D-10
 0.2707090318707D-10 0.2755630020514D-10 0.2805142507569D-10 0.2855648936421D-10
 0.2907171099393D-10 0.2959731018175D-10 0.3013351486323D-10 0.3068055763334D-10
 0.3123867516876D-10 0.3180811110069D-10 0.3238911352941D-10 0.3298193742264D-10
 0.3358684222583D-10 0.3420409484186D-10 0.3483396792147D-10 0.3547673945185D-10
 0.3613269540576D-10 0.3680212724403D-10 0.3748533338619D-10 0.3818261922277D-10
 0.3889429825560D-10 0.3962068926594D-10 0.4036212027457D-10 0.4111892627219D-10
 0.4189144995019D-10 0.4268004108997D-10 0.4348505966768D-10 0.4430687326409D-10
 0.4514585617199D-10 0.4600239401247D-10 0.4687688136202D-10 0.4776971909707D-10
 0.4868132046761D-10 0.4961210748764D-10 0.5056251118134D-10 0.5153297437375D-10
 0.5252394885916D-10 0.5353589672122D-10 0.5456929225164D-10 0.5562462139240D-10
 0.5670237839008D-10 0.5780307228460D-10 0.5892722221602D-10 0.6007536008722D-10
 0.6124803115160D-10 0.6244579252307D-10 0.6366921447614D-10 0.6491888052554D-10
 0.6619538877740D-10 0.6749935165675D-10 0.6883139375236D-10 0.7019215630725D-10
 0.7158229715031D-10 0.7300248628922D-10 0.7445341148935D-10 0.7593577650894D-10
 0.7745030164563D-10 0.7899772433092D-10 0.8057879951531D-10 0.8219430011267D-10
 0.8384501678257D-10 0.8553175936851D-10 0.8725535650912D-10 0.8901665720777D-10
 0.9081653079730D-10 0.9265586506562D-10 0.9453557222872D-10 0.9645658358371D-10
 0.9841985342801D-10 0.1004263584333D-09 0.1024770997678D-09 0.1045730995498D-09
 0.1067154081354D-09 0.1089050976634D-09 0.1111432670023D-09 0.1134310420257D-09
 0.1157695729580D-09 0.1181600397496D-09 0.1206036513833D-09 0.1231016410053D-09
 0.1256552761537D-09 0.1282658532281D-09 0.1309346969782D-09 0.1336631674787D-09
 0.1364526548112D-09 0.1393045837731D-09 0.1422204128218D-09 0.1452016322546D-09
 0.1482497746967D-09 0.1513664019567D-09 0.1545531205459D-09 0.1578115668228D-09
 0.1611434259713D-09 0.1645504151372D-09 0.1680342975313D-09 0.1715968770368D-09
 0.1752400010156D-09 0.1789655621890D-09 0.1827754927406D-09 0.1866717829211D-09
 0.1906564578913D-09 0.1947316007828D-09 0.1988993410462D-09 0.2031618564283D-09
 0.2075213835773D-09 0.2119802051317D-09 0.2165406686414D-09 0.2212051659242D-09
 0.2259761562017D-09 0.2308561520947D-09 0.2358477322671D-09 0.2409535278034D-09
 0.2461762446188D-09 0.2515186445555D-09 0.2569835616295D-09 0.2625738955186D-09
 0.2682926149990D-09 0.2741427631224D-09 0.2801274556585D-09 0.2862498777459D-09
 0.2925133000569D-09 0.2989210665628D-09 0.3054766037963D-09 0.3121834218624D-09
 0.3190451112988D-09 0.3260653522404D-09 0.3332479137911D-09 0.3405966580496D-09
 0.3481155362818D-09 0.3558085931328D-09 0.3636799818179D-09 0.3717339426323D-09
 0.3799748242474D-09 0.3884070822292D-09 0.3970352791941D-09 0.4058640823908D-09
 0.4148982816090D-09 0.4241427720918D-09 0.4336025731264D-09 0.4432828256538D-09
 0.4531887963800D-09 0.4633258717942D-09 0.4736995767719D-09 0.4843155635626D-09
 0.4951796286364D-09 0.5062977031880D-09 0.5176758597138D-09 0.5293203257328D-09
 0.5412374746421D-09 0.5534338330580D-09 0.5659160871879D-09 0.5786910871211D-09
 0.5917658451142D-09 0.6051475479710D-09 0.6188435522804D-09 0.6328613907310D-09
 0.6472087888239D-09 0.6618936521230D-09 0.6769240759782D-09 0.6923083530078D-09
 0.7080549864030D-09 0.7241726685254D-09 0.7406703189923D-09 0.7575570611691D-09
 0.7748422544118D-09 0.7925354676168D-09 0.8106465117810D-09 0.8291854389668D-09
 0.8481625401485D-09 0.8675883524941D-09 0.8874736788975D-09 0.9078295730011D-09
 0.9286673709250D-09 0.9499986744071D-09 0.9718353613003D-09 0.9941896173796D-09
 0.1017073904868D-08 0.1040500998002D-08 0.1064483980118D-08 0.1089036259094D-08
 0.1114171551868D-08 0.1139903925105D-08 0.1166247778002D-08 0.1193217872405D-08
 0.1220829308057D-08 0.1249097575694D-08 0.1278038516815D-08 0.1307668385228D-08
 0.1338003811285D-08 0.1369061835040D-08 0.1400859915296D-08 0.1433415932261D-08
 0.1466748197583D-08 0.1500875476960D-08 0.1535816988118D-08 0.1571592410068D-08
 0.1608221915036D-08 0.1645726151062D-08 0.1684126277626D-08 0.1723443979187D-08
 0.1763701447929D-08 0.1804921422875D-08 0.1847127208415D-08 0.1890342663351D-08
 0.1934592223652D-08 0.1979900944641D-08 0.2026294467681D-08 0.2073799063973D-08
 0.2122441660620D-08 0.2172249813725D-08 0.2223251776088D-08 0.2275476470795D-08
 0.2328953543294D-08 0.2383713343838D-08 0.2439786982822D-08 0.2497206289638D-08
 0.2556003925963D-08 0.2616213302604D-08 0.2677868668226D-08 0.2741005106743D-08
 0.2805658547562D-08 0.2871865793677D-08 0.2939664560448D-08 0.3009093476087D-08
 0.3080192108370D-08 0.3153000991857D-08 0.3227561649520D-08 0.3303916611398D-08
 0.3382109460981D-08 0.3462184829470D-08 0.3544188452818D-08 0.3628167157316D-08
 0.3714168942829D-08 0.3802242955659D-08 0.3892439557169D-08 0.3984810331840D-08
 0.4079408113480D-08 0.4176287041685D-08 0.4275502580892D-08 0.4377111523705D-08
 0.4481172078573D-08 0.4587743855892D-08 0.4696887920103D-08 0.4808666850949D-08
 0.4923144715593D-08 0.5040387194389D-08 0.5160461526864D-08 0.5283436621088D-08
 0.5409383062726D-08 0.5538373155994D-08 0.5670480976157D-08 0.5805782403598D-08
 0.5944355179762D-08 0.6086278931311D-08 0.6231635239273D-08 0.6380507694517D-08
 0.6532981896949D-08 0.6689145549312D-08 0.6849088515582D-08 0.7012902823471D-08
 0.7180682798418D-08 0.7352524993620D-08 0.7528528421569D-08 0.7708794408859D-08
 0.7893426851917D-08 0.8082532114183D-08 0.8276219217451D-08 0.8474599788763D-08
 0.8677788238539D-08 0.8885901742388D-08 0.9099060345016D-08 0.9317387043290D-08
 0.9541007801900D-08 0.9770051704681D-08 0.1000465098380D-07 0.1024494107882D-07
 0.1049106077316D-07 0.1074315223964D-07 0.1100136108432D-07 0.1126583653015D-07
 0.1153673144246D-07 0.1181420237725D-07 0.1209840976348D-07 0.1238951794229D-07
 0.1268769526973D-07 0.1299311424241D-07 0.1330595152168D-07 0.1362638815529D-07
 0.1395460958452D-07 0.1429080577231D-07 0.1463517138738D-07 0.1498790579688D-07
 0.1534921326252D-07 0.1571930305684D-07 0.1609838958747D-07 0.1648669246659D-07
 0.1688443673274D-07 0.1729185287015D-07 0.1770917703106D-07 0.1813665117338D-07
 0.1857452313489D-07 0.1902304685358D-07 0.1948248244399D-07 0.1995309641435D-07
 0.2043516177620D-07 0.2092895827283D-07 0.2143477243870D-07 0.2195289783377D-07
 0.2248363521860D-07 0.2302729271043D-07 0.2358418596263D-07 0.2415463837815D-07
 0.2473898126851D-07 0.2533755402792D-07 0.2595070439564D-07 0.2657878862212D-07
 0.2722217165538D-07 0.2788122740549D-07 0.2855633895360D-07 0.2924789870402D-07
 0.2995630873853D-07 0.3068198092771D-07 0.3142533727053D-07 0.3218681010955D-07
 0.3296684230510D-07 0.3376588766603D-07 0.3458441104112D-07 0.3542288869870D-07
 0.3628180858786D-07 0.3716167057786D-07 0.3806298681273D-07 0.3898628194522D-07
 0.3993209354110D-07 0.4090097231233D-07 0.4189348243964D-07 0.4291020195476D-07
 0.4395172306946D-07 0.4501865247054D-07 0.4611161172342D-07 0.4723123769743D-07
 0.4837818275295D-07 0.4955311533543D-07 0.5075672021592D-07 0.5198969901525D-07
 0.5325277049129D-07 0.5454667104763D-07 0.5587215519526D-07 0.5722999584335D-07
 0.5862098489969D-07 0.6004593373038D-07 0.6150567357782D-07 0.6300105604900D-07
 0.6453295361794D-07 0.6610226023718D-07 0.6770989168388D-07 0.6935678632699D-07
 0.7104390539574D-07 0.7277223380959D-07 0.7454278067584D-07 0.7635657981946D-07
 0.7821469036030D-07 0.8011819748910D-07 0.8206821310231D-07 0.8406587620796D-07
 0.8611235389614D-07 0.8820884185961D-07 0.9035656518393D-07 0.9255677893623D-07
 0.9481076912426D-07 0.9711985324379D-07 0.9948538115210D-07 0.1019087358597D-06
 0.1043913343267D-06 0.1069346284018D-06 0.1095401055538D-06 0.1122092896612D-06
 0.1149437421620D-06 0.1177450628977D-06 0.1206148909453D-06 0.1235549056343D-06
 0.1265668276994D-06 0.1296524199373D-06 0.1328134887165D-06 0.1360518847134D-06
 0.1393695040481D-06 0.1427682895496D-06 0.1462502316873D-06 0.1498173701293D-06
 0.1534717944420D-06 0.1572156457628D-06 0.1610511178566D-06 0.1649804583800D-06
 0.1690059705300D-06 0.1731300138418D-06 0.1773550062695D-06 0.1816834251322D-06
 0.1861178085809D-06 0.1906607576142D-06 0.1953149369769D-06 0.2000830771869D-06
 0.2049679759869D-06 0.2099725000622D-06 0.2150995868162D-06 0.2203522458088D-06
 0.2257335610283D-06 0.2312466923525D-06 0.2368948775463D-06 0.2426814344034D-06
 0.2486097623048D-06 0.2546833445907D-06 0.2609057505899D-06 0.2672806376902D-06
 0.2738117535227D-06 0.2805029382686D-06 0.2873581268540D-06 0.2943813514397D-06
 0.3015767438619D-06 0.3089485378726D-06 0.3165010718764D-06 0.3242387916809D-06
 0.3321662528701D-06 0.3402881237478D-06 0.3486091878249D-06 0.3571343473623D-06
 0.3658686256502D-06 0.3748171704826D-06 0.3839852568361D-06 0.3933782906579D-06
 0.4030018116071D-06 0.4128614967005D-06 0.4229631634834D-06 0.4333127739296D-06
 0.4439164378287D-06 0.4547804163766D-06 0.4659111264181D-06 0.4773151438493D-06
 0.4889992079807D-06 0.5009702254197D-06 0.5132352742728D-06 0.5258016088940D-06
 0.5386766636966D-06 0.5518680583641D-06 0.5653836018434D-06 0.5792312973189D-06
 0.5934193479698D-06 0.6079561605899D-06 0.6228503518291D-06 0.6381107530612D-06
 0.6537464160994D-06 0.6697666181866D-06 0.6861808688792D-06 0.7029989144399D-06
 0.7202307452760D-06 0.7378866011416D-06 0.7559769782087D-06 0.7745126350327D-06
 0.7935045995506D-06 0.8129641762591D-06 0.8329029523871D-06 0.8533328062229D-06
 0.8742659139058D-06 0.8957147571484D-06 0.9176921314611D-06 0.9402111534076D-06
 0.9632852700028D-06 0.9869282663897D-06 0.1011154274837D-05 0.1035977783524D-05
 0.1061413646315D-05 0.1087477091466D-05 0.1114183731967D-05 0.1141549575160D-05
 0.1169591033140D-05 0.1198324933235D-05 0.1227768529074D-05 0.1257939511444D-05
 0.1288856019471D-05 0.1320536653157D-05 0.1353000485050D-05 0.1386267072094D-05
 0.1420356469484D-05 0.1455289242834D-05 0.1491086482014D-05 0.1527769815927D-05
 0.1565361424518D-05 0.1603884055421D-05 0.1643361039011D-05 0.1683816302158D-05
 0.1725274386301D-05 0.1767760462126D-05 0.1811300347819D-05 0.1855920524946D-05
 0.1901648158220D-05 0.1948511111858D-05 0.1996537969664D-05 0.2045758054361D-05
 0.2096201447394D-05 0.2147899009777D-05 0.2200882403144D-05 0.2255184111029D-05
 0.2310837462924D-05 0.2367876655419D-05 0.2426336777949D-05 0.2486253836031D-05
 0.2547664777001D-05 0.2610607516202D-05 0.2675120964228D-05 0.2741245052879D-05
 0.2809020765886D-05 0.2878490167234D-05 0.2949696431128D-05 0.3022683873617D-05
 0.3097497985260D-05 0.3174185463272D-05 0.3252794246661D-05 0.3333373550962D-05
 0.3415973904761D-05 0.3500647187959D-05 0.3587446668973D-05 0.3676427046595D-05
 0.3767644489890D-05 0.3861156680829D-05 0.3957022859722D-05 0.4055303868844D-05
 0.4156062200329D-05 0.4259362044043D-05 0.4365269338122D-05 0.4473851820434D-05
 0.4585179081761D-05 0.4699322620791D-05 0.4816355902059D-05 0.4936354413827D-05
 0.5059395729515D-05 0.5185559570437D-05 0.5314927871272D-05 0.5447584846690D-05
 0.5583617062847D-05 0.5723113505973D-05 0.5866165661677D-05 0.6012867588237D-05
 0.6163315998000D-05 0.6317610340405D-05 0.6475852887741D-05 0.6638148822792D-05
 0.6804606331759D-05 0.6975336699488D-05 0.7150454407340D-05 0.7330077236513D-05
 0.7514326372854D-05 0.7703326517924D-05 0.7897206002753D-05 0.8096096904662D-05
 0.8300135171809D-05 0.8509460749362D-05 0.8724217710736D-05 0.8944554396604D-05
 0.9170623555032D-05 0.9402582490876D-05 0.9640593217323D-05 0.9884822616331D-05
 0.1013544260410D-04 0.1039263030221D-04 0.1065656821613D-04 0.1092744442334D-04
 0.1120545276266D-04 0.1149079303724D-04 0.1178367122345D-04 0.1208429968671D-04
 0.1239289740914D-04 0.1270969022438D-04 0.1303491105970D-04 0.1336880019560D-04
 0.1371160552815D-04 0.1406358284476D-04 0.1442499611523D-04 0.1479611778865D-04
 0.1517722910800D-04 0.1556862043548D-04 0.1597059159197D-04 0.1638345221266D-04
 0.1680752211555D-04 0.1724313168694D-04 0.1769062228570D-04 0.1815034665986D-04
 0.1862266938912D-04 0.1910796733984D-04 0.1960663014363D-04 0.2011906069627D-04
 0.2064567568291D-04 0.2118690611763D-04 0.2174319791792D-04 0.2231501249941D-04
 0.2290282739768D-04 0.2350713692217D-04 0.2412845283562D-04 0.2476730507002D-04
 0.2542424246972D-04 0.2609983357986D-04 0.2679466745578D-04 0.2750935452734D-04
 0.2824452749559D-04 0.2900084227212D-04 0.2977897896496D-04 0.3057964291470D-04
 0.3140356577665D-04 0.3225150665773D-04 0.3312425331056D-04 0.3402262338223D-04
 0.3494746572762D-04 0.3589966179052D-04 0.3688012704671D-04 0.3788981252767D-04
 0.3892970641408D-04 0.4000083571498D-04 0.4110426802954D-04 0.4224111340329D-04
 0.4341252627014D-04 0.4461970750971D-04 0.4586390659826D-04 0.4714642387705D-04
 0.4846861294195D-04 0.4983188315535D-04 0.5123770229413D-04 0.5268759933381D-04
 0.5418316739244D-04 0.5572606681545D-04 0.5731802844717D-04 0.5896085706622D-04
 0.6065643501086D-04 0.6240672600907D-04 0.6421377921502D-04 0.6607973346786D-04
 0.6800682179496D-04 0.6999737615927D-04 0.7205383248090D-04 0.7417873593631D-04
 0.7637474656200D-04 0.7864464518268D-04 0.8099133967133D-04 0.8341787158002D-04
 0.8592742314774D-04 0.8852332472160D-04 0.9120906261294D-04 0.9398828741858D-04
 0.9686482282985D-04 0.9984267496998D-04 0.1029260422964D-03 0.1061193260841D-03
 0.1094271415642D-03 0.1128543297234D-03 0.1164059698340D-03 0.1200873927548D-03
 0.1239041950499D-03 0.1278622539932D-03 0.1319677435043D-03 0.1362271510907D-03
 0.1406472958592D-03 0.1452353476773D-03 0.1499988475477D-03 0.1549457293085D-03
 0.1600843427251D-03 0.1654234780848D-03 0.1709723924051D-03 0.1767408373572D-03
 0.1827390890427D-03 0.1889779797437D-03 0.1954689318035D-03 0.2022239937778D-03
 0.2092558790379D-03 0.2165780069996D-03 0.2242045471682D-03 0.2321504662217D-03
 0.2404315783535D-03 0.2490645991087D-03 0.2580672030110D-03 0.2674580852389D-03
 0.2772570276732D-03 0.2874849696565D-03 0.2981640838265D-03 0.3093178574317D-03
 0.3209711795368D-03 0.3331504345989D-03 0.3458836029303D-03 0.3592003685831D-03
 0.3731322352554D-03 0.3877126508683D-03 0.4029771415397D-03 0.4189634556880D-03
 0.4357117191365D-03 0.4532646021071D-03 0.4716674991069D-03 0.4909687227797D-03
 0.5112197129271D-03 0.5324752619380D-03 0.5547937580935D-03 0.5782374482160D-03
 0.6028727214031D-03 0.6287704156213D-03 0.6560061492028D-03 0.6846606794258D-03
 0.7148202905632D-03 0.7465772140619D-03 0.7800300837060D-03 0.8152844289399D-03
 0.8524532098085D-03 0.8916573973246D-03 0.9330266034517D-03 0.9766997652695D-03
 0.1022825888397D-02 0.1071564855213D-02 0.1123088303988D-02 0.1177580585647D-02
 0.1235239805613D-02 0.1296278958857D-02 0.1360927167217D-02 0.1429431028887D-02
 0.1502056091126D-02 0.1579088458288D-02 0.1660836548566D-02 0.1747633014382D-02
 0.1839836842767D-02 0.1937835653975D-02 0.2042048218473D-02 0.2152927214668D-02
 0.2270962252159D-02 0.2396683188058D-02 0.2530663766900D-02 0.2673525618176D-02
 0.2825942649219D-02 0.2988645875474D-02 0.3162428734967D-02 0.3348152939069D-02
 0.3546754917654D-02 0.3759252923462D-02 0.3986754867952D-02 0.4230466969411D-02
 0.4491703303527D-02 0.4771896357293D-02 0.5072608699072D-02 0.5395545891182D-02
 0.5742570786405D-02 0.6115719367042D-02 0.6517218304311D-02 0.6949504437681D-02
 0.7415246398078D-02 0.7917368626844D-02 0.8459078073297D-02 0.9043893889370D-02
 0.9675680479530D-02 0.1035868430961D-01 0.1109757492934D-01 0.1189749072142D-01
 0.1276408995580D-01 0.1370360780246D-01 0.1472292004070D-01 0.1582961429923D-01
 0.1703206977037D-01 0.1833954646620D-01 0.1976228522576D-01 0.2131161984264D-01
 0.2300010286616D-01 0.2484164683690D-01 0.2685168295547D-01 0.2904733945377D-01
 0.3144764224690D-01 0.3407374079610D-01 0.3694916251555D-01 0.4010009951416D-01
 0.4355573198902D-01 0.4734859318563D-01 0.5151498152493D-01 0.5609542628064D-01
 0.6113521408514D-01 0.6668498456647D-01 0.7280140459031D-01 0.7954793192002D-01
 0.8699568064242D-01 0.9522440245886D-01 0.1043235999484D+00 0.1143937902038D+00
 0.1255479398676D+00 0.1379130955873D+00 0.1516322373519D+00 0.1668663919945D+00
 0.1837970143837D+00 0.2023700714908D+00 0.2224770856594D+00 0.2442429700201D+00
 0.2678043889599D+00 0.2933109476271D+00 0.3209265100712D+00 0.3508306603598D+00
 0.3832203226645D+00 0.4183115581355D+00 0.4563415584399D+00 0.4975708581189D+00
 0.5422857904767D+00 0.5908012145694D+00 0.6434635440268D+00 0.7006541120251D+00
 0.7627929106811D+00 0.8303427475721D+00 0.9038138670713D+00 0.9837690896931D+00
 0.1070829528856D+01 0.1165680951391D+01 0.1269080855833D+01 0.1381866351200D+01
 0.1504962928618D+01 0.1639394228931D+01 0.1786292921540D+01 0.1946912823220D+01
 0.2122642400669D+01 0.2315019817621D+01
    0    0
