 nspin  vdif :::::: Potentials for non-spin-polarized non-relativistic Va.      
    1   0.0000000000000D+00
 LSMS:           Va     z=  0.    xvalws=   0.13441
   0.                      2.65165   0. 0.2551193007259D+00
                 -0.1113096740000D+02 0.9751822497023D+00 1001 1030
 0.2109027928486D-04 0.2135842821163D-04 0.2162992845075D-04 0.2190482141539D-04
 0.2218312893886D-04 0.2246487402267D-04 0.2275010032029D-04 0.2303885206802D-04
 0.2333117392370D-04 0.2362711108572D-04 0.2392670930343D-04 0.2423001477658D-04
 0.2453707430820D-04 0.2484793521007D-04 0.2516264533656D-04 0.2548125311928D-04
 0.2580380753605D-04 0.2613035813959D-04 0.2646095507410D-04 0.2679564904136D-04
 0.2713449140857D-04 0.2747753405457D-04 0.2782482954065D-04 0.2817643102173D-04
 0.2853239228558D-04 0.2889276775334D-04 0.2925761249679D-04 0.2962698224699D-04
 0.3000093337959D-04 0.3037952297502D-04 0.3076280875760D-04 0.3115084916655D-04
 0.3154370334258D-04 0.3194143111675D-04 0.3234409304350D-04 0.3275175041557D-04
 0.3316446522293D-04 0.3358230026537D-04 0.3400531905931D-04 0.3443358583847D-04
 0.3486716570185D-04 0.3530612447327D-04 0.3575052880579D-04 0.3620044610098D-04
 0.3665594464898D-04 0.3711709349674D-04 0.3758396256217D-04 0.3805662260081D-04
 0.3853514524469D-04 0.3901960292161D-04 0.3951006901598D-04 0.4000661776287D-04
 0.4050932432000D-04 0.4101826471797D-04 0.4153351593895D-04 0.4205515585912D-04
 0.4258326337622D-04 0.4311791825970D-04 0.4365920130225D-04 0.4420719425178D-04
 0.4476197986356D-04 0.4532364184778D-04 0.4589226503052D-04 0.4646793517756D-04
 0.4705073912980D-04 0.4764076477208D-04 0.4823810109192D-04 0.4884283811063D-04
 0.4945506697864D-04 0.5007487993426D-04 0.5070237031031D-04 0.5133763264382D-04
 0.5198076260261D-04 0.5263185694836D-04 0.5329101369330D-04 0.5395833201700D-04
 0.5463391230776D-04 0.5531785618859D-04 0.5601026646399D-04 0.5671124725341D-04
 0.5742090390955D-04 0.5813934304678D-04 0.5886667265800D-04 0.5960300195495D-04
 0.6034844153150D-04 0.6110310331163D-04 0.6186710057185D-04 0.6264054799394D-04
 0.6342356159463D-04 0.6421625892034D-04 0.6501875879901D-04 0.6583118163494D-04
 0.6665364919203D-04 0.6748628478783D-04 0.6832921321249D-04 0.6918256075211D-04
 0.7004645530804D-04 0.7092102623073D-04 0.7180640451367D-04 0.7270272273067D-04
 0.7361011506286D-04 0.7452871734552D-04 0.7545866701947D-04 0.7640010321134D-04
 0.7735316678527D-04 0.7831800026407D-04 0.7929474794628D-04 0.8028355583545D-04
 0.8128457176835D-04 0.8229794534557D-04 0.8332382798486D-04 0.8436237295130D-04
 0.8541373539294D-04 0.8647807231879D-04 0.8755554263862D-04 0.8864630727542D-04
 0.8975052896982D-04 0.9086837256554D-04 0.9200000485108D-04 0.9314559466276D-04
 0.9430531285368D-04 0.9547933240628D-04 0.9666782838615D-04 0.9787097797927D-04
 0.9908896052079D-04 0.1003219575439D-03 0.1015701527879D-03 0.1028337321812D-03
 0.1041128839862D-03 0.1054077987297D-03 0.1067186692034D-03 0.1080456905839D-03
 0.1093890604692D-03 0.1107489787280D-03 0.1121256477940D-03 0.1135192724964D-03
 0.1149300601302D-03 0.1163582205824D-03 0.1178039662168D-03 0.1192675120305D-03
 0.1207490755898D-03 0.1222488771749D-03 0.1237671396476D-03 0.1253040886394D-03
 0.1268599525449D-03 0.1284349624761D-03 0.1300293523697D-03 0.1316433590013D-03
 0.1332772220781D-03 0.1349311841439D-03 0.1366054907215D-03 0.1383003903145D-03
 0.1400161344711D-03 0.1417529777621D-03 0.1435111778595D-03 0.1452909955518D-03
 0.1470926948340D-03 0.1489165429052D-03 0.1507628101682D-03 0.1526317703257D-03
 0.1545237004196D-03 0.1564388808782D-03 0.1583775954818D-03 0.1603401314960D-03
 0.1623267796715D-03 0.1643378342660D-03 0.1663735931859D-03 0.1684343578376D-03
 0.1705204334139D-03 0.1726321286893D-03 0.1747697563179D-03 0.1769336326649D-03
 0.1791240779491D-03 0.1813414162998D-03 0.1835859758056D-03 0.1858580884735D-03
 0.1881580904106D-03 0.1904863217203D-03 0.1928431268002D-03 0.1952288540564D-03
 0.1976438562209D-03 0.2000884902745D-03 0.2025631175056D-03 0.2050681037522D-03
 0.2076038190152D-03 0.2101706381076D-03 0.2127689401661D-03 0.2153991089700D-03
 0.2180615331070D-03 0.2207566056753D-03 0.2234847247196D-03 0.2262462930099D-03
 0.2290417182697D-03 0.2318714131859D-03 0.2347357953310D-03 0.2376352875859D-03
 0.2405703177083D-03 0.2435413188951D-03 0.2465487294007D-03 0.2495929929542D-03
 0.2526745585372D-03 0.2557938807161D-03 0.2589514196005D-03 0.2621476407035D-03
 0.2653830153112D-03 0.2686580205075D-03 0.2719731391262D-03 0.2753288597269D-03
 0.2787256770391D-03 0.2821640915819D-03 0.2856446101367D-03 0.2891677455701D-03
 0.2927340169461D-03 0.2963439497045D-03 0.2999980756244D-03 0.3036969329811D-03
 0.3074410665352D-03 0.3112310277283D-03 0.3150673746837D-03 0.3189506723301D-03
 0.3228814924151D-03 0.3268604136930D-03 0.3308880218068D-03 0.3349649097939D-03
 0.3390916776860D-03 0.3432689328119D-03 0.3474972900239D-03 0.3517773714386D-03
 0.3561098070100D-03 0.3604952340239D-03 0.3649342978214D-03 0.3694276514161D-03
 0.3739759558314D-03 0.3785798800475D-03 0.3832401012721D-03 0.3879573049292D-03
 0.3927321846696D-03 0.3975654427574D-03 0.4024577897972D-03 0.4074099452423D-03
 0.4124226371559D-03 0.4174966024871D-03 0.4226325871756D-03 0.4278313460971D-03
 0.4330936436672D-03 0.4384202531713D-03 0.4438119574705D-03 0.4492695491098D-03
 0.4547938299371D-03 0.4603856118696D-03 0.4660457165161D-03 0.4717749756055D-03
 0.4775742308540D-03 0.4834443342663D-03 0.4893861482942D-03 0.4954005457569D-03
 0.5014884101670D-03 0.5076506358051D-03 0.5138881277397D-03 0.5202018021306D-03
 0.5265925862297D-03 0.5330614186397D-03 0.5396092493801D-03 0.5462370399315D-03
 0.5529457635325D-03 0.5597364053343D-03 0.5666099623721D-03 0.5735674438358D-03
 0.5806098712406D-03 0.5877382785195D-03 0.5949537121831D-03 0.6022572314280D-03
 0.6096499084219D-03 0.6171328283901D-03 0.6247070895709D-03 0.6323738038746D-03
 0.6401340965478D-03 0.6479891065412D-03 0.6559399867558D-03 0.6639879039562D-03
 0.6721340394357D-03 0.6803795884540D-03 0.6887257611169D-03 0.6971737821233D-03
 0.7057248912488D-03 0.7143803430640D-03 0.7231414076696D-03 0.7320093706192D-03
 0.7409855329392D-03 0.7500712116109D-03 0.7592677396149D-03 0.7685764662726D-03
 0.7779987571957D-03 0.7875359946663D-03 0.7971895777821D-03 0.8069609226742D-03
 0.8168514628179D-03 0.8268626490249D-03 0.8369959497388D-03 0.8472528513655D-03
 0.8576348585197D-03 0.8681434938044D-03 0.8787802987858D-03 0.8895468334038D-03
 0.9004446768693D-03 0.9114754275643D-03 0.9226407032011D-03 0.9339421413000D-03
 0.9453813993544D-03 0.9569601549915D-03 0.9686801062801D-03 0.9805429719236D-03
 0.9925504915829D-03 0.1004704426171D-02 0.1017006557912D-02 0.1029458690940D-02
 0.1042062651190D-02 0.1054820286724D-02 0.1067733468452D-02 0.1080804089761D-02
 0.1094034067320D-02 0.1107425340988D-02 0.1120979874198D-02 0.1134699654572D-02
 0.1148586693726D-02 0.1162643027645D-02 0.1176870717475D-02 0.1191271849145D-02
 0.1205848534214D-02 0.1220602909806D-02 0.1235537139084D-02 0.1250653411658D-02
 0.1265953943768D-02 0.1281440978557D-02 0.1297116786578D-02 0.1312983666063D-02
 0.1329043943204D-02 0.1345299972403D-02 0.1361754136926D-02 0.1378408849020D-02
 0.1395266550294D-02 0.1412329712054D-02 0.1429600835702D-02 0.1447082453218D-02
 0.1464777127349D-02 0.1482687452025D-02 0.1500816052766D-02 0.1519165587216D-02
 0.1537738745127D-02 0.1556538249366D-02 0.1575566855670D-02 0.1594827353420D-02
 0.1614322566069D-02 0.1634055351319D-02 0.1654028601797D-02 0.1674245245327D-02
 0.1694708245335D-02 0.1715420601397D-02 0.1736385349729D-02 0.1757605563281D-02
 0.1779084352683D-02 0.1800824866299D-02 0.1822830290926D-02 0.1845103852109D-02
 0.1867648814722D-02 0.1890468483441D-02 0.1913566203179D-02 0.1936945359495D-02
 0.1960609379265D-02 0.1984561731233D-02 0.2008805926116D-02 0.2033345517682D-02
 0.2058184102681D-02 0.2083325322055D-02 0.2108772860779D-02 0.2134530448782D-02
 0.2160601861497D-02 0.2186990920413D-02 0.2213701493336D-02 0.2240737495381D-02
 0.2268102889227D-02 0.2295801686001D-02 0.2323837945425D-02 0.2352215777052D-02
 0.2380939339972D-02 0.2410012844458D-02 0.2439440551693D-02 0.2469226775006D-02
 0.2499375880077D-02 0.2529892285839D-02 0.2560780465117D-02 0.2592044945218D-02
 0.2623690308420D-02 0.2655721193061D-02 0.2688142293750D-02 0.2720958362474D-02
 0.2754174209027D-02 0.2787794701563D-02 0.2821824768032D-02 0.2856269396001D-02
 0.2891133633870D-02 0.2926422591641D-02 0.2962141441474D-02 0.2998295418557D-02
 0.3034889821779D-02 0.3071930014828D-02 0.3109421426260D-02 0.3147369551164D-02
 0.3185779951425D-02 0.3224658256639D-02 0.3264010165058D-02 0.3303841444272D-02
 0.3344157932070D-02 0.3384965537516D-02 0.3426270241597D-02 0.3468078097884D-02
 0.3510395234306D-02 0.3553227852555D-02 0.3596582230688D-02 0.3640464722755D-02
 0.3684881760478D-02 0.3729839853452D-02 0.3775345591309D-02 0.3821405643193D-02
 0.3868026760038D-02 0.3915215774574D-02 0.3962979603111D-02 0.4011325246015D-02
 0.4060259788979D-02 0.4109790404023D-02 0.4159924350357D-02 0.4210668975832D-02
 0.4262031717594D-02 0.4314020103705D-02 0.4366641753480D-02 0.4419904379387D-02
 0.4473815787698D-02 0.4528383879717D-02 0.4583616653161D-02 0.4639522202793D-02
 0.4696108722630D-02 0.4753384505793D-02 0.4811357946805D-02 0.4870037542278D-02
 0.4929431892551D-02 0.4989549702424D-02 0.5050399782728D-02 0.5111991051974D-02
 0.5174332537019D-02 0.5237433374556D-02 0.5301302812761D-02 0.5365950212537D-02
 0.5431385048459D-02 0.5497616910948D-02 0.5564655506858D-02 0.5632510661419D-02
 0.5701192319694D-02 0.5770710547502D-02 0.5841075533627D-02 0.5912297590748D-02
 0.5984387157252D-02 0.6057354798531D-02 0.6131211208880D-02 0.6205967212574D-02
 0.6281633766038D-02 0.6358221958935D-02 0.6435743016007D-02 0.6514208298811D-02
 0.6593629307233D-02 0.6674017681088D-02 0.6755385202297D-02 0.6837743795936D-02
 0.6921105532590D-02 0.7005482629633D-02 0.7090887453371D-02 0.7177332520851D-02
 0.7264830501313D-02 0.7353394218543D-02 0.7443036652261D-02 0.7533770940509D-02
 0.7625610381259D-02 0.7718568434381D-02 0.7812658723899D-02 0.7907895039460D-02
 0.8004291338964D-02 0.8101861750119D-02 0.8200620572697D-02 0.8300582280992D-02
 0.8401761524992D-02 0.8504173133439D-02 0.8607832115818D-02 0.8712753664279D-02
 0.8818953155905D-02 0.8926446155231D-02 0.9035248416272D-02 0.9145375884923D-02
 0.9256844701326D-02 0.9369671202093D-02 0.9483871923124D-02 0.9599463601305D-02
 0.9716463177632D-02 0.9834887799309D-02 0.9954754822515D-02 0.1007608181459D-01
 0.1019888655717D-01 0.1032318704810D-01 0.1044900150471D-01 0.1057634836608D-01
 0.1070524629581D-01 0.1083571418496D-01 0.1096777115445D-01 0.1110143655838D-01
 0.1123672998628D-01 0.1137367126642D-01 0.1151228046855D-01 0.1165257790681D-01
 0.1179458414285D-01 0.1193831998857D-01 0.1208380650946D-01 0.1223106502759D-01
 0.1238011712457D-01 0.1253098464519D-01 0.1268368969976D-01 0.1283825466831D-01
 0.1299470220330D-01 0.1315305523303D-01 0.1331333696513D-01 0.1347557088971D-01
 0.1363978078327D-01 0.1380599071137D-01 0.1397422503335D-01 0.1414450840461D-01
 0.1431686578112D-01 0.1449132242270D-01 0.1466790389686D-01 0.1484663608248D-01
 0.1502754517357D-01 0.1521065768304D-01 0.1539600044696D-01 0.1558360062805D-01
 0.1577348571980D-01 0.1596568355065D-01 0.1616022228788D-01 0.1635713044175D-01
 0.1655643687012D-01 0.1675817078142D-01 0.1696236174081D-01 0.1716903967273D-01
 0.1737823486652D-01 0.1758997798021D-01 0.1780430004513D-01 0.1802123247059D-01
 0.1824080704843D-01 0.1846305595764D-01 0.1868801176908D-01 0.1891570745020D-01
 0.1914617637001D-01 0.1937945230384D-01 0.1961556943837D-01 0.1985456237652D-01
 0.2009646614270D-01 0.2034131618765D-01 0.2058914839414D-01 0.2083999908157D-01
 0.2109390501188D-01 0.2135090339440D-01 0.2161103189191D-01 0.2187432862557D-01
 0.2214083218084D-01 0.2241058161302D-01 0.2268361645303D-01 0.2295997671311D-01
 0.2323970289283D-01 0.2352283598486D-01 0.2380941748088D-01 0.2409948937817D-01
 0.2439309418507D-01 0.2469027492772D-01 0.2499107515599D-01 0.2529553895028D-01
 0.2560371092737D-01 0.2591563624793D-01 0.2623136062182D-01 0.2655093031594D-01
 0.2687439216032D-01 0.2720179355523D-01 0.2753318247829D-01 0.2786860749094D-01
 0.2820811774609D-01 0.2855176299521D-01 0.2889959359531D-01 0.2925166051651D-01
 0.2960801534989D-01 0.2996871031418D-01 0.3033379826418D-01 0.3070333269798D-01
 0.3107736776527D-01 0.3145595827480D-01 0.3183915970272D-01 0.3222702820040D-01
 0.3261962060291D-01 0.3301699443741D-01 0.3341920793113D-01 0.3382632002036D-01
 0.3423839035872D-01 0.3465547932624D-01 0.3507764803784D-01 0.3550495835223D-01
 0.3593747288157D-01 0.3637525499998D-01 0.3681836885283D-01 0.3726687936673D-01
 0.3772085225833D-01 0.3818035404421D-01 0.3864545205063D-01 0.3911621442366D-01
 0.3959271013834D-01 0.4007500900955D-01 0.4056318170179D-01 0.4105729973971D-01
 0.4155743551854D-01 0.4206366231446D-01 0.4257605429563D-01 0.4309468653266D-01
 0.4361963501014D-01 0.4415097663697D-01 0.4468878925824D-01 0.4523315166631D-01
 0.4578414361248D-01 0.4634184581844D-01 0.4690633998801D-01 0.4747770881967D-01
 0.4805603601759D-01 0.4864140630492D-01 0.4923390543543D-01 0.4983362020629D-01
 0.5044063847083D-01 0.5105504915130D-01 0.5167694225149D-01 0.5230640887067D-01
 0.5294354121593D-01 0.5358843261619D-01 0.5424117753589D-01 0.5490187158867D-01
 0.5557061155076D-01 0.5624749537585D-01 0.5693262220939D-01 0.5762609240205D-01
 0.5832800752549D-01 0.5903847038673D-01 0.5975758504297D-01 0.6048545681685D-01
 0.6122219231176D-01 0.6196789942777D-01 0.6272268737662D-01 0.6348666669815D-01
 0.6425994927630D-01 0.6504264835534D-01 0.6583487855626D-01 0.6663675589363D-01
 0.6744839779235D-01 0.6826992310467D-01 0.6910145212786D-01 0.6994310662110D-01
 0.7079500982366D-01 0.7165728647262D-01 0.7253006282091D-01 0.7341346665600D-01
 0.7430762731803D-01 0.7521267571873D-01 0.7612874436072D-01 0.7705596735628D-01
 0.7799448044722D-01 0.7894442102420D-01 0.7990592814696D-01 0.8087914256443D-01
 0.8186420673490D-01 0.8286126484699D-01 0.8387046284017D-01 0.8489194842647D-01
 0.8592587111129D-01 0.8697238221521D-01 0.8803163489620D-01 0.8910378417130D-01
 0.9018898693938D-01 0.9128740200360D-01 0.9239919009462D-01 0.9352451389363D-01
 0.9466353805583D-01 0.9581642923438D-01 0.9698335610414D-01 0.9816448938634D-01
 0.9936000187319D-01 0.1005700684524D+00 0.1017948661328D+00 0.1030345740696D+00
 0.1042893735903D+00 0.1055594482208D+00 0.1068449837117D+00 0.1081461680649D+00
 0.1094631915611D+00 0.1107962467864D+00 0.1121455286607D+00 0.1135112344653D+00
 0.1148935638710D+00 0.1162927189669D+00 0.1177089042897D+00 0.1191423268527D+00
 0.1205931961748D+00 0.1220617243119D+00 0.1235481258857D+00 0.1250526181154D+00
 0.1265754208483D+00 0.1281167565911D+00 0.1296768505420D+00 0.1312559306220D+00
 0.1328542275083D+00 0.1344719746666D+00 0.1361094083843D+00 0.1377667678041D+00
 0.1394442949580D+00 0.1411422348019D+00 0.1428608352493D+00 0.1446003472080D+00
 0.1463610246139D+00 0.1481431244685D+00 0.1499469068736D+00 0.1517726350695D+00
 0.1536205754709D+00 0.1554909977054D+00 0.1573841746503D+00 0.1593003824723D+00
 0.1612399006652D+00 0.1632030120893D+00 0.1651900030117D+00 0.1672011631454D+00
 0.1692367856904D+00 0.1712971673745D+00 0.1733826084946D+00 0.1754934129586D+00
 0.1776298883274D+00 0.1797923458582D+00 0.1819811005471D+00 0.1841964711728D+00
 0.1864387803410D+00 0.1887083545289D+00 0.1910055241298D+00 0.1933306234993D+00
 0.1956839910004D+00 0.1980659690507D+00 0.2004769041688D+00 0.2029171470224D+00
 0.2053870524753D+00 0.2078869796362D+00 0.2104172919076D+00 0.2129783570353D+00
 0.2155705471577D+00 0.2181942388568D+00 0.2208498132084D+00 0.2235376558341D+00
 0.2262581569524D+00 0.2290117114320D+00 0.2317987188436D+00 0.2346195835137D+00
 0.2374747145789D+00 0.2403645260393D+00 0.2432894368146D+00 0.2462498707981D+00
 0.2492462569136D+00 0.2522790291715D+00 0.2553486267258D+00 0.2584554939309D+00
 0.2616000804007D+00 0.2647828410658D+00 0.2680042362332D+00 0.2712647316457D+00
 0.2745647985412D+00 0.2779049137142D+00 0.2812855595759D+00 0.2847072242158D+00
 0.2881704014639D+00 0.2916755909530D+00 0.2952232981816D+00 0.2988140345775D+00
 0.3024483175610D+00 0.3061266706103D+00 0.3098496233255D+00 0.3136177114943D+00
 0.3174314771576D+00 0.3212914686757D+00 0.3251982407952D+00 0.3291523547155D+00
 0.3331543781571D+00 0.3372048854288D+00 0.3413044574968D+00 0.3454536820523D+00
 0.3496531535822D+00 0.3539034734371D+00 0.3582052499024D+00 0.3625590982676D+00
 0.3669656408973D+00 0.3714255073023D+00 0.3759393342105D+00 0.3805077656384D+00
 0.3851314529631D+00 0.3898110549942D+00 0.3945472380460D+00 0.3993406760105D+00
 0.4041920504292D+00 0.4091020505670D+00 0.4140713734846D+00 0.4191007241117D+00
 0.4241908153206D+00 0.4293423679994D+00 0.4345561111252D+00 0.4398327818379D+00
 0.4451731255131D+00 0.4505778958362D+00 0.4560478548749D+00 0.4615837731529D+00
 0.4671864297226D+00 0.4728566122383D+00 0.4785951170285D+00 0.4844027491680D+00
 0.4902803225505D+00 0.4962286599598D+00 0.5022485931408D+00 0.5083409628710D+00
 0.5145066190299D+00 0.5207464206688D+00 0.5270612360802D+00 0.5334519428657D+00
 0.5399194280032D+00 0.5464645879143D+00 0.5530883285295D+00 0.5597915653532D+00
 0.5665752235271D+00 0.5734402378931D+00 0.5803875530546D+00 0.5874181234361D+00
 0.5945329133422D+00 0.6017328970148D+00 0.6090190586878D+00 0.6163923926420D+00
 0.6238539032560D+00 0.6314046050569D+00 0.6390455227678D+00 0.6467776913538D+00
 0.6546021560651D+00 0.6625199724786D+00 0.6705322065355D+00 0.6786399345773D+00
 0.6868442433783D+00 0.6951462301756D+00 0.7035470026950D+00 0.7120476791739D+00
 0.7206493883811D+00 0.7293532696316D+00 0.7381604727988D+00 0.7470721583207D+00
 0.7560894972037D+00 0.7652136710199D+00 0.7744458719002D+00 0.7837873025225D+00
 0.7932391760936D+00 0.8028027163260D+00 0.8124791574083D+00 0.8222697439692D+00
 0.8321757310349D+00 0.8421983839791D+00 0.8523389784664D+00 0.8625988003867D+00
 0.8729791457820D+00 0.8834813207651D+00 0.8941066414280D+00 0.9048564337416D+00
 0.9157320334454D+00 0.9267347859263D+00 0.9378660460864D+00 0.9491271781991D+00
 0.9605195557534D+00 0.9720445612848D+00 0.9837035861934D+00 0.9954980305466D+00
 0.1007429302868D+01 0.1019498819912D+01 0.1031708006415D+01 0.1044058294841D+01
 0.1056551125099D+01 0.1069187944244D+01 0.1081970206163D+01 0.1094899371228D+01
 0.1107976905943D+01 0.1121204282552D+01 0.1134582978633D+01 0.1148114476663D+01
 0.1161800263551D+01 0.1175641830153D+01 0.1189640670744D+01 0.1203798282471D+01
 0.1218116164764D+01 0.1232595818712D+01 0.1247238746411D+01 0.1262046450263D+01
 0.1277020432236D+01 0.1292162193090D+01 0.1307473231544D+01 0.1322955043405D+01
 0.1338609120646D+01 0.1354436950426D+01 0.1370440014055D+01 0.1386619785912D+01
 0.1402977732281D+01 0.1419515310139D+01 0.1436233965866D+01 0.1453135133888D+01
 0.1470220235239D+01 0.1487490676045D+01 0.1504947845923D+01 0.1522593116289D+01
 0.1540427838575D+01 0.1558453342343D+01 0.1576670933293D+01 0.1595081891164D+01
 0.1613687467516D+01 0.1632488883387D+01 0.1651487326822D+01 0.1670683950258D+01
 0.1690079867777D+01 0.1709676152188D+01 0.1729473831959D+01 0.1749473887971D+01
 0.1769677250095D+01 0.1790084793572D+01 0.1810697335194D+01 0.1831515629268D+01
 0.1852540363356D+01 0.1873772153770D+01 0.1895211540818D+01 0.1916858983776D+01
 0.1938714855581D+01 0.1960779437214D+01 0.1983052911771D+01 0.2005535358193D+01
 0.2028226744633D+01 0.2051126921447D+01 0.2074235613782D+01 0.2097552413730D+01
 0.2121076772032D+01 0.2144807989300D+01 0.2168745206723D+01 0.2192887396234D+01
 0.2217233350091D+01 0.2241781669853D+01 0.2266530754692D+01 0.2291478789017D+01
 0.2316623729357D+01 0.2341963290447D+01 0.2367494930487D+01 0.2393215835493D+01
 0.2419122902705D+01 0.2445212722966D+01 0.2471481562021D+01 0.2497925340647D+01
 0.2524539613554D+01 0.2551319546939D+01 0.2578259894640D+01 0.2605354972754D+01
 0.2632598632630D+01 0.2659984232117D+01 0.2687504604927D+01 0.2715152027993D+01
 0.2742918186655D+01 0.2770794137522D+01 0.2798770268818D+01 0.2826836258034D+01
 0.2854981026660D+01 0.2883192691769D+01 0.2911458514204D+01 0.2939764843079D+01
 0.2968097056294D+01 0.2996439496739D+01 0.3024775403792D+01 0.3053086839729D+01
 0.3081354610581D+01 0.3109558180955D+01 0.3137675582255D+01 0.3165683313705D+01
 0.3193556235496D+01 0.3221267453309D+01 0.3248788193370D+01 0.3276087667120D+01
 0.3303132924448D+01 0.3329888694330D+01 0.3356317211574D+01 0.3382378028208D+01
 0.3408027807885D+01 0.3433220101435D+01 0.3457905101523D+01 0.3482029363996D+01
 0.3505535542685D+01
                                    0.0000000000000D+00
 1030 0.1344104492101D+00
 0.1131160655744D-11 0.1144237981573D-11 0.1157479458728D-11 0.1170887286583D-11
 0.1184490025352D-11 0.1198315817674D-11 0.1212366538915D-11 0.1226644305526D-11
 0.1241151113543D-11 0.1255889252678D-11 0.1270860902647D-11 0.1286068386635D-11
 0.1301514157718D-11 0.1317200650063D-11 0.1333130476001D-11 0.1349306199894D-11
 0.1365730622279D-11 0.1382406434989D-11 0.1399336548135D-11 0.1416523894559D-11
 0.1433971517569D-11 0.1451682445998D-11 0.1469659893295D-11 0.1487907056491D-11
 0.1506427336089D-11 0.1525224029053D-11 0.1544300677714D-11 0.1563660849650D-11
 0.1583308203923D-11 0.1603246353005D-11 0.1623479217380D-11 0.1644010652689D-11
 0.1664844588608D-11 0.1685985139806D-11 0.1707436418981D-11 0.1729202610847D-11
 0.1751288084501D-11 0.1773697207818D-11 0.1796434521985D-11 0.1819504575131D-11
 0.1842911964460D-11 0.1866661607663D-11 0.1890758305092D-11 0.1915206957408D-11
 0.1940012792980D-11 0.1965180769192D-11 0.1990716247799D-11 0.2016624544248D-11
 0.2042911234515D-11 0.2069581745475D-11 0.2096641841989D-11 0.2124097270105D-11
 0.2151953993516D-11 0.2180217920039D-11 0.2208895288342D-11 0.2237992306837D-11
 0.2267515301082D-11 0.2297470741423D-11 0.2327865270057D-11 0.2358705666651D-11
 0.2389998718374D-11 0.2421751474520D-11 0.2453971106412D-11 0.2486664718705D-11
 0.2519839776514D-11 0.2553503765266D-11 0.2587664515180D-11 0.2622329693393D-11
 0.2657507450373D-11 0.2693205616621D-11 0.2729432763259D-11 0.2766197167292D-11
 0.2803507551099D-11 0.2841372456108D-11 0.2879800937007D-11 0.2918802089446D-11
 0.2958385183791D-11 0.2998559544409D-11 0.3039335017519D-11 0.3080721194723D-11
 0.3122728223865D-11 0.3165366238811D-11 0.3208645401760D-11 0.3252576533996D-11
 0.3297170437192D-11 0.3342437878207D-11 0.3388390211580D-11 0.3435038906790D-11
 0.3482395333763D-11 0.3530471486412D-11 0.3579279582912D-11 0.3628831696372D-11
 0.3679140569304D-11 0.3730218909786D-11 0.3782079652875D-11 0.3834736237699D-11
 0.3888202226591D-11 0.3942491344118D-11 0.3997617814792D-11 0.4053595765723D-11
 0.4110440101429D-11 0.4168165573199D-11 0.4226787379248D-11 0.4286321303964D-11
 0.4346782773202D-11 0.4408188265244D-11 0.4470554025762D-11 0.4533896924512D-11
 0.4598234146151D-11 0.4663582891945D-11 0.4729961245848D-11 0.4797387198823D-11
 0.4865879347245D-11 0.4935456444753D-11 0.5006137949296D-11 0.5077943308874D-11
 0.5150892608804D-11 0.5225006411730D-11 0.5300305504838D-11 0.5376810869265D-11
 0.5454544838001D-11 0.5533528942328D-11 0.5613786146543D-11 0.5695339106797D-11
 0.5778211830246D-11 0.5862427966450D-11 0.5948011888419D-11 0.6034989028541D-11
 0.6123384498853D-11 0.6213224358547D-11 0.6304535340718D-11 0.6397344323999D-11
 0.6491678856990D-11 0.6587567568120D-11 0.6685038488946D-11 0.6784121798955D-11
 0.6884847163056D-11 0.6987245346815D-11 0.7091347145640D-11 0.7197184737096D-11
 0.7304790698853D-11 0.7414198443318D-11 0.7525441640188D-11 0.7638554757678D-11
 0.7753573672625D-11 0.7870534095966D-11 0.7989472734208D-11 0.8110427743764D-11
 0.8233437002362D-11 0.8358540137154D-11 0.8485777003114D-11 0.8615188497704D-11
 0.8746816258351D-11 0.8880703330538D-11 0.9016893029613D-11 0.9155429694828D-11
 0.9296358830654D-11 0.9439727246776D-11 0.9585581494276D-11 0.9733970712525D-11
 0.9884943773468D-11 0.1003855166123D-10 0.1019484545678D-10 0.1035387814024D-10
 0.1051570345782D-10 0.1068037622859D-10 0.1084795291783D-10 0.1101849023479D-10
 0.1119204724712D-10 0.1136868379677D-10 0.1154846112511D-10 0.1173144117860D-10
 0.1191768842627D-10 0.1210726769073D-10 0.1230024561625D-10 0.1249669039800D-10
 0.1269667163185D-10 0.1290025996856D-10 0.1310752894314D-10 0.1331855185429D-10
 0.1353340506008D-10 0.1375216603911D-10 0.1397491386815D-10 0.1420172934110D-10
 0.1443269556730D-10 0.1466789685789D-10 0.1490741956939D-10 0.1515135187829D-10
 0.1539978490971D-10 0.1565280983846D-10 0.1591052182242D-10 0.1617301681175D-10
 0.1644039362663D-10 0.1671275221487D-10 0.1699019685754D-10 0.1727283173733D-10
 0.1756076491826D-10 0.1785410586396D-10 0.1815296785779D-10 0.1845746548141D-10
 0.1876771588262D-10 0.1908384019221D-10 0.1940596016668D-10 0.1973420182179D-10
 0.2006869406823D-10 0.2040956775000D-10 0.2075695710827D-10 0.2111099943939D-10
 0.2147183527505D-10 0.2183960777092D-10 0.2221446451532D-10 0.2259655497210D-10
 0.2298603310646D-10 0.2338305502526D-10 0.2378778199429D-10 0.2420037773774D-10
 0.2462101100664D-10 0.2504985204134D-10 0.2548707790121D-10 0.2593286676598D-10
 0.2638740346588D-10 0.2685087531847D-10 0.2732347409764D-10 0.2780539740239D-10
 0.2829684500343D-10 0.2879802316319D-10 0.2930914213986D-10 0.2983041632595D-10
 0.3036206700128D-10 0.3090431832448D-10 0.3145740121463D-10 0.3202154956947D-10
 0.3259700662687D-10 0.3318401674240D-10 0.3378283317005D-10 0.3439371368577D-10
 0.3501692113474D-10 0.3565272772330D-10 0.3630140748192D-10 0.3696324383821D-10
 0.3763852558967D-10 0.3832754734583D-10 0.3903061409412D-10 0.3974803363208D-10
 0.4048012338827D-10 0.4122720676277D-10 0.4198961607431D-10 0.4276768989162D-10
 0.4356177548251D-10 0.4437222893208D-10 0.4519941214007D-10 0.4604369755866D-10
 0.4690546636575D-10 0.4778510836587D-10 0.4868302021936D-10 0.4959961094247D-10
 0.5053529676008D-10 0.5149050606757D-10 0.5246567493210D-10 0.5346125055469D-10
 0.5447769105698D-10 0.5551546371573D-10 0.5657504788585D-10 0.5765693493515D-10
 0.5876162722787D-10 0.5988963570311D-10 0.6104148937593D-10 0.6221772402563D-10
 0.6341889167510D-10 0.6464555532045D-10 0.6589829122124D-10 0.6717769127637D-10
 0.6848435782345D-10 0.6981891174901D-10 0.7118198396316D-10 0.7257422356235D-10
 0.7399629333138D-10 0.7544887209521D-10 0.7693265351119D-10 0.7844835181982D-10
 0.7999669279258D-10 0.8157842140516D-10 0.8319430038342D-10 0.8484511154863D-10
 0.8653165388821D-10 0.8825474510137D-10 0.9001522238431D-10 0.9181394424606D-10
 0.9365178685952D-10 0.9552964942117D-10 0.9744845124529D-10 0.9940913342516D-10
 0.1014126605761D-09 0.1034600183928D-09 0.1055522176901D-09 0.1076902914673D-09
 0.1098752989526D-09 0.1121083237775D-09 0.1143904754496D-09 0.1167228897340D-09
 0.1191067284543D-09 0.1215431823932D-09 0.1240334733471D-09 0.1265788444800D-09
 0.1291805750087D-09 0.1318399735356D-09 0.1345583782970D-09 0.1373371609486D-09
 0.1401777262889D-09 0.1430815079875D-09 0.1460499815004D-09 0.1490846501604D-09
 0.1521870576152D-09 0.1553587841811D-09 0.1586014450516D-09 0.1619166981392D-09
 0.1653062352831D-09 0.1687717972447D-09 0.1723151565944D-09 0.1759381360346D-09
 0.1796425969779D-09 0.1834304486378D-09 0.1873036435920D-09 0.1912641847998D-09
 0.1953141172802D-09 0.1994555404842D-09 0.2036906000708D-09 0.2080214969611D-09
 0.2124504855343D-09 0.2169798653712D-09 0.2216120014416D-09 0.2263493138994D-09
 0.2311942722339D-09 0.2361494172847D-09 0.2412173432155D-09 0.2464007093539D-09
 0.2517022365575D-09 0.2571247131118D-09 0.2626709951216D-09 0.2683440053130D-09
 0.2741467386593D-09 0.2800822607167D-09 0.2861537064075D-09 0.2923642975658D-09
 0.2987173234563D-09 0.3052161549797D-09 0.3118642470467D-09 0.3186651333438D-09
 0.3256224391989D-09 0.3327398676513D-09 0.3400212226685D-09 0.3474703890195D-09
 0.3550913529870D-09 0.3628881893285D-09 0.3708650800576D-09 0.3790263028841D-09
 0.3873762388541D-09 0.3959193732509D-09 0.4046603044646D-09 0.4136037373536D-09
 0.4227544945102D-09 0.4321175091792D-09 0.4416978390845D-09 0.4515006601455D-09
 0.4615312770531D-09 0.4717951240116D-09 0.4822977587652D-09 0.4930448808583D-09
 0.5040423193069D-09 0.5152960588954D-09 0.5268122161258D-09 0.5385970552456D-09
 0.5506570037657D-09 0.5629986251901D-09 0.5756286671125D-09 0.5885540173237D-09
 0.6017817439355D-09 0.6153190856438D-09 0.6291734455818D-09 0.6433524165721D-09
 0.6578637735515D-09 0.6727154804889D-09 0.6879156859291D-09 0.7034727503624D-09
 0.7193952232932D-09 0.7356918679306D-09 0.7523716602819D-09 0.7694437905637D-09
 0.7869176793381D-09 0.8048029602869D-09 0.8231095178279D-09 0.8418474702773D-09
 0.8610271762622D-09 0.8806592506143D-09 0.9007545619857D-09 0.9213242467691D-09
 0.9423797160669D-09 0.9639326454134D-09 0.9859950003031D-09 0.1008579043349D-08
 0.1031697322725D-08 0.1055362698108D-08 0.1079588344968D-08 0.1104387742729D-08
 0.1129774724314D-08 0.1155763434015D-08 0.1182368375983D-08 0.1209604395735D-08
 0.1237486712024D-08 0.1266030898129D-08 0.1295252920514D-08 0.1325169119697D-08
 0.1355796249637D-08 0.1387151451199D-08 0.1419252306708D-08 0.1452116807201D-08
 0.1485763388630D-08 0.1520210930740D-08 0.1555478778554D-08 0.1591586739256D-08
 0.1628555117229D-08 0.1666404697134D-08 0.1705156769832D-08 0.1744833154687D-08
 0.1785456188043D-08 0.1827048762230D-08 0.1869634323831D-08 0.1913236878427D-08
 0.1957881039407D-08 0.2003591996833D-08 0.2050395570609D-08 0.2098318186199D-08
 0.2147386946034D-08 0.2197629584800D-08 0.2249074529186D-08 0.2301750896285D-08
 0.2355688492620D-08 0.2410917884666D-08 0.2467470353147D-08 0.2525377959132D-08
 0.2584673535572D-08 0.2645390721667D-08 0.2707563983271D-08 0.2771228595548D-08
 0.2836420740688D-08 0.2903177440944D-08 0.2971536641123D-08 0.3041537211071D-08
 0.3113218968098D-08 0.3186622679463D-08 0.3261790143387D-08 0.3338764150851D-08
 0.3417588545166D-08 0.3498308237121D-08 0.3580969236488D-08 0.3665618666485D-08
 0.3752304811779D-08 0.3841077128295D-08 0.3931986274574D-08 0.4025084158748D-08
 0.4120423935891D-08 0.4218060069910D-08 0.4318048364237D-08 0.4420445962360D-08
 0.4525311418515D-08 0.4632704698923D-08 0.4742687265152D-08 0.4855322037122D-08
 0.4970673509538D-08 0.5088807725585D-08 0.5209792346109D-08 0.5333696690562D-08
 0.5460591770250D-08 0.5590550335936D-08 0.5723646886032D-08 0.5859957781720D-08
 0.5999561196911D-08 0.6142537278117D-08 0.6288968074025D-08 0.6438937664287D-08
 0.6592532162186D-08 0.6749839814759D-08 0.6910951017198D-08 0.7075958348720D-08
 0.7244956667278D-08 0.7418043147052D-08 0.7595317343513D-08 0.7776881223832D-08
 0.7962839284314D-08 0.8153298542628D-08 0.8348368600492D-08 0.8548161851501D-08
 0.8752793305489D-08 0.8962380849755D-08 0.9177045264130D-08 0.9396910248690D-08
 0.9622102520928D-08 0.9852751930645D-08 0.1008899149037D-07 0.1033095743567D-07
 0.1057878938505D-07 0.1083263031741D-07 0.1109262674560D-07 0.1135892873548D-07
 0.1163169004910D-07 0.1191106819649D-07 0.1219722454522D-07 0.1249032438401D-07
 0.1279053707853D-07 0.1309803611491D-07 0.1341299922041D-07 0.1373560850736D-07
 0.1406605049528D-07 0.1440451627050D-07 0.1475120161392D-07 0.1510630712022D-07
 0.1547003821778D-07 0.1584260543278D-07 0.1622422438893D-07 0.1661511602828D-07
 0.1701550666903D-07 0.1742562818325D-07 0.1784571811192D-07 0.1827601981077D-07
 0.1871678260002D-07 0.1916826186108D-07 0.1963071926893D-07 0.2010442289738D-07
 0.2058964735468D-07 0.2108667402451D-07 0.2159579112466D-07 0.2211729392938D-07
 0.2265148498192D-07 0.2319867419450D-07 0.2375917911365D-07 0.2433332496348D-07
 0.2492144504628D-07 0.2552388076707D-07 0.2614098187881D-07 0.2677310675677D-07
 0.2742062246119D-07 0.2808390515195D-07 0.2876334010552D-07 0.2945932207455D-07
 0.3017225549185D-07 0.3090255468230D-07 0.3165064410677D-07 0.3241695864091D-07
 0.3320194380127D-07 0.3400605606413D-07 0.3482976303891D-07 0.3567354376889D-07
 0.3653788911842D-07 0.3742330190232D-07 0.3833029730517D-07 0.3925940312446D-07
 0.4021116006401D-07 0.4118612211011D-07 0.4218485680782D-07 0.4320794565912D-07
 0.4425598435427D-07 0.4532958324063D-07 0.4642936755398D-07 0.4755597797612D-07
 0.4871007078530D-07 0.4989231837988D-07 0.5110340970377D-07 0.5234405055874D-07
 0.5361496396678D-07 0.5491689084859D-07 0.5625059016008D-07 0.5761683954744D-07
 0.5901643570115D-07 0.6045019484698D-07 0.6191895325908D-07 0.6342356777320D-07
 0.6496491606168D-07 0.6654389756453D-07 0.6816143370341D-07 0.6981846848760D-07
 0.7151596901567D-07 0.7325492632133D-07 0.7503635566780D-07 0.7686129716138D-07
 0.7873081653333D-07 0.8064600567411D-07 0.8260798325086D-07 0.8461789549415D-07
 0.8667691662165D-07 0.8878624980125D-07 0.9094712782488D-07 0.9316081351354D-07
 0.9542860092892D-07 0.9775181592613D-07 0.1001318168135D-06 0.1025699953843D-06
 0.1050677776139D-06 0.1076266243680D-06 0.1102480327397D-06 0.1129335363727D-06
 0.1156847066972D-06 0.1185031537138D-06 0.1213905271932D-06 0.1243485172798D-06
 0.1273788557737D-06 0.1304833171632D-06 0.1336637193695D-06 0.1369219253190D-06
 0.1402598435858D-06 0.1436794298369D-06 0.1471826876551D-06 0.1507716702890D-06
 0.1544484813627D-06 0.1582152761831D-06 0.1620742633712D-06 0.1660277058331D-06
 0.1700779221909D-06 0.1742272883055D-06 0.1784782384327D-06 0.1828332668943D-06
 0.1872949297290D-06 0.1918658455806D-06 0.1965486979723D-06 0.2013462365136D-06
 0.2062612786288D-06 0.2112967112662D-06 0.2164554927160D-06 0.2217406540450D-06
 0.2271553014268D-06 0.2327026175594D-06 0.2383858637625D-06 0.2442083819854D-06
 0.2501735966824D-06 0.2562850169307D-06 0.2625462386718D-06 0.2689609465112D-06
 0.2755329164312D-06 0.2822660176396D-06 0.2891642151383D-06 0.2962315720689D-06
 0.3034722521283D-06 0.3108905219944D-06 0.3184907543149D-06 0.3262774297945D-06
 0.3342551401696D-06 0.3424285912400D-06 0.3508026051104D-06 0.3593821239139D-06
 0.3681722120657D-06 0.3771780598229D-06 0.3864049863040D-06 0.3958584424380D-06
 0.4055440151523D-06 0.4154674295949D-06 0.4256345534256D-06 0.4360514005971D-06
 0.4467241341237D-06 0.4576590707190D-06 0.4688626842087D-06 0.4803416097386D-06
 0.4921026477727D-06 0.5041527682796D-06 0.5164991149815D-06 0.5291490098346D-06
 0.5421099575338D-06 0.5553896502626D-06 0.5689959721495D-06 0.5829370045654D-06
 0.5972210309545D-06 0.6118565417860D-06 0.6268522401917D-06 0.6422170473187D-06
 0.6579601075650D-06 0.6740907948726D-06 0.6906187181577D-06 0.7075537275674D-06
 0.7249059204214D-06 0.7426856480433D-06 0.7609035217179D-06 0.7795704198894D-06
 0.7986974946024D-06 0.8182961791117D-06 0.8383781946455D-06 0.8589555582330D-06
 0.8800405898582D-06 0.9016459213522D-06 0.9237845030026D-06 0.9464696133545D-06
 0.9697148667433D-06 0.9935342225369D-06 0.1017941993906D-05 0.1042952857186D-05
 0.1068581861742D-05 0.1094844438967D-05 0.1121756413226D-05 0.1149334011363D-05
 0.1177593874156D-05 0.1206553066595D-05 0.1236229089306D-05 0.1266639890436D-05
 0.1297803876698D-05 0.1329739927011D-05 0.1362467403343D-05 0.1396006164815D-05
 0.1430376580952D-05 0.1465599544526D-05 0.1501696486631D-05 0.1538689390229D-05
 0.1576600806225D-05 0.1615453867375D-05 0.1655272304832D-05 0.1696080465215D-05
 0.1737903325131D-05 0.1780766510667D-05 0.1824696313665D-05 0.1869719710343D-05
 0.1915864380764D-05 0.1963158727002D-05 0.2011631893373D-05 0.2061313788280D-05
 0.2112235103654D-05 0.2164427337203D-05 0.2217922815662D-05 0.2272754716589D-05
 0.2328957093669D-05 0.2386564900648D-05 0.2445614015669D-05 0.2506141269255D-05
 0.2568184470433D-05 0.2631782433669D-05 0.2696975009166D-05 0.2763803110796D-05
 0.2832308748032D-05 0.2902535056370D-05 0.2974526330447D-05 0.3048328056986D-05
 0.3123986950708D-05 0.3201550988018D-05 0.3281069445024D-05 0.3362592936657D-05
 0.3446173453936D-05 0.3531864405735D-05 0.3619720661230D-05 0.3709798592263D-05
 0.3802156118646D-05 0.3896852754732D-05 0.3993949656337D-05 0.4093509672108D-05
 0.4195597393143D-05 0.4300279206033D-05 0.4407623348980D-05 0.4517699966027D-05
 0.4630581169153D-05 0.4746341095717D-05 0.4865055973021D-05 0.4986804183484D-05
 0.5111666330048D-05 0.5239725308735D-05 0.5371066378998D-05 0.5505777239079D-05
 0.5643948102774D-05 0.5785671780883D-05 0.5931043764857D-05 0.6080162310899D-05
 0.6233128531591D-05 0.6390046488302D-05 0.6551023286349D-05 0.6716169176460D-05
 0.6885597656879D-05 0.7059425581862D-05 0.7237773273561D-05 0.7420764635830D-05
 0.7608527278300D-05 0.7801192637913D-05 0.7998896109369D-05 0.8201777182204D-05
 0.8409979578027D-05 0.8623651397526D-05 0.8842945273196D-05 0.9068018523969D-05
 0.9299033320847D-05 0.9536156857248D-05 0.9779561525289D-05 0.1002942510062D-04
 0.1028593093466D-04 0.1054926815371D-04 0.1081963186745D-04 0.1109722338558D-04
 0.1138225044243D-04 0.1167492743442D-04 0.1197547566169D-04 0.1228412358685D-04
 0.1260110709797D-04 0.1292666978880D-04 0.1326106324623D-04 0.1360454735334D-04
 0.1395739060444D-04 0.1431987043274D-04 0.1469227355372D-04 0.1507489632514D-04
 0.1546804511900D-04 0.1587203671175D-04 0.1628719869532D-04 0.1671386990226D-04
 0.1715240084823D-04 0.1760315420243D-04 0.1806650527377D-04 0.1854284251772D-04
 0.1903256807152D-04 0.1953609831188D-04 0.2005386443677D-04 0.2058631307659D-04
 0.2113390693421D-04 0.2169712545472D-04 0.2227646552403D-04 0.2287244220772D-04
 0.2348558951585D-04 0.2411646121394D-04 0.2476563166793D-04 0.2543369672857D-04
 0.2612127466276D-04 0.2682900713009D-04 0.2755756020700D-04 0.2830762546136D-04
 0.2907992107639D-04 0.2987519304095D-04 0.3069421639022D-04 0.3153779651348D-04
 0.3240677052549D-04 0.3330200871140D-04 0.3422441604549D-04 0.3517493377963D-04
 0.3615454113092D-04 0.3716425703592D-04 0.3820514201725D-04 0.3927830013163D-04
 0.4038488103193D-04 0.4152608213143D-04 0.4270315088953D-04 0.4391738721292D-04
 0.4517014599162D-04 0.4646283977036D-04 0.4779694156590D-04 0.4917398783402D-04
 0.5059558160995D-04 0.5206339580469D-04 0.5357917670556D-04 0.5514474765137D-04
 0.5676201293011D-04 0.5843296188339D-04 0.6015967325542D-04 0.6194431977053D-04
 0.6378917300002D-04 0.6569660848068D-04 0.6766911114581D-04 0.6970928106878D-04
 0.7181983953459D-04 0.7400363548094D-04 0.7626365230053D-04 0.7860301506664D-04
 0.8102499817438D-04 0.8353303344567D-04 0.8613071872019D-04 0.8882182696978D-04
 0.9161031596185D-04 0.9450033851980D-04 0.9749625340938D-04 0.1006026369026D-03
 0.1038242950527D-03 0.1071662767493D-03 0.1106338875809D-03 0.1142327045815D-03
 0.1179685919049D-03 0.1218477175181D-03 0.1258765709435D-03 0.1300619821629D-03
 0.1344111417480D-03 0.1389316222941D-03 0.1436314012795D-03 0.1485188854164D-03
 0.1536029366321D-03 0.1588928997737D-03 0.1643986321942D-03 0.1701305353067D-03
 0.1760995883098D-03 0.1823173842058D-03 0.1887961682926D-03 0.1955488793218D-03
 0.2025891935168D-03 0.2099315716621D-03 0.2175913095234D-03 0.2255845918116D-03
 0.2339285500094D-03 0.2426413243272D-03 0.2517421301169D-03 0.2612513291147D-03
 0.2711905058619D-03 0.2815825497324D-03 0.2924517430240D-03 0.3038238555694D-03
 0.3157262464276D-03 0.3281879732099D-03 0.3412399096653D-03 0.3549148722201D-03
 0.3692477561934D-03 0.3842756824983D-03 0.4000381557216D-03 0.4165772345111D-03
 0.4339377153446D-03 0.4521673307919D-03 0.4713169635409D-03 0.4914408775101D-03
 0.5125969675829D-03 0.5348470295239D-03 0.5582570519046D-03 0.5828975319662D-03
 0.6088438175234D-03 0.6361764772806D-03 0.6649817020867D-03 0.6953517399282D-03
 0.7273853677753D-03 0.7611884035873D-03 0.7968742622739D-03 0.8345645595974D-03
 0.8743897685622D-03 0.9164899332005D-03 0.9610154451739D-03 0.1008127889171D-02
 0.1058000963714D-02 0.1110821484591D-02 0.1166790478965D-02 0.1226124378999D-02
 0.1289056324747D-02 0.1355837587128D-02 0.1426739122910D-02 0.1502053274906D-02
 0.1582095632015D-02 0.1667207065280D-02 0.1757755957930D-02 0.1854140649280D-02
 0.1956792114587D-02 0.2066176905370D-02 0.2182800377409D-02 0.2307210236691D-02
 0.2440000436991D-02 0.2581815466484D-02 0.2733355065160D-02 0.2895379419470D-02
 0.3068714886024D-02 0.3254260302107D-02 0.3452993947584D-02 0.3665981230133D-02
 0.3894383174429D-02 0.4139465805219D-02 0.4402610525071D-02 0.4685325599620D-02
 0.4989258876560D-02 0.5316211880145D-02 0.5668155439987D-02 0.6047247032583D-02
 0.6455850035661D-02 0.6896555120611D-02 0.7372204035870D-02 0.7885916066164D-02
 0.8441117488004D-02 0.9041574382677D-02 0.9691429213764D-02 0.1039524162824D-01
 0.1115803399946D-01 0.1198534229710D-01 0.1288327294519D-01 0.1385856641608D-01
 0.1491866840573D-01 0.1607180954795D-01 0.1732709475195D-01 0.1869460339188D-01
 0.2018550174211D-01 0.2181216923924D-01 0.2358834036560D-01 0.2552926419329D-01
 0.2765188390528D-01 0.2997503892839D-01 0.3251969267552D-01 0.3530918930817D-01
 0.3836954340487D-01 0.4172976696188D-01 0.4542223877147D-01 0.4948312193217D-01
 0.5395283605497D-01 0.5887659165780D-01 0.6430499530220D-01 0.7029473524164D-01
 0.7690935874451D-01 0.8422015384747D-01 0.9230715012131D-01 0.1012602551222D+00
 0.1111805455951D+00 0.1221817352314D+00 0.1343918439291D+00 0.1479551033363D+00
 0.1630341014280D+00 0.1795727824549D+00 0.1974635916024D+00 0.2168139986243D+00
 0.2377413621107D+00 0.2603739088597D+00 0.2848518170116D+00 0.3113284142415D+00
 0.3399715035681D+00 0.3709648307342D+00 0.4045097086760D+00 0.4408268163256D+00
 0.4801581909220D+00 0.5227694351556D+00 0.5689521628341D+00 0.6190267094398D+00
 0.6733451368790D+00 0.7322945650012D+00 0.7963008661450D+00 0.8658327629912D+00
 0.9414063745454D+00 0.1023590260093D+01 0.1113011016553D+01 0.1210359490856D+01
 0.1316397675941D+01 0.1431966366568D+01 0.1557993659777D+01 0.1695504394302D+01
 0.1845630633758D+01 0.2009623310363D+01
    0    0
