 nspin  vdif :::::: Potentials for non-spin-polarized non-relativistic Va.      
    1   0.0000000000000D+00
 LSMS:           Va     z=  0.    xvalws=   0.49866
   0.                      2.65165   0. 0.4632960083990D+00
                 -0.1113096740000D+02 0.9751822497023D+00 1001 1030
 0.1397795632217D-04 0.1416591156055D-04 0.1435626527839D-04 0.1454904707441D-04
 0.1474424213721D-04 0.1494183770081D-04 0.1514186672427D-04 0.1534436243915D-04
 0.1554935836260D-04 0.1575688829293D-04 0.1596698632757D-04 0.1617968688336D-04
 0.1639502467249D-04 0.1661303474467D-04 0.1683375247318D-04 0.1705721357294D-04
 0.1728345410535D-04 0.1751251048384D-04 0.1774441948413D-04 0.1797921826218D-04
 0.1821694433746D-04 0.1845763561878D-04 0.1870133041664D-04 0.1894806742249D-04
 0.1919788575708D-04 0.1945082493507D-04 0.1970692491708D-04 0.1996622607098D-04
 0.2022876921056D-04 0.2049459560241D-04 0.2076374695380D-04 0.2103626543091D-04
 0.2131219367129D-04 0.2159157478694D-04 0.2187445236990D-04 0.2216087049824D-04
 0.2245087374621D-04 0.2274450719699D-04 0.2304181643793D-04 0.2334284758104D-04
 0.2364764725924D-04 0.2395626263542D-04 0.2426874142376D-04 0.2458513188434D-04
 0.2490548282710D-04 0.2522984363112D-04 0.2555826424877D-04 0.2589079520439D-04
 0.2622748762668D-04 0.2656839321394D-04 0.2691356429495D-04 0.2726305379226D-04
 0.2761691525394D-04 0.2797520285330D-04 0.2833797140866D-04 0.2870527637390D-04
 0.2907717385568D-04 0.2945372062930D-04 0.2983497412684D-04 0.3022099247838D-04
 0.3061183448577D-04 0.3100755965804D-04 0.3140822819733D-04 0.3181390102886D-04
 0.3222463979192D-04 0.3264050687334D-04 0.3306156538559D-04 0.3348787920312D-04
 0.3391951295452D-04 0.3435653204874D-04 0.3479900264968D-04 0.3524699174675D-04
 0.3570056709812D-04 0.3615979728202D-04 0.3662475170486D-04 0.3709550058846D-04
 0.3757211499675D-04 0.3805466685755D-04 0.3854322893801D-04 0.3903787490495D-04
 0.3953867928023D-04 0.4004571749133D-04 0.4055906587114D-04 0.4107880166199D-04
 0.4160500304558D-04 0.4213774912781D-04 0.4267711997289D-04 0.4322319659908D-04
 0.4377606101084D-04 0.4433579618387D-04 0.4490248609735D-04 0.4547621574789D-04
 0.4605707114357D-04 0.4664513932423D-04 0.4724050839306D-04 0.4784326750100D-04
 0.4845350687367D-04 0.4907131782488D-04 0.4969679277414D-04 0.5033002524276D-04
 0.5097110988806D-04 0.5162014249892D-04 0.5227722003043D-04 0.5294244060798D-04
 0.5361590351851D-04 0.5429770926949D-04 0.5498795957308D-04 0.5568675737230D-04
 0.5639420683944D-04 0.5711041341893D-04 0.5783548382119D-04 0.5856952604705D-04
 0.5931264940023D-04 0.6006496450194D-04 0.6082658332164D-04 0.6159761916187D-04
 0.6237818671161D-04 0.6316840203867D-04 0.6396838260660D-04 0.6477824732354D-04
 0.6559811649780D-04 0.6642811192836D-04 0.6726835686714D-04 0.6811897605628D-04
 0.6898009576049D-04 0.6985184375411D-04 0.7073434937162D-04 0.7162774351484D-04
 0.7253215864786D-04 0.7344772886051D-04 0.7437458986131D-04 0.7531287898943D-04
 0.7626273526960D-04 0.7722429939076D-04 0.7819771374696D-04 0.7918312247290D-04
 0.8018067142199D-04 0.8119050824864D-04 0.8221278237381D-04 0.8324764503251D-04
 0.8429524928640D-04 0.8535575007624D-04 0.8642930419319D-04 0.8751607034155D-04
 0.8861620916359D-04 0.8972988321678D-04 0.9085725706302D-04 0.9199849723149D-04
 0.9315377229139D-04 0.9432325286322D-04 0.9550711159967D-04 0.9670552329304D-04
 0.9791866483391D-04 0.9914671525796D-04 0.1003898557745D-03 0.1016482698072D-03
 0.1029221429844D-03 0.1042116632032D-03 0.1055170206360D-03 0.1068384077625D-03
 0.1081760194038D-03 0.1095300527504D-03 0.1109007073697D-03 0.1122881852784D-03
 0.1136926909280D-03 0.1151144312577D-03 0.1165536157221D-03 0.1180104563230D-03
 0.1194851676422D-03 0.1209779668552D-03 0.1224890737766D-03 0.1240187109166D-03
 0.1255671034597D-03 0.1271344793479D-03 0.1287210692694D-03 0.1303271067589D-03
 0.1319528281500D-03 0.1335984726610D-03 0.1352642824288D-03 0.1369505025238D-03
 0.1386573810023D-03 0.1403851689324D-03 0.1421341204371D-03 0.1439044927326D-03
 0.1456965461634D-03 0.1475105442305D-03 0.1493467536547D-03 0.1512054443869D-03
 0.1530868896767D-03 0.1549913661005D-03 0.1569191535661D-03 0.1588705354279D-03
 0.1608457984666D-03 0.1628452329594D-03 0.1648691327043D-03 0.1669177950811D-03
 0.1689915211087D-03 0.1710906154391D-03 0.1732153864331D-03 0.1753661462368D-03
 0.1775432107511D-03 0.1797468997670D-03 0.1819775369312D-03 0.1842354498520D-03
 0.1865209701109D-03 0.1888344333410D-03 0.1911761792531D-03 0.1935465516895D-03
 0.1959458986872D-03 0.1983745725220D-03 0.2008329297470D-03 0.2033213312543D-03
 0.2058401423628D-03 0.2083897327902D-03 0.2109704768059D-03 0.2135827531930D-03
 0.2162269453794D-03 0.2189034414452D-03 0.2216126342038D-03 0.2243549212429D-03
 0.2271307050098D-03 0.2299403928365D-03 0.2327843970170D-03 0.2356631348816D-03
 0.2385770288219D-03 0.2415265063949D-03 0.2445120003503D-03 0.2475339487070D-03
 0.2505927948457D-03 0.2536889875095D-03 0.2568229809319D-03 0.2599952348692D-03
 0.2632062146853D-03 0.2664563914200D-03 0.2697462418231D-03 0.2730762484773D-03
 0.2764468998396D-03 0.2798586902986D-03 0.2833121202882D-03 0.2868076963351D-03
 0.2903459311346D-03 0.2939273436056D-03 0.2975524590248D-03 0.3012218090481D-03
 0.3049359318089D-03 0.3086953719975D-03 0.3125006809423D-03 0.3163524166953D-03
 0.3202511440772D-03 0.3241974348383D-03 0.3281918676503D-03 0.3322350282542D-03
 0.3363275095264D-03 0.3404699115686D-03 0.3446628417880D-03 0.3489069149887D-03
 0.3532027534791D-03 0.3575509871368D-03 0.3619522535167D-03 0.3664071979471D-03
 0.3709164736005D-03 0.3754807416237D-03 0.3801006712203D-03 0.3847769397399D-03
 0.3895102327898D-03 0.3943012443200D-03 0.3991506767394D-03 0.4040592410251D-03
 0.4090276568006D-03 0.4140566524685D-03 0.4191469653110D-03 0.4242993415712D-03
 0.4295145365894D-03 0.4347933149419D-03 0.4401364504759D-03 0.4455447264880D-03
 0.4510189358162D-03 0.4565598809515D-03 0.4621683741784D-03 0.4678452376618D-03
 0.4735913035794D-03 0.4794074142751D-03 0.4852944223171D-03 0.4912531906998D-03
 0.4972845929011D-03 0.5033895130514D-03 0.5095688460590D-03 0.5158234977159D-03
 0.5221543848814D-03 0.5285624355619D-03 0.5350485890799D-03 0.5416137961729D-03
 0.5482590192034D-03 0.5549852322385D-03 0.5617934212181D-03 0.5686845840890D-03
 0.5756597309425D-03 0.5827198842193D-03 0.5898660787506D-03 0.5970993620423D-03
 0.6044207943167D-03 0.6118314487332D-03 0.6193324115102D-03 0.6269247821213D-03
 0.6346096734096D-03 0.6423882117915D-03 0.6502615374151D-03 0.6582308042803D-03
 0.6662971804931D-03 0.6744618483633D-03 0.6827260046059D-03 0.6910908605180D-03
 0.6995576421574D-03 0.7081275905083D-03 0.7168019616865D-03 0.7255820270919D-03
 0.7344690736397D-03 0.7434644038973D-03 0.7525693363060D-03 0.7617852053781D-03
 0.7711133618824D-03 0.7805551730284D-03 0.7901120226963D-03 0.7997853116207D-03
 0.8095764575976D-03 0.8194868957007D-03 0.8295180784650D-03 0.8396714761513D-03
 0.8499485769096D-03 0.8603508870249D-03 0.8708799311350D-03 0.8815372524462D-03
 0.8923244129597D-03 0.9032429936969D-03 0.9142945949830D-03 0.9254808365878D-03
 0.9368033580271D-03 0.9482638188039D-03 0.9598638986086D-03 0.9716052976129D-03
 0.9834897367071D-03 0.9955189577332D-03 0.1007694723737D-02 0.1020018819270D-02
 0.1032493050594D-02 0.1045119245991D-02 0.1057899256005D-02 0.1070834953736D-02
 0.1083928235092D-02 0.1097181019062D-02 0.1110595248034D-02 0.1124172888032D-02
 0.1137915929067D-02 0.1151826385348D-02 0.1165906295640D-02 0.1180157723541D-02
 0.1194582757787D-02 0.1209183512555D-02 0.1223962127778D-02 0.1238920769441D-02
 0.1254061629930D-02 0.1269386928328D-02 0.1284898910758D-02 0.1300599850687D-02
 0.1316492049293D-02 0.1332577835762D-02 0.1348859567678D-02 0.1365339631322D-02
 0.1382020442055D-02 0.1398904444637D-02 0.1415994113634D-02 0.1433291953743D-02
 0.1450800500160D-02 0.1468522318978D-02 0.1486460007539D-02 0.1504616194831D-02
 0.1522993541841D-02 0.1541594741991D-02 0.1560422521508D-02 0.1579479639819D-02
 0.1598768889962D-02 0.1618293098992D-02 0.1638055128425D-02 0.1658057874600D-02
 0.1678304269140D-02 0.1698797279402D-02 0.1719539908853D-02 0.1740535197572D-02
 0.1761786222637D-02 0.1783296098636D-02 0.1805067978088D-02 0.1827105051888D-02
 0.1849410549815D-02 0.1871987740996D-02 0.1894839934376D-02 0.1917970479167D-02
 0.1941382765423D-02 0.1965080224473D-02 0.1989066329436D-02 0.2013344595718D-02
 0.2037918581586D-02 0.2062791888609D-02 0.2087968162247D-02 0.2113451092352D-02
 0.2139244413705D-02 0.2165351906625D-02 0.2191777397412D-02 0.2218524759033D-02
 0.2245597911563D-02 0.2273000822895D-02 0.2300737509191D-02 0.2328812035564D-02
 0.2357228516632D-02 0.2385991117126D-02 0.2415104052496D-02 0.2444571589575D-02
 0.2474398047110D-02 0.2504587796489D-02 0.2535145262332D-02 0.2566074923152D-02
 0.2597381312019D-02 0.2629069017190D-02 0.2661142682828D-02 0.2693607009667D-02
 0.2726466755684D-02 0.2759726736796D-02 0.2793391827606D-02 0.2827466962084D-02
 0.2861957134256D-02 0.2896867399027D-02 0.2932202872835D-02 0.2967968734473D-02
 0.3004170225749D-02 0.3040812652389D-02 0.3077901384687D-02 0.3115441858363D-02
 0.3153439575354D-02 0.3191900104596D-02 0.3230829082866D-02 0.3270232215584D-02
 0.3310115277665D-02 0.3350484114363D-02 0.3391344642118D-02 0.3432702849447D-02
 0.3474564797790D-02 0.3516936622423D-02 0.3559824533340D-02 0.3603234816169D-02
 0.3647173833118D-02 0.3691648023863D-02 0.3736663906515D-02 0.3782228078581D-02
 0.3828347217921D-02 0.3875028083712D-02 0.3922277517498D-02 0.3970102444098D-02
 0.4018509872715D-02 0.4067506897887D-02 0.4117100700604D-02 0.4167298549282D-02
 0.4218107800860D-02 0.4269535901920D-02 0.4321590389688D-02 0.4374278893224D-02
 0.4427609134515D-02 0.4481588929572D-02 0.4536226189613D-02 0.4591528922203D-02
 0.4647505232444D-02 0.4704163324165D-02 0.4761511501086D-02 0.4819558168083D-02
 0.4878311832369D-02 0.4937781104835D-02 0.4997974701169D-02 0.5058901443264D-02
 0.5120570260446D-02 0.5182990190769D-02 0.5246170382404D-02 0.5310120094924D-02
 0.5374848700660D-02 0.5440365686131D-02 0.5506680653344D-02 0.5573803321311D-02
 0.5641743527364D-02 0.5710511228666D-02 0.5780116503653D-02 0.5850569553525D-02
 0.5921880703682D-02 0.5994060405314D-02 0.6067119236886D-02 0.6141067905698D-02
 0.6215917249476D-02 0.6291678237897D-02 0.6368361974283D-02 0.6445979697170D-02
 0.6524542781953D-02 0.6604062742601D-02 0.6684551233267D-02 0.6766020050091D-02
 0.6848481132836D-02 0.6931946566706D-02 0.7016428584073D-02 0.7101939566309D-02
 0.7188492045552D-02 0.7276098706569D-02 0.7364772388639D-02 0.7454526087392D-02
 0.7545372956719D-02 0.7637326310732D-02 0.7730399625677D-02 0.7824606541915D-02
 0.7919960865975D-02 0.8016476572455D-02 0.8114167806214D-02 0.8213048884352D-02
 0.8313134298333D-02 0.8414438716095D-02 0.8516976984220D-02 0.8620764130098D-02
 0.8725815364135D-02 0.8832146081971D-02 0.8939771866738D-02 0.9048708491347D-02
 0.9158971920803D-02 0.9270578314544D-02 0.9383544028771D-02 0.9497885618916D-02
 0.9613619841992D-02 0.9730763659104D-02 0.9849334237924D-02 0.9969348955135D-02
 0.1009082539910D-01 0.1021378137234D-01 0.1033823489417D-01 0.1046420420338D-01
 0.1059170776080D-01 0.1072076425217D-01 0.1085139259069D-01 0.1098361191993D-01
 0.1111744161657D-01 0.1125290129325D-01 0.1139001080145D-01 0.1152879023441D-01
 0.1166925992999D-01 0.1181144047379D-01 0.1195535270206D-01 0.1210101770475D-01
 0.1224845682867D-01 0.1239769168056D-01 0.1254874413024D-01 0.1270163631390D-01
 0.1285639063720D-01 0.1301302977872D-01 0.1317157669312D-01 0.1333205461463D-01
 0.1349448706035D-01 0.1365889783376D-01 0.1382531102820D-01 0.1399375103036D-01
 0.1416424252385D-01 0.1433681049290D-01 0.1451148022591D-01 0.1468827731917D-01
 0.1486722768070D-01 0.1504835753392D-01 0.1523169342155D-01 0.1541726220952D-01
 0.1560509109082D-01 0.1579520758959D-01 0.1598763956503D-01 0.1618241521558D-01
 0.1637956308298D-01 0.1657911205647D-01 0.1678109137705D-01 0.1698553064166D-01
 0.1719245980764D-01 0.1740190919703D-01 0.1761390950101D-01 0.1782849178444D-01
 0.1804568749033D-01 0.1826552844452D-01 0.1848804686029D-01 0.1871327534308D-01
 0.1894124689525D-01 0.1917199492090D-01 0.1940555323082D-01 0.1964195604736D-01
 0.1988123800946D-01 0.2012343417773D-01 0.2036858003955D-01 0.2061671151431D-01
 0.2086786495858D-01 0.2112207717149D-01 0.2137938540012D-01 0.2163982734487D-01
 0.2190344116507D-01 0.2217026548445D-01 0.2244033939688D-01 0.2271370247206D-01
 0.2299039476122D-01 0.2327045680311D-01 0.2355392962985D-01 0.2384085477288D-01
 0.2413127426912D-01 0.2442523066705D-01 0.2472276703296D-01 0.2502392695720D-01
 0.2532875456061D-01 0.2563729450088D-01 0.2594959197915D-01 0.2626569274657D-01
 0.2658564311095D-01 0.2690948994362D-01 0.2723728068615D-01 0.2756906335736D-01
 0.2790488656030D-01 0.2824479948934D-01 0.2858885193736D-01 0.2893709430298D-01
 0.2928957759797D-01 0.2964635345464D-01 0.3000747413340D-01 0.3037299253036D-01
 0.3074296218507D-01 0.3111743728830D-01 0.3149647268994D-01 0.3188012390702D-01
 0.3226844713179D-01 0.3266149923989D-01 0.3305933779863D-01 0.3346202107545D-01
 0.3386960804632D-01 0.3428215840434D-01 0.3469973256850D-01 0.3512239169240D-01
 0.3555019767319D-01 0.3598321316057D-01 0.3642150156589D-01 0.3686512707143D-01
 0.3731415463964D-01 0.3776865002270D-01 0.3822867977199D-01 0.3869431124784D-01
 0.3916561262921D-01 0.3964265292373D-01 0.4012550197766D-01 0.4061423048600D-01
 0.4110891000285D-01 0.4160961295170D-01 0.4211641263601D-01 0.4262938324983D-01
 0.4314859988855D-01 0.4367413855980D-01 0.4420607619449D-01 0.4474449065795D-01
 0.4528946076120D-01 0.4584106627238D-01 0.4639938792834D-01 0.4696450744628D-01
 0.4753650753559D-01 0.4811547190985D-01 0.4870148529891D-01 0.4929463346119D-01
 0.4989500319600D-01 0.5050268235618D-01 0.5111775986071D-01 0.5174032570762D-01
 0.5237047098695D-01 0.5300828789389D-01 0.5365386974212D-01 0.5430731097725D-01
 0.5496870719037D-01 0.5563815513196D-01 0.5631575272571D-01 0.5700159908269D-01
 0.5769579451556D-01 0.5839844055305D-01 0.5910963995452D-01 0.5982949672474D-01
 0.6055811612888D-01 0.6129560470753D-01 0.6204207029207D-01 0.6279762202009D-01
 0.6356237035107D-01 0.6433642708219D-01 0.6511990536434D-01 0.6591291971827D-01
 0.6671558605107D-01 0.6752802167268D-01 0.6835034531260D-01 0.6918267713693D-01
 0.7002513876546D-01 0.7087785328905D-01 0.7174094528711D-01 0.7261454084537D-01
 0.7349876757384D-01 0.7439375462493D-01 0.7529963271178D-01 0.7621653412685D-01
 0.7714459276065D-01 0.7808394412075D-01 0.7903472535094D-01 0.7999707525064D-01
 0.8097113429453D-01 0.8195704465239D-01 0.8295495020913D-01 0.8396499658511D-01
 0.8498733115662D-01 0.8602210307663D-01 0.8706946329574D-01 0.8812956458337D-01
 0.8920256154920D-01 0.9028861066482D-01 0.9138787028560D-01 0.9250050067286D-01
 0.9362666401622D-01 0.9476652445620D-01 0.9592024810709D-01 0.9708800308008D-01
 0.9826995950654D-01 0.9946628956165D-01 0.1006771674883D+00 0.1019027696210D+00
 0.1031432744104D+00 0.1043988624481D+00 0.1056697164909D+00 0.1069560214864D+00
 0.1082579645985D+00 0.1095757352324D+00 0.1109095250611D+00 0.1122595280515D+00
 0.1136259404905D+00 0.1150089610120D+00 0.1164087906235D+00 0.1178256327340D+00
 0.1192596931808D+00 0.1207111802576D+00 0.1221803047425D+00 0.1236672799264D+00
 0.1251723216414D+00 0.1266956482898D+00 0.1282374808733D+00 0.1297980430220D+00
 0.1313775610248D+00 0.1329762638586D+00 0.1345943832191D+00 0.1362321535510D+00
 0.1378898120789D+00 0.1395675988385D+00 0.1412657567075D+00 0.1429845314377D+00
 0.1447241716866D+00 0.1464849290497D+00 0.1482670580928D+00 0.1500708163848D+00
 0.1518964645305D+00 0.1537442662042D+00 0.1556144881828D+00 0.1575074003798D+00
 0.1594232758794D+00 0.1613623909705D+00 0.1633250251813D+00 0.1653114613145D+00
 0.1673219854820D+00 0.1693568871402D+00 0.1714164591255D+00 0.1735009976905D+00
 0.1756108025395D+00 0.1777461768651D+00 0.1799074273846D+00 0.1820948643767D+00
 0.1843088017182D+00 0.1865495569216D+00 0.1888174511720D+00 0.1911128093649D+00
 0.1934359601439D+00 0.1957872359385D+00 0.1981669730021D+00 0.2005755114507D+00
 0.2030131953007D+00 0.2054803725079D+00 0.2079773950060D+00 0.2105046187455D+00
 0.2130624037326D+00 0.2156511140683D+00 0.2182711179874D+00 0.2209227878979D+00
 0.2236065004200D+00 0.2263226364258D+00 0.2290715810784D+00 0.2318537238712D+00
 0.2346694586676D+00 0.2375191837402D+00 0.2404033018100D+00 0.2433222200858D+00
 0.2462763503036D+00 0.2492661087652D+00 0.2522919163778D+00 0.2553541986923D+00
 0.2584533859425D+00 0.2615899130831D+00 0.2647642198282D+00 0.2679767506893D+00
 0.2712279550132D+00 0.2745182870190D+00 0.2778482058356D+00 0.2812181755383D+00
 0.2846286651851D+00 0.2880801488525D+00 0.2915731056707D+00 0.2951080198591D+00
 0.2986853807596D+00 0.3023056828711D+00 0.3059694258822D+00 0.3096771147033D+00
 0.3134292594985D+00 0.3172263757158D+00 0.3210689841177D+00 0.3249576108095D+00
 0.3288927872675D+00 0.3328750503659D+00 0.3369049424027D+00 0.3409830111241D+00
 0.3451098097482D+00 0.3492858969866D+00 0.3535118370656D+00 0.3577881997450D+00
 0.3621155603360D+00 0.3664944997169D+00 0.3709256043474D+00 0.3754094662815D+00
 0.3799466831771D+00 0.3845378583054D+00 0.3891836005565D+00 0.3938845244438D+00
 0.3986412501056D+00 0.4034544033044D+00 0.4083246154234D+00 0.4132525234603D+00
 0.4182387700185D+00 0.4232840032948D+00 0.4283888770643D+00 0.4335540506619D+00
 0.4387801889600D+00 0.4440679623432D+00 0.4494180466783D+00 0.4548311232810D+00
 0.4603078788783D+00 0.4658490055661D+00 0.4714552007622D+00 0.4771271671552D+00
 0.4828656126476D+00 0.4886712502938D+00 0.4945447982324D+00 0.5004869796134D+00
 0.5064985225187D+00 0.5125801598760D+00 0.5187326293672D+00 0.5249566733286D+00
 0.5312530386448D+00 0.5376224766343D+00 0.5440657429279D+00 0.5505835973385D+00
 0.5571768037217D+00 0.5638461298286D+00 0.5705923471478D+00 0.5774162307386D+00
 0.5843185590532D+00 0.5913001137487D+00 0.5983616794868D+00 0.6055040437233D+00
 0.6127279964837D+00 0.6200343301271D+00 0.6274238390958D+00 0.6348973196516D+00
 0.6424555695970D+00 0.6500993879808D+00 0.6578295747886D+00 0.6656469306151D+00
 0.6735522563205D+00 0.6815463526671D+00 0.6896300199377D+00 0.6978040575336D+00
 0.7060692635515D+00 0.7144264343390D+00 0.7228763640265D+00 0.7314198440358D+00
 0.7400576625628D+00 0.7487906040350D+00 0.7576194485404D+00 0.7665449712285D+00
 0.7755679416807D+00 0.7846891232497D+00 0.7939092723650D+00 0.8032291378048D+00
 0.8126494599314D+00 0.8221709698879D+00 0.8317943887568D+00 0.8415204266748D+00
 0.8513497819060D+00 0.8612831398679D+00 0.8713211721100D+00 0.8814645352415D+00
 0.8917138698071D+00 0.9020697991063D+00 0.9125329279549D+00 0.9231038413855D+00
 0.9337831032837D+00 0.9445712549565D+00 0.9554688136303D+00 0.9664762708744D+00
 0.9775940909458D+00 0.9888227090520D+00 0.1000162529527D+01 0.1011613923917D+01
 0.1023177228967D+01 0.1034852744513D+01 0.1046640731261D+01 0.1058541408457D+01
 0.1070554951439D+01 0.1082681489066D+01 0.1094921101012D+01 0.1107273814928D+01
 0.1119739603449D+01 0.1132318381059D+01 0.1145010000781D+01 0.1157814250706D+01
 0.1170730850336D+01 0.1183759446733D+01 0.1196899610474D+01 0.1210150831384D+01
 0.1223512514046D+01 0.1236983973073D+01 0.1250564428126D+01 0.1264252998665D+01
 0.1278048698413D+01 0.1291950429521D+01 0.1305956976419D+01 0.1320066999322D+01
 0.1334279027385D+01 0.1348591451470D+01 0.1363002516519D+01 0.1377510313496D+01
 0.1392112770869D+01 0.1406807645617D+01 0.1421592513725D+01 0.1436464760122D+01
 0.1451421568057D+01 0.1466459907840D+01 0.1481576524942D+01 0.1496767927381D+01
 0.1512030372377D+01 0.1527359852205D+01 0.1542752079201D+01 0.1558202469868D+01
 0.1573706128022D+01 0.1589257826897D+01 0.1604851990168D+01 0.1620482671783D+01
 0.1636143534551D+01 0.1651827827380D+01 0.1667528361083D+01 0.1683237482633D+01
 0.1698947047782D+01 0.1714648391898D+01 0.1730332298909D+01 0.1745988968210D+01
 0.1761607979376D+01 0.1777178254528D+01 0.1792688018161D+01 0.1808124754251D+01
 0.1823475160430D+01 0.1838725098991D+01 0.1853859544488D+01 0.1868862527650D+01
 0.1883717075317D+01 0.1898405146070D+01 0.1912907561214D+01 0.1927203930714D+01
 0.1941272573674D+01 0.1955090432882D+01 0.1968632982930D+01 0.1981874131339D+01
 0.1994786112084D+01 0.2007339370847D+01 0.2019502441246D+01 0.2031241811250D+01
 0.2042521778856D+01 0.2053304296057D+01 0.2063548799998D+01 0.2073212030125D+01
 0.2082247829988D+01 0.2090606932226D+01 0.2098236725120D+01 0.2105080998894D+01
 0.2111079669796D+01 0.2116168479744D+01 0.2120278669090D+01 0.2123336613508D+01
 0.2125263453566D+01
                                    0.0000000000000D+00
 1030 0.4986555748956D+00
 0.7075988353866D-11 0.7165619837699D-11 0.7256594739439D-11 0.7348937048386D-11
 0.7442884701065D-11 0.7538671589285D-11 0.7636317418640D-11 0.7735842900824D-11
 0.7837269721025D-11 0.7940620393325D-11 0.8045918418204D-11 0.8153188258702D-11
 0.8262455237134D-11 0.8373745735659D-11 0.8487086836570D-11 0.8602506778226D-11
 0.8720034609097D-11 0.8839700301059D-11 0.8961534907321D-11 0.9085570333420D-11
 0.9211839349568D-11 0.9340375894100D-11 0.9471214621297D-11 0.9604391407942D-11
 0.9739943000931D-11 0.9877907177679D-11 0.1001832263925D-10 0.1016122925393D-10
 0.1030666783440D-10 0.1045468022180D-10 0.1060530944752D-10 0.1075859938808D-10
 0.1091459539339D-10 0.1107334354874D-10 0.1123489120669D-10 0.1139928696006D-10
 0.1156658048819D-10 0.1173682261942D-10 0.1191006546509D-10 0.1208636231544D-10
 0.1226576780518D-10 0.1244833772894D-10 0.1263412922534D-10 0.1282320077576D-10
 0.1301561217692D-10 0.1321142458953D-10 0.1341070069088D-10 0.1361350441912D-10
 0.1381990128120D-10 0.1402995818760D-10 0.1424374374515D-10 0.1446132782451D-10
 0.1468278211462D-10 0.1490817984585D-10 0.1513759591933D-10 0.1537110684382D-10
 0.1560879078825D-10 0.1585072786750D-10 0.1609699992184D-10 0.1634769055829D-10
 0.1660288524414D-10 0.1686267137814D-10 0.1712713839225D-10 0.1739637761164D-10
 0.1767048245249D-10 0.1794954837087D-10 0.1823367291166D-10 0.1852295592667D-10
 0.1881749943540D-10 0.1911740760685D-10 0.1942278710344D-10 0.1973374688127D-10
 0.2005039829634D-10 0.2037285524286D-10 0.2070123414534D-10 0.2103565406715D-10
 0.2137623656105D-10 0.2172310609454D-10 0.2207638982597D-10 0.2243621767066D-10
 0.2280272261953D-10 0.2317604042140D-10 0.2355631019400D-10 0.2394367367422D-10
 0.2433827616017D-10 0.2474026607649D-10 0.2514979539037D-10 0.2556701898705D-10
 0.2599209564805D-10 0.2642518762438D-10 0.2686646077737D-10 0.2731608449570D-10
 0.2777423246150D-10 0.2824108178872D-10 0.2871681379352D-10 0.2920161383581D-10
 0.2969567140703D-10 0.3019918066798D-10 0.3071233946319D-10 0.3123535068431D-10
 0.3176842150384D-10 0.3231176397413D-10 0.3286559467320D-10 0.3343013552614D-10
 0.3400561308381D-10 0.3459225915267D-10 0.3519031097939D-10 0.3580001096454D-10
 0.3642160712053D-10 0.3705535307983D-10 0.3770150826127D-10 0.3836033811116D-10
 0.3903211385608D-10 0.3971711321728D-10 0.4041562004949D-10 0.4112792480321D-10
 0.4185432442972D-10 0.4259512283911D-10 0.4335063074832D-10 0.4412116602379D-10
 0.4490705413606D-10 0.4570862748686D-10 0.4652622648243D-10 0.4736019923069D-10
 0.4821090183913D-10 0.4907869867084D-10 0.4996396242962D-10 0.5086707410425D-10
 0.5178842418484D-10 0.5272841161670D-10 0.5368744453982D-10 0.5466594056888D-10
 0.5566432737388D-10 0.5668304189026D-10 0.5772253156913D-10 0.5878325422957D-10
 0.5986567792520D-10 0.6097028194840D-10 0.6209755657037D-10 0.6324800327684D-10
 0.6442213545025D-10 0.6562047862683D-10 0.6684356953764D-10 0.6809195856402D-10
 0.6936620827486D-10 0.7066689470540D-10 0.7199460649602D-10 0.7334994718383D-10
 0.7473353353356D-10 0.7614599701111D-10 0.7758798374662D-10 0.7906015488778D-10
 0.8056318717096D-10 0.8209777331243D-10 0.8366462179581D-10 0.8526445795258D-10
 0.8689802442865D-10 0.8856608029257D-10 0.9026940350860D-10 0.9200878970128D-10
 0.9378505319286D-10 0.9559902748485D-10 0.9745156590100D-10 0.9934354130908D-10
 0.1012758475822D-09 0.1032493992490D-09 0.1052651326788D-09 0.1073240062466D-09
 0.1094270000735D-09 0.1115751191361D-09 0.1137693901922D-09 0.1160108654149D-09
 0.1183006216316D-09 0.1206397604556D-09 0.1230294103762D-09 0.1254707260414D-09
 0.1279648895302D-09 0.1305131105592D-09 0.1331166280062D-09 0.1357767099273D-09
 0.1384946533034D-09 0.1412717882343D-09 0.1441094735061D-09 0.1470091022793D-09
 0.1499721001175D-09 0.1529999254911D-09 0.1560940725514D-09 0.1592560706027D-09
 0.1624874848391D-09 0.1657899194506D-09 0.1691650129676D-09 0.1726144471542D-09
 0.1761399410382D-09 0.1797432552247D-09 0.1834261924385D-09 0.1871905984914D-09
 0.1910383624072D-09 0.1949714188000D-09 0.1989917481078D-09 0.2031013780508D-09
 0.2073023847704D-09 0.2115968940103D-09 0.2159870820712D-09 0.2204751763653D-09
 0.2250634598717D-09 0.2297542675389D-09 0.2345499909429D-09 0.2394530787379D-09
 0.2444660392576D-09 0.2495914386084D-09 0.2548319064737D-09 0.2601901340436D-09
 0.2656688777983D-09 0.2712709585213D-09 0.2769992663503D-09 0.2828567603801D-09
 0.2888464696784D-09 0.2949714969773D-09 0.3012350178148D-09 0.3076402851898D-09
 0.3141906303438D-09 0.3208894637456D-09 0.3277402764275D-09 0.3347466455552D-09
 0.3419122336675D-09 0.3492407889359D-09 0.3567361533948D-09 0.3644022573396D-09
 0.3722431291149D-09 0.3802628904451D-09 0.3884657654096D-09 0.3968560764064D-09
 0.4054382527343D-09 0.4142168286599D-09 0.4231964475326D-09 0.4323818654290D-09
 0.4417779502907D-09 0.4513896912727D-09 0.4612221940787D-09 0.4712806897785D-09
 0.4815705338982D-09 0.4920972125574D-09 0.5028663410526D-09 0.5138836732216D-09
 0.5251551006705D-09 0.5366866568391D-09 0.5484845202918D-09 0.5605550192712D-09
 0.5729046347674D-09 0.5855400024730D-09 0.5984679210926D-09 0.6116953510880D-09
 0.6252294225984D-09 0.6390774365870D-09 0.6532468692151D-09 0.6677453828551D-09
 0.6825808182783D-09 0.6977612089985D-09 0.7132947823456D-09 0.7291899638981D-09
 0.7454553841426D-09 0.7620998816349D-09 0.7791325077661D-09 0.7965625341091D-09
 0.8143994555177D-09 0.8326529987086D-09 0.8513331221332D-09 0.8704500288048D-09
 0.8900141658673D-09 0.9100362370467D-09 0.9305272006495D-09 0.9514982827067D-09
 0.9729609815264D-09 0.9949270747631D-09 0.1017408622890D-08 0.1040417979531D-08
 0.1063967799238D-08 0.1088071039641D-08 0.1112740976609D-08 0.1137991206965D-08
 0.1163835653737D-08 0.1190288581917D-08 0.1217364600170D-08 0.1245078672530D-08
 0.1273446124286D-08 0.1302482654556D-08 0.1332204342114D-08 0.1362627656246D-08
 0.1393769466398D-08 0.1425647051884D-08 0.1458278108088D-08 0.1491680765406D-08
 0.1525873590147D-08 0.1560875602537D-08 0.1596706280067D-08 0.1633385580721D-08
 0.1670933938336D-08 0.1709372291034D-08 0.1748722081307D-08 0.1789005273154D-08
 0.1830244366683D-08 0.1872462405534D-08 0.1915682994810D-08 0.1959930314045D-08
 0.2005229130955D-08 0.2051604814672D-08 0.2099083349470D-08 0.2147691355360D-08
 0.2197456094815D-08 0.2248405498506D-08 0.2300568173778D-08 0.2353973423896D-08
 0.2408651266441D-08 0.2464632444685D-08 0.2521948460112D-08 0.2580631566002D-08
 0.2640714814981D-08 0.2702232057356D-08 0.2765217965530D-08 0.2829708061456D-08
 0.2895738726173D-08 0.2963347230017D-08 0.3032571751852D-08 0.3103451395226D-08
 0.3176026221176D-08 0.3250337264953D-08 0.3326426557908D-08 0.3404337159022D-08
 0.3484113179186D-08 0.3565799793157D-08 0.3649443286499D-08 0.3735091070696D-08
 0.3822791706410D-08 0.3912594945394D-08 0.4004551746351D-08 0.4098714315005D-08
 0.4195136125025D-08 0.4293871952647D-08 0.4394977915902D-08 0.4498511495599D-08
 0.4604531572050D-08 0.4713098468035D-08 0.4824273971245D-08 0.4938121379589D-08
 0.5054705531208D-08 0.5174092846758D-08 0.5296351371291D-08 0.5421550802483D-08
 0.5549762540949D-08 0.5681059729527D-08 0.5815517297826D-08 0.5953211992028D-08
 0.6094222448266D-08 0.6238629210332D-08 0.6386514784785D-08 0.6537963700089D-08
 0.6693062538161D-08 0.6851900004363D-08 0.7014566961053D-08 0.7181156486858D-08
 0.7351763940586D-08 0.7526486998376D-08 0.7705425729216D-08 0.7888682641179D-08
 0.8076362744721D-08 0.8268573612893D-08 0.8465425446737D-08 0.8667031142702D-08
 0.8873506342954D-08 0.9084969515229D-08 0.9301542030934D-08 0.9523348215634D-08
 0.9750515436208D-08 0.9983174161017D-08 0.1022145805805D-07 0.1046550404923D-07
 0.1071545240661D-07 0.1097144682109D-07 0.1123363450240D-07 0.1150216625919D-07
 0.1177719657085D-07 0.1205888369522D-07 0.1234738976713D-07 0.1264288086722D-07
 0.1294552714485D-07 0.1325550289670D-07 0.1357298669367D-07 0.1389816145573D-07
 0.1423121457712D-07 0.1457233803707D-07 0.1492172849000D-07 0.1527958742188D-07
 0.1564612122232D-07 0.1602154132682D-07 0.1640606435365D-07 0.1679991219610D-07
 0.1720331218325D-07 0.1761649719744D-07 0.1803970581477D-07 0.1847318244451D-07
 0.1891717746622D-07 0.1937194738623D-07 0.1983775497498D-07 0.2031486943435D-07
 0.2080356653972D-07 0.2130412882161D-07 0.2181684570152D-07 0.2234201369296D-07
 0.2287993655294D-07 0.2343092545541D-07 0.2399529921282D-07 0.2457338440846D-07
 0.2516551560465D-07 0.2577203558257D-07 0.2639329547000D-07 0.2702965499372D-07
 0.2768148269000D-07 0.2834915609312D-07 0.2903306197265D-07 0.2973359657319D-07
 0.3045116580780D-07 0.3118618554062D-07 0.3193908179143D-07 0.3271029101145D-07
 0.3350026031867D-07 0.3430944779113D-07 0.3513832267041D-07 0.3598736572540D-07
 0.3685706944951D-07 0.3774793841294D-07 0.3866048949918D-07 0.3959525227514D-07
 0.4055276923365D-07 0.4153359614680D-07 0.4253830239779D-07 0.4356747128685D-07
 0.4462170040225D-07 0.4570160193558D-07 0.4680780306673D-07 0.4794094632382D-07
 0.4910168996822D-07 0.5029070834652D-07 0.5150869232793D-07 0.5275634968260D-07
 0.5403440549028D-07 0.5534360257793D-07 0.5668470197266D-07 0.5805848330183D-07
 0.5946574528919D-07 0.6090730619806D-07 0.6238400432397D-07 0.6389669847830D-07
 0.6544626847956D-07 0.6703361571275D-07 0.6865966359438D-07 0.7032535815991D-07
 0.7203166859679D-07 0.7377958780908D-07 0.7557013301894D-07 0.7740434634345D-07
 0.7928329540987D-07 0.8120807396392D-07 0.8317980256217D-07 0.8519962915631D-07
 0.8726872982810D-07 0.8938830943548D-07 0.9155960234574D-07 0.9378387312239D-07
 0.9606241731311D-07 0.9839656216258D-07 0.1007876674353D-06 0.1032371261634D-06
 0.1057463655248D-06 0.1083168475580D-06 0.1109500701916D-06 0.1136475679862D-06
 0.1164109130920D-06 0.1192417161053D-06 0.1221416271425D-06 0.1251123366548D-06
 0.1281555765411D-06 0.1312731210331D-06 0.1344667879008D-06 0.1377384393566D-06
 0.1410899832544D-06 0.1445233741494D-06 0.1480406144547D-06 0.1516437556563D-06
 0.1553348994528D-06 0.1591161989822D-06 0.1629898601826D-06 0.1669581429663D-06
 0.1710233626068D-06 0.1751878910591D-06 0.1794541584426D-06 0.1838246542875D-06
 0.1883019291846D-06 0.1928885961424D-06 0.1975873322102D-06 0.2024008799764D-06
 0.2073320492089D-06 0.2123837185004D-06 0.2175588369563D-06 0.2228604259093D-06
 0.2282915807178D-06 0.2338554725264D-06 0.2395553501705D-06 0.2453945421007D-06
 0.2513764582477D-06 0.2575045921262D-06 0.2637825227716D-06 0.2702139169519D-06
 0.2768025312346D-06 0.2835522141758D-06 0.2904669086638D-06 0.2975506542008D-06
 0.3048075891714D-06 0.3122419534310D-06 0.3198580906367D-06 0.3276604508906D-06
 0.3356535933589D-06 0.3438421888194D-06 0.3522310225991D-06 0.3608249971676D-06
 0.3696291351778D-06 0.3786485823216D-06 0.3878886103395D-06 0.3973546202104D-06
 0.4070521451981D-06 0.4169868541503D-06 0.4271645548435D-06 0.4375911973512D-06
 0.4482728775815D-06 0.4592158407227D-06 0.4704264851222D-06 0.4819113658622D-06
 0.4936771986326D-06 0.5057308637383D-06 0.5180794100896D-06 0.5307300593285D-06
 0.5436902101160D-06 0.5569674423633D-06 0.5705695218130D-06 0.5845044045116D-06
 0.5987802415255D-06 0.6134053836757D-06 0.6283883863550D-06 0.6437380148801D-06
 0.6594632492273D-06 0.6755732895036D-06 0.6920775613539D-06 0.7089857215115D-06
 0.7263076633340D-06 0.7440535226901D-06 0.7622336840403D-06 0.7808587862535D-06
 0.7999397290275D-06 0.8194876793888D-06 0.8395140779601D-06 0.8600306459350D-06
 0.8810493918902D-06 0.9025826187249D-06 0.9246429310626D-06 0.9472432424939D-06
 0.9703967832477D-06 0.9941171079988D-06 0.1018418103772D-05 0.1043313998021D-05
 0.1068819367101D-05 0.1094949144909D-05 0.1121718631414D-05 0.1149143501816D-05
 0.1177239815784D-05 0.1206024026787D-05 0.1235512991814D-05 0.1265723981333D-05
 0.1296674689289D-05 0.1328383243662D-05 0.1360868217107D-05 0.1394148637806D-05
 0.1428244000600D-05 0.1463174278713D-05 0.1498959935161D-05 0.1535621935092D-05
 0.1573181757788D-05 0.1611661409721D-05 0.1651083437087D-05 0.1691470939383D-05
 0.1732847582721D-05 0.1775237614035D-05 0.1818665875233D-05 0.1863157817738D-05
 0.1908739517490D-05 0.1955437690541D-05 0.2003279708435D-05 0.2052293614540D-05
 0.2102508140578D-05 0.2153952723333D-05 0.2206657522334D-05 0.2260653437269D-05
 0.2315972126553D-05 0.2372646025585D-05 0.2430708366302D-05 0.2490193196361D-05
 0.2551135399515D-05 0.2613570716090D-05 0.2677535763907D-05 0.2743068060215D-05
 0.2810206043475D-05 0.2878989096313D-05 0.2949457568702D-05 0.3021652801495D-05
 0.3095617151320D-05 0.3171394015252D-05 0.3249027856525D-05 0.3328564230856D-05
 0.3410049813255D-05 0.3493532425778D-05 0.3579061065517D-05 0.3666685933999D-05
 0.3756458466301D-05 0.3848431362086D-05 0.3942658616226D-05 0.4039195551187D-05
 0.4138098849518D-05 0.4239426587505D-05 0.4343238269536D-05 0.4449594863315D-05
 0.4558558836194D-05 0.4670194191860D-05 0.4784566508396D-05 0.4901742977363D-05
 0.5021792443471D-05 0.5144785445365D-05 0.5270794257663D-05 0.5399892933800D-05
 0.5532157350022D-05 0.5667665250150D-05 0.5806496292485D-05 0.5948732096336D-05
 0.6094456291154D-05 0.6243754566084D-05 0.6396714720837D-05 0.6553426718313D-05
 0.6713982737389D-05 0.6878477228872D-05 0.7047006971217D-05 0.7219671128135D-05
 0.7396571307962D-05 0.7577811624430D-05 0.7763498758142D-05 0.7953742021246D-05
 0.8148653422126D-05 0.8348347732383D-05 0.8552942555713D-05 0.8762558398236D-05
 0.8977318740410D-05 0.9197350111241D-05 0.9422782164035D-05 0.9653747754109D-05
 0.9890383018630D-05 0.1013282745798D-04 0.1038122401966D-04 0.1063571918493D-04
 0.1089646305590D-04 0.1116360944604D-04 0.1143731597344D-04 0.1171774415502D-04
 0.1200505950423D-04 0.1229943163078D-04 0.1260103434356D-04 0.1291004575458D-04
 0.1322664838776D-04 0.1355102928887D-04 0.1388338013839D-04 0.1422389736842D-04
 0.1457278228143D-04 0.1493024117233D-04 0.1529648545380D-04 0.1567173178525D-04
 0.1605620220417D-04 0.1645012426133D-04 0.1685373115988D-04 0.1726726189717D-04
 0.1769096141126D-04 0.1812508073052D-04 0.1856987712652D-04 0.1902561427242D-04
 0.1949256240462D-04 0.1997099848849D-04 0.2046120638812D-04 0.2096347704175D-04
 0.2147810864039D-04 0.2200540681229D-04 0.2254568481066D-04 0.2309926370827D-04
 0.2366647259571D-04 0.2424764878548D-04 0.2484313802116D-04 0.2545329469201D-04
 0.2607848205450D-04 0.2671907245717D-04 0.2737544757395D-04 0.2804799864300D-04
 0.2873712671016D-04 0.2944324288150D-04 0.3016676858091D-04 0.3090813581549D-04
 0.3166778744698D-04 0.3244617747196D-04 0.3324377130751D-04 0.3406104608748D-04
 0.3489849096350D-04 0.3575660741685D-04 0.3663590957688D-04 0.3753692454962D-04
 0.3846019275384D-04 0.3940626826755D-04 0.4037571918276D-04 0.4136912797213D-04
 0.4238709186224D-04 0.4343022322089D-04 0.4449914995190D-04 0.4559451590370D-04
 0.4671698128653D-04 0.4786722310338D-04 0.4904593559165D-04 0.5025383067817D-04
 0.5149163844582D-04 0.5276010761406D-04 0.5406000603373D-04 0.5539212119317D-04
 0.5675726074243D-04 0.5815625302875D-04 0.5958994765092D-04 0.6105921602528D-04
 0.6256495197221D-04 0.6410807231675D-04 0.6568951750730D-04 0.6731025225268D-04
 0.6897126617687D-04 0.7067357449394D-04 0.7241821870202D-04 0.7420626729629D-04
 0.7603881650754D-04 0.7791699105587D-04 0.7984194493253D-04 0.8181486220244D-04
 0.8383695782998D-04 0.8590947853230D-04 0.8803370365547D-04 0.9021094607759D-04
 0.9244255314172D-04 0.9472990761407D-04 0.9707442867286D-04 0.9947757292784D-04
 0.1019408354704D-03 0.1044657509562D-03 0.1070538947231D-03 0.1097068839408D-03
 0.1124263787985D-03 0.1152140837314D-03 0.1180717486812D-03 0.1210011704006D-03
 0.1240041937996D-03 0.1270827133300D-03 0.1302386744204D-03 0.1334740749545D-03
 0.1367909667953D-03 0.1401914573631D-03 0.1436777112618D-03 0.1472519519606D-03
 0.1509164635295D-03 0.1546735924339D-03 0.1585257493864D-03 0.1624754112643D-03
 0.1665251230869D-03 0.1706775000656D-03 0.1749352297149D-03 0.1793010740445D-03
 0.1837778718205D-03 0.1883685409057D-03 0.1930760806821D-03 0.1979035745568D-03
 0.2028541925528D-03 0.2079311939963D-03 0.2131379302941D-03 0.2184778478098D-03
 0.2239544908457D-03 0.2295715047262D-03 0.2353326389980D-03 0.2412417507398D-03
 0.2473028079988D-03 0.2535198933475D-03 0.2598972075725D-03 0.2664390735008D-03
 0.2731499399659D-03 0.2800343859254D-03 0.2870971247259D-03 0.2943430085377D-03
 0.3017770329487D-03 0.3094043417408D-03 0.3172302318417D-03 0.3252601584727D-03
 0.3334997404951D-03 0.3419547659570D-03 0.3506311978716D-03 0.3595351802044D-03
 0.3686730441118D-03 0.3780513144178D-03 0.3876767163563D-03 0.3975561825743D-03
 0.4076968604289D-03 0.4181061195714D-03 0.4287915598421D-03 0.4397610194933D-03
 0.4510225837428D-03 0.4625845936887D-03 0.4744556555904D-03 0.4866446505418D-03
 0.4991607445454D-03 0.5120133990184D-03 0.5252123817422D-03 0.5387677782780D-03
 0.5526900038740D-03 0.5669898158917D-03 0.5816783267609D-03 0.5967670175069D-03
 0.6122677518694D-03 0.6281927910442D-03 0.6445548090750D-03 0.6613669089350D-03
 0.6786426393241D-03 0.6963960122207D-03 0.7146415212418D-03 0.7333941608111D-03
 0.7526694462306D-03 0.7724834346542D-03 0.7928527470453D-03 0.8137945911391D-03
 0.8353267854837D-03 0.8574677846146D-03 0.8802367054018D-03 0.9036533546547D-03
 0.9277382580433D-03 0.9525126903969D-03 0.9779987074660D-03 0.1004219179216D-02
 0.1031197824749D-02 0.1058959248916D-02 0.1087528980748D-02 0.1116933513760D-02
 0.1147200348286D-02 0.1178358035893D-02 0.1210436226046D-02 0.1243465715115D-02
 0.1277478497863D-02 0.1312507821565D-02 0.1348588242888D-02 0.1385755687699D-02
 0.1424047513971D-02 0.1463502577952D-02 0.1504161303802D-02 0.1546065756877D-02
 0.1589259720880D-02 0.1633788779129D-02 0.1679700400132D-02 0.1727044027772D-02
 0.1775871176341D-02 0.1826235530734D-02 0.1878193052097D-02 0.1931802089262D-02
 0.1987123496313D-02 0.2044220756666D-02 0.2103160114048D-02 0.2164010710805D-02
 0.2226844733990D-02 0.2291737569694D-02 0.2358767966180D-02 0.2428018206308D-02
 0.2499574289883D-02 0.2573526126537D-02 0.2649967739799D-02 0.2728997483099D-02
 0.2810718268441D-02 0.2895237808580D-02 0.2982668873576D-02 0.3073129562655D-02
 0.3166743592389D-02 0.3263640602271D-02 0.3363956478819D-02 0.3467833699483D-02
 0.3575421697629D-02 0.3686877250063D-02 0.3802364888606D-02 0.3922057337341D-02
 0.4046135977334D-02 0.4174791340644D-02 0.4308223635757D-02 0.4446643306521D-02
 0.4590271627003D-02 0.4739341334764D-02 0.4894097305288D-02 0.5054797270462D-02
 0.5221712584322D-02 0.5395129039408D-02 0.5575347737408D-02 0.5762686018095D-02
 0.5957478450746D-02 0.6160077892702D-02 0.6370856620046D-02 0.6590207535747D-02
 0.6818545461090D-02 0.7056308516683D-02 0.7303959599822D-02 0.7561987965580D-02
 0.7830910919566D-02 0.8111275630995D-02 0.8403661075387D-02 0.8708680117064D-02
 0.9026981742382D-02 0.9359253455643D-02 0.9706223850638D-02 0.1006866537185D-01
 0.1044739728058D-01 0.1084328884261D-01 0.1125726275543D-01 0.1169029883468D-01
 0.1214343798113D-01 0.1261778645157D-01 0.1311452045877D-01 0.1363489112843D-01
 0.1418022984288D-01 0.1475195400480D-01 0.1535157325652D-01 0.1598069619422D-01
 0.1664103761986D-01 0.1733442637754D-01 0.1806281382552D-01 0.1882828299983D-01
 0.1963305853075D-01 0.2047951737929D-01 0.2137020046710D-01 0.2230782528044D-01
 0.2329529953654D-01 0.2433573600933D-01 0.2543246862080D-01 0.2658906991513D-01
 0.2780937004360D-01 0.2909747740171D-01 0.3045780107352D-01 0.3189507525397D-01
 0.3341438583713D-01 0.3502119937725D-01 0.3672139465071D-01 0.3852129706994D-01
 0.4042771622651D-01 0.4244798686895D-01 0.4459001365254D-01 0.4686232003352D-01
 0.4927410171879D-01 0.5183528512579D-01 0.5455659135448D-01 0.5744960622718D-01
 0.6052685701038D-01 0.6380189649852D-01 0.6728939521223D-01 0.7100524254434D-01
 0.7496665777672D-01 0.7919231199066D-01 0.8370246200408D-01 0.8851909759241D-01
 0.9366610338597D-01 0.9916943698942D-01 0.1050573250372D+00 0.1113604790866D+00
 0.1181123334585D+00 0.1253493073678D+00 0.1331110939410D+00 0.1414409790060D+00
 0.1503861928530D+00 0.1599982985192D+00 0.1703336205358D+00 0.1814537185094D+00
 0.1934259103839D+00 0.2063238507581D+00 0.2202281702143D+00 0.2352271822551D+00
 0.2514176651513D+00 0.2689057267812D+00 0.2878077613926D+00 0.3082515081487D+00
 0.3303772223388D+00 0.3543389712388D+00 0.3803060678067D+00 0.4084646566905D+00
 0.4390194684169D+00 0.4721957591095D+00 0.5082414546578D+00 0.5474295297188D+00
 0.5900605958686D+00 0.6359491126266D+00 0.6848185700959D+00 0.7368669194429D+00
 0.7923082604595D+00 0.8513743386800D+00 0.9143161906666D+00 0.9814059520905D+00
 0.1052938844645D+01 0.1129235359355D+01 0.1210643655511D+01 0.1297542196265D+01
 0.1390342643896D+01 0.1489493039893D+01 0.1595481297298D+01 0.1708839035313D+01
 0.1830145788829D+01 0.1960033628532D+01 0.2099192230375D+01 0.2248374436667D+01
 0.2408402354673D+01 0.2580174042649D+01 0.2764670837437D+01 0.2962965382356D+01
 0.3176230419019D+01 0.3405748411930D+01 0.3652922080289D+01 0.3919285917391D+01
 0.4206518784347D+01 0.4516457671445D+01
    0    0
