 nspin  vdif :::::: Potentials for non-spin-polarized non-relativistic Va.      
    1   0.0000000000000D+00
 LSMS:           Va     z=  0.    xvalws=   0.12630
   0.                      2.65165   0. 0.2551193007259D+00
                 -0.1113096740000D+02 0.9751822497023D+00 1001 1030
 0.2130800803707D-04 0.2157880940767D-04 0.2185299468744D-04 0.2213060571414D-04
 0.2241166468729D-04 0.2269619499309D-04 0.2298424071155D-04 0.2327584646998D-04
 0.2357105738483D-04 0.2386991909978D-04 0.2417247777436D-04 0.2447878006507D-04
 0.2478887323262D-04 0.2510280504901D-04 0.2542062382513D-04 0.2574237844873D-04
 0.2606811840389D-04 0.2639789369116D-04 0.2673175496551D-04 0.2706975343325D-04
 0.2741194090486D-04 0.2775836982211D-04 0.2810909323565D-04 0.2846416480627D-04
 0.2882363885451D-04 0.2918757035289D-04 0.2955601488213D-04 0.2992902872783D-04
 0.3030666883077D-04 0.3068899281615D-04 0.3107605897497D-04 0.3146792632601D-04
 0.3186465457767D-04 0.3226630414583D-04 0.3267293619233D-04 0.3308461258965D-04
 0.3350139598091D-04 0.3392334974852D-04 0.3435053800883D-04 0.3478302570549D-04
 0.3522087851485D-04 0.3566416291716D-04 0.3611294623249D-04 0.3656729654533D-04
 0.3702728277092D-04 0.3749297469122D-04 0.3796444288079D-04 0.3844175880923D-04
 0.3892499478615D-04 0.3941422401044D-04 0.3990952055785D-04 0.4041095940795D-04
 0.4091861643562D-04 0.4143256847972D-04 0.4195289321929D-04 0.4247966936216D-04
 0.4301297654342D-04 0.4355289535038D-04 0.4409950738162D-04 0.4465289518142D-04
 0.4521314231156D-04 0.4578033337769D-04 0.4635455397157D-04 0.4693589078357D-04
 0.4752443145595D-04 0.4812026481699D-04 0.4872348066587D-04 0.4933416998981D-04
 0.4995242478251D-04 0.5057833823187D-04 0.5121200465375D-04 0.5185351946970D-04
 0.5250297928406D-04 0.5316048188551D-04 0.5382612624717D-04 0.5450001253025D-04
 0.5518224213861D-04 0.5587291766400D-04 0.5657214301612D-04 0.5728002332702D-04
 0.5799666495436D-04 0.5872217571472D-04 0.5945666454505D-04 0.6020024182617D-04
 0.6095301922601D-04 0.6171510980820D-04 0.6248662801458D-04 0.6326768965235D-04
 0.6405841192185D-04 0.6485891348310D-04 0.6566931447416D-04 0.6648973640948D-04
 0.6732030237136D-04 0.6816113684173D-04 0.6901236590790D-04 0.6987411712055D-04
 0.7074651967152D-04 0.7162970423014D-04 0.7252380308248D-04 0.7342895017715D-04
 0.7434528101196D-04 0.7527293281470D-04 0.7621204444474D-04 0.7716275639532D-04
 0.7812521098385D-04 0.7909955215513D-04 0.8008592565020D-04 0.8108447901796D-04
 0.8209536152697D-04 0.8311872433534D-04 0.8415472038379D-04 0.8520350449604D-04
 0.8626523337445D-04 0.8734006563811D-04 0.8842816184714D-04 0.8952968446421D-04
 0.9064479797977D-04 0.9177366886626D-04 0.9291646560896D-04 0.9407335877044D-04
 0.9524452096117D-04 0.9643012689832D-04 0.9763035345220D-04 0.9884537959043D-04
 0.1000753864555D-03 0.1013205574990D-03 0.1025810782904D-03 0.1038571366576D-03
 0.1051489227910D-03 0.1064566291458D-03 0.1077804504866D-03 0.1091205839984D-03
 0.1104772292927D-03 0.1118505882732D-03 0.1132408654578D-03 0.1146482677100D-03
 0.1160730045363D-03 0.1175152879206D-03 0.1189753324002D-03 0.1204533551698D-03
 0.1219495760861D-03 0.1234642175478D-03 0.1249975047948D-03 0.1265496658454D-03
 0.1281209312552D-03 0.1297115346221D-03 0.1313217122356D-03 0.1329517033483D-03
 0.1346017500791D-03 0.1362720974608D-03 0.1379629936110D-03 0.1396746894805D-03
 0.1414074392615D-03 0.1431615001016D-03 0.1449371323434D-03 0.1467345994763D-03
 0.1485541681807D-03 0.1503961084072D-03 0.1522606933052D-03 0.1541481993944D-03
 0.1560589066574D-03 0.1579930982822D-03 0.1599510610280D-03 0.1619330851358D-03
 0.1639394643343D-03 0.1659704958788D-03 0.1680264807410D-03 0.1701077234638D-03
 0.1722145323241D-03 0.1743472194036D-03 0.1765061004412D-03 0.1786914951305D-03
 0.1809037269449D-03 0.1831431233927D-03 0.1854100158870D-03 0.1877047399328D-03
 0.1900276350768D-03 0.1923790448992D-03 0.1947593173376D-03 0.1971688044221D-03
 0.1996078624791D-03 0.2020768522260D-03 0.2045761386977D-03 0.2071060913594D-03
 0.2096670842501D-03 0.2122594958072D-03 0.2148837092125D-03 0.2175401122781D-03
 0.2202290973854D-03 0.2229510618542D-03 0.2257064077760D-03 0.2284955421060D-03
 0.2313188767303D-03 0.2341768286094D-03 0.2370698196903D-03 0.2399982770634D-03
 0.2429626330566D-03 0.2459633252460D-03 0.2490007964391D-03 0.2520754948941D-03
 0.2551878743442D-03 0.2583383939475D-03 0.2615275185344D-03 0.2647557184569D-03
 0.2680234699578D-03 0.2713312549392D-03 0.2746795611365D-03 0.2780688823331D-03
 0.2814997182300D-03 0.2849725746435D-03 0.2884879634297D-03 0.2920464028005D-03
 0.2956484171868D-03 0.2992945374504D-03 0.3029853008830D-03 0.3067212511951D-03
 0.3105029389070D-03 0.3143309210829D-03 0.3182057616200D-03 0.3221280312036D-03
 0.3260983075620D-03 0.3301171753628D-03 0.3341852263953D-03 0.3383030596407D-03
 0.3424712813992D-03 0.3466905052807D-03 0.3509613524264D-03 0.3552844514318D-03
 0.3596604386425D-03 0.3640899580718D-03 0.3685736614980D-03 0.3731122088641D-03
 0.3777062678755D-03 0.3823565143935D-03 0.3870636327053D-03 0.3918283152082D-03
 0.3966512626533D-03 0.4015331846978D-03 0.4064747991713D-03 0.4114768329084D-03
 0.4165400214881D-03 0.4216651094738D-03 0.4268528504209D-03 0.4321040071898D-03
 0.4374193516049D-03 0.4427996652967D-03 0.4482457391842D-03 0.4537583736984D-03
 0.4593383791616D-03 0.4649865757154D-03 0.4707037936096D-03 0.4764908728512D-03
 0.4823486640197D-03 0.4882780278194D-03 0.4942798355570D-03 0.5003549690217D-03
 0.5065043208314D-03 0.5127287943299D-03 0.5190293041178D-03 0.5254067755802D-03
 0.5318621455831D-03 0.5383963623648D-03 0.5450103856340D-03 0.5517051868565D-03
 0.5584817491798D-03 0.5653410678876D-03 0.5722841503007D-03 0.5793120159383D-03
 0.5864256967934D-03 0.5936262374052D-03 0.6009146950646D-03 0.6082921398581D-03
 0.6157596548412D-03 0.6233183364192D-03 0.6309692942232D-03 0.6387136514394D-03
 0.6465525448441D-03 0.6544871251102D-03 0.6625185570099D-03 0.6706480192902D-03
 0.6788767051680D-03 0.6872058223661D-03 0.6956365933426D-03 0.7041702553472D-03
 0.7128080607237D-03 0.7215512771640D-03 0.7304011876274D-03 0.7393590907380D-03
 0.7484263011024D-03 0.7576041490646D-03 0.7668939812878D-03 0.7762971608888D-03
 0.7858150673779D-03 0.7954490973981D-03 0.8052006642849D-03 0.8150711986051D-03
 0.8250621485979D-03 0.8351749799415D-03 0.8454111760642D-03 0.8557722386683D-03
 0.8662596875864D-03 0.8768750612966D-03 0.8876199168989D-03 0.8984958303873D-03
 0.9095043971686D-03 0.9206472319569D-03 0.9319259689809D-03 0.9433422626119D-03
 0.9548977871464D-03 0.9665942375666D-03 0.9784333291369D-03 0.9904167983287D-03
 0.1002546402532D-02 0.1014823920552D-02 0.1027251153125D-02 0.1039829922510D-02
 0.1052562073389D-02 0.1065449473000D-02 0.1078494011063D-02 0.1091697600560D-02
 0.1105062177596D-02 0.1118589701918D-02 0.1132282157118D-02 0.1146141550981D-02
 0.1160169915782D-02 0.1174369308494D-02 0.1188741811015D-02 0.1203289530821D-02
 0.1218014600909D-02 0.1232919180342D-02 0.1248005454467D-02 0.1263275635162D-02
 0.1278731961349D-02 0.1294376699102D-02 0.1310212142208D-02 0.1326240612350D-02
 0.1342464459475D-02 0.1358886062181D-02 0.1375507827993D-02 0.1392332193803D-02
 0.1409361626119D-02 0.1426598621602D-02 0.1444045707257D-02 0.1461705440695D-02
 0.1479580411152D-02 0.1497673238831D-02 0.1515986576300D-02 0.1534523108224D-02
 0.1553285551792D-02 0.1572276657783D-02 0.1591499210025D-02 0.1610956026495D-02
 0.1630649959431D-02 0.1650583895726D-02 0.1670760757497D-02 0.1691183502678D-02
 0.1711855124748D-02 0.1732778654127D-02 0.1753957157812D-02 0.1775393740391D-02
 0.1797091544062D-02 0.1819053749516D-02 0.1841283576048D-02 0.1863784282201D-02
 0.1886559166035D-02 0.1909611566186D-02 0.1932944861574D-02 0.1956562472527D-02
 0.1980467860773D-02 0.2004664530456D-02 0.2029156028339D-02 0.2053945944371D-02
 0.2079037912069D-02 0.2104435609486D-02 0.2130142759319D-02 0.2156163129629D-02
 0.2182500534357D-02 0.2209158833989D-02 0.2236141936015D-02 0.2263453795329D-02
 0.2291098415240D-02 0.2319079847741D-02 0.2347402194141D-02 0.2376069605776D-02
 0.2405086284393D-02 0.2434456483175D-02 0.2464184506854D-02 0.2494274712854D-02
 0.2524731511396D-02 0.2555559366734D-02 0.2586762797130D-02 0.2618346376172D-02
 0.2650314733157D-02 0.2682672553539D-02 0.2715424579973D-02 0.2748575613047D-02
 0.2782130511427D-02 0.2816094193524D-02 0.2850471637126D-02 0.2885267880911D-02
 0.2920488024873D-02 0.2956137231202D-02 0.2992220724930D-02 0.3028743794538D-02
 0.3065711793285D-02 0.3103130139401D-02 0.3141004317128D-02 0.3179339877559D-02
 0.3218142439345D-02 0.3257417689802D-02 0.3297171385098D-02 0.3337409351900D-02
 0.3378137487642D-02 0.3419361761671D-02 0.3461088216046D-02 0.3503322966417D-02
 0.3546072202733D-02 0.3589342190836D-02 0.3633139272349D-02 0.3677469866337D-02
 0.3722340470219D-02 0.3767757660288D-02 0.3813728093147D-02 0.3860258506378D-02
 0.3907355719666D-02 0.3955026635641D-02 0.4003278241234D-02 0.4052117608386D-02
 0.4101551895031D-02 0.4151588346406D-02 0.4202234296114D-02 0.4253497166884D-02
 0.4305384472072D-02 0.4357903816336D-02 0.4411062896976D-02 0.4464869505200D-02
 0.4519331527035D-02 0.4574456944498D-02 0.4630253837058D-02 0.4686730382213D-02
 0.4743894857443D-02 0.4801755640812D-02 0.4860321212502D-02 0.4919600156095D-02
 0.4979601159404D-02 0.5040333016483D-02 0.5101804628139D-02 0.5164025003978D-02
 0.5227003262893D-02 0.5290748635175D-02 0.5355270463306D-02 0.5420578203803D-02
 0.5486681428202D-02 0.5553589824717D-02 0.5621313199463D-02 0.5689861478062D-02
 0.5759244707041D-02 0.5829473055252D-02 0.5900556815391D-02 0.5972506405535D-02
 0.6045332370819D-02 0.6119045384492D-02 0.6193656250028D-02 0.6269175902463D-02
 0.6345615410017D-02 0.6422985975618D-02 0.6501298938713D-02 0.6580565777081D-02
 0.6660798107771D-02 0.6742007689985D-02 0.6824206425634D-02 0.6907406361780D-02
 0.6991619692255D-02 0.7076858759307D-02 0.7163136055643D-02 0.7250464225941D-02
 0.7338856069061D-02 0.7428324539836D-02 0.7518882750566D-02 0.7610543973460D-02
 0.7703321642436D-02 0.7797229354972D-02 0.7892280873883D-02 0.7988490130015D-02
 0.8085871223870D-02 0.8184438427534D-02 0.8284206186801D-02 0.8385189123631D-02
 0.8487402038020D-02 0.8590859910182D-02 0.8695577902797D-02 0.8801571363233D-02
 0.8908855825754D-02 0.9017447013939D-02 0.9127360842758D-02 0.9238613421009D-02
 0.9351221053624D-02 0.9465200244437D-02 0.9580567697934D-02 0.9697340322243D-02
 0.9815535231354D-02 0.9935169747739D-02 0.1005626140471D-01 0.1017882794944D-01
 0.1030288734503D-01 0.1042845777316D-01 0.1055555763735D-01 0.1068420556519D-01
 0.1081442041081D-01 0.1094622125843D-01 0.1107962742423D-01 0.1121465846017D-01
 0.1135133415576D-01 0.1148967454211D-01 0.1162969989383D-01 0.1177143073275D-01
 0.1191488783047D-01 0.1206009221169D-01 0.1220706515707D-01 0.1235582820657D-01
 0.1250640316232D-01 0.1265881209224D-01 0.1281307733265D-01 0.1296922149219D-01
 0.1312726745486D-01 0.1328723838316D-01 0.1344915772187D-01 0.1361304920119D-01
 0.1377893684042D-01 0.1394684495139D-01 0.1411679814178D-01 0.1428882131930D-01
 0.1446293969487D-01 0.1463917878642D-01 0.1481756442269D-01 0.1499812274704D-01
 0.1518088022091D-01 0.1536586362854D-01 0.1555310007983D-01 0.1574261701539D-01
 0.1593444220944D-01 0.1612860377480D-01 0.1632513016656D-01 0.1652405018653D-01
 0.1672539298712D-01 0.1692918807552D-01 0.1713546531886D-01 0.1734425494738D-01
 0.1755558755995D-01 0.1776949412794D-01 0.1798600599979D-01 0.1820515490573D-01
 0.1842697296252D-01 0.1865149267793D-01 0.1887874695558D-01 0.1910876910015D-01
 0.1934159282129D-01 0.1957725223972D-01 0.1981578189131D-01 0.2005721673279D-01
 0.2030159214626D-01 0.2054894394516D-01 0.2079930837843D-01 0.2105272213704D-01
 0.2130922235837D-01 0.2156884663235D-01 0.2183163300630D-01 0.2209761999113D-01
 0.2236684656668D-01 0.2263935218729D-01 0.2291517678792D-01 0.2319436078985D-01
 0.2347694510655D-01 0.2376297114947D-01 0.2405248083447D-01 0.2434551658806D-01
 0.2464212135296D-01 0.2494233859516D-01 0.2524621230962D-01 0.2555378702721D-01
 0.2586510782091D-01 0.2618022031271D-01 0.2649917067983D-01 0.2682200566198D-01
 0.2714877256806D-01 0.2747951928263D-01 0.2781429427363D-01 0.2815314659914D-01
 0.2849612591435D-01 0.2884328247918D-01 0.2919466716553D-01 0.2955033146456D-01
 0.2991032749453D-01 0.3027470800812D-01 0.3064352640032D-01 0.3101683671618D-01
 0.3139469365893D-01 0.3177715259749D-01 0.3216426957529D-01 0.3255610131762D-01
 0.3295270524080D-01 0.3335413945981D-01 0.3376046279728D-01 0.3417173479198D-01
 0.3458801570758D-01 0.3500936654117D-01 0.3543584903271D-01 0.3586752567332D-01
 0.3630445971527D-01 0.3674671518059D-01 0.3719435687071D-01 0.3764745037584D-01
 0.3810606208482D-01 0.3857025919421D-01 0.3904010971898D-01 0.3951568250153D-01
 0.3999704722273D-01 0.4048427441103D-01 0.4097743545380D-01 0.4147660260703D-01
 0.4198184900630D-01 0.4249324867718D-01 0.4301087654633D-01 0.4353480845222D-01
 0.4406512115642D-01 0.4460189235461D-01 0.4514520068798D-01 0.4569512575486D-01
 0.4625174812231D-01 0.4681514933756D-01 0.4738541194043D-01 0.4796261947503D-01
 0.4854685650218D-01 0.4913820861148D-01 0.4973676243411D-01 0.5034260565519D-01
 0.5095582702692D-01 0.5157651638130D-01 0.5220476464312D-01 0.5284066384358D-01
 0.5348430713332D-01 0.5413578879641D-01 0.5479520426390D-01 0.5546265012764D-01
 0.5613822415472D-01 0.5682202530099D-01 0.5751415372658D-01 0.5821471080945D-01
 0.5892379916094D-01 0.5964152264035D-01 0.6036798636982D-01 0.6110329675037D-01
 0.6184756147691D-01 0.6260088955385D-01 0.6336339131120D-01 0.6413517842079D-01
 0.6491636391196D-01 0.6570706218868D-01 0.6650738904568D-01 0.6731746168573D-01
 0.6813739873623D-01 0.6896732026705D-01 0.6980734780722D-01 0.7065760436343D-01
 0.7151821443737D-01 0.7238930404410D-01 0.7327100072990D-01 0.7416343359181D-01
 0.7506673329501D-01 0.7598103209303D-01 0.7690646384628D-01 0.7784316404169D-01
 0.7879126981221D-01 0.7975091995698D-01 0.8072225496117D-01 0.8170541701691D-01
 0.8270055004304D-01 0.8370779970663D-01 0.8472731344400D-01 0.8575924048177D-01
 0.8680373185894D-01 0.8786094044838D-01 0.8893102097910D-01 0.9001413005862D-01
 0.9111042619578D-01 0.9222006982336D-01 0.9334322332154D-01 0.9448005104134D-01
 0.9563071932817D-01 0.9679539654604D-01 0.9797425310167D-01 0.9916746146967D-01
 0.1003751962165D+00 0.1015976340263D+00 0.1028349537264D+00 0.1040873363126D+00
 0.1053549649755D+00 0.1066380251272D+00 0.1079367044274D+00 0.1092511928107D+00
 0.1105816825141D+00 0.1119283681041D+00 0.1132914465053D+00 0.1146711170281D+00
 0.1160675813975D+00 0.1174810437822D+00 0.1189117108238D+00 0.1203597916661D+00
 0.1218254979856D+00 0.1233090440211D+00 0.1248106466051D+00 0.1263305251943D+00
 0.1278689019008D+00 0.1294260015246D+00 0.1310020515846D+00 0.1325972823519D+00
 0.1342119268823D+00 0.1358462210494D+00 0.1375004035781D+00 0.1391747160791D+00
 0.1408694030821D+00 0.1425847120719D+00 0.1443208935224D+00 0.1460782009326D+00
 0.1478568908625D+00 0.1496572229691D+00 0.1514794600435D+00 0.1533238680476D+00
 0.1551907161521D+00 0.1570802767739D+00 0.1589928256151D+00 0.1609286417012D+00
 0.1628880074203D+00 0.1648712085637D+00 0.1668785343647D+00 0.1689102775398D+00
 0.1709667343297D+00 0.1730482045406D+00 0.1751549915857D+00 0.1772874025283D+00
 0.1794457481238D+00 0.1816303428632D+00 0.1838415050169D+00 0.1860795566788D+00
 0.1883448238106D+00 0.1906376362874D+00 0.1929583279430D+00 0.1953072366159D+00
 0.1976847041959D+00 0.2000910766711D+00 0.2025267041752D+00 0.2049919410361D+00
 0.2074871458236D+00 0.2100126813987D+00 0.2125689149632D+00 0.2151562181099D+00
 0.2177749668719D+00 0.2204255417751D+00 0.2231083278888D+00 0.2258237148778D+00
 0.2285720970550D+00 0.2313538734345D+00 0.2341694477849D+00 0.2370192286835D+00
 0.2399036295710D+00 0.2428230688060D+00 0.2457779697216D+00 0.2487687606805D+00
 0.2517958751320D+00 0.2548597516696D+00 0.2579608340881D+00 0.2610995714421D+00
 0.2642764181045D+00 0.2674918338261D+00 0.2707462837950D+00 0.2740402386968D+00
 0.2773741747762D+00 0.2807485738974D+00 0.2841639236063D+00 0.2876207171928D+00
 0.2911194537538D+00 0.2946606382562D+00 0.2982447816015D+00 0.3018724006891D+00
 0.3055440184819D+00 0.3092601640719D+00 0.3130213727449D+00 0.3168281860480D+00
 0.3206811518559D+00 0.3245808244381D+00 0.3285277645268D+00 0.3325225393849D+00
 0.3365657228748D+00 0.3406578955276D+00 0.3447996446122D+00 0.3489915642057D+00
 0.3532342552632D+00 0.3575283256891D+00 0.3618743904078D+00 0.3662730714357D+00
 0.3707249979523D+00 0.3752308063732D+00 0.3797911404224D+00 0.3844066512047D+00
 0.3890779972798D+00 0.3938058447351D+00 0.3985908672595D+00 0.4034337462175D+00
 0.4083351707236D+00 0.4132958377164D+00 0.4183164520335D+00 0.4233977264860D+00
 0.4285403819334D+00 0.4337451473592D+00 0.4390127599452D+00 0.4443439651470D+00
 0.4497395167695D+00 0.4552001770414D+00 0.4607267166911D+00 0.4663199150211D+00
 0.4719805599832D+00 0.4777094482534D+00 0.4835073853064D+00 0.4893751854899D+00
 0.4953136720987D+00 0.5013236774486D+00 0.5074060429496D+00 0.5135616191792D+00
 0.5197912659545D+00 0.5260958524041D+00 0.5324762570400D+00 0.5389333678279D+00
 0.5454680822573D+00 0.5520813074106D+00 0.5587739600318D+00 0.5655469665935D+00
 0.5724012633636D+00 0.5793377964709D+00 0.5863575219688D+00 0.5934614058987D+00
 0.6006504243511D+00 0.6079255635265D+00 0.6152878197937D+00 0.6227381997464D+00
 0.6302777202592D+00 0.6379074085404D+00 0.6456283021841D+00 0.6534414492189D+00
 0.6613479081553D+00 0.6693487480304D+00 0.6774450484503D+00 0.6856378996295D+00
 0.6939284024275D+00 0.7023176683831D+00 0.7108068197447D+00 0.7193969894977D+00
 0.7280893213885D+00 0.7368849699445D+00 0.7457851004901D+00 0.7547908891596D+00
 0.7639035229044D+00 0.7731241994961D+00 0.7824541275254D+00 0.7918945263952D+00
 0.8014466263087D+00 0.8111116682517D+00 0.8208909039690D+00 0.8307855959350D+00
 0.8407970173171D+00 0.8509264519328D+00 0.8611751941987D+00 0.8715445490736D+00
 0.8820358319913D+00 0.8926503687867D+00 0.9033894956125D+00 0.9142545588469D+00
 0.9252469149905D+00 0.9363679305541D+00 0.9476189819355D+00 0.9590014552841D+00
 0.9705167463546D+00 0.9821662603478D+00 0.9939514117375D+00 0.1005873624085D+01
 0.1017934329838D+01 0.1030134970114D+01 0.1042476994468D+01 0.1054961860644D+01
 0.1067591034308D+01 0.1080365988761D+01 0.1093288204636D+01 0.1106359169569D+01
 0.1119580377855D+01 0.1132953330073D+01 0.1146479532696D+01 0.1160160497667D+01
 0.1173997741957D+01 0.1187992787084D+01 0.1202147158617D+01 0.1216462385637D+01
 0.1230940000166D+01 0.1245581536574D+01 0.1260388530934D+01 0.1275362520349D+01
 0.1290505042236D+01 0.1305817633569D+01 0.1321301830074D+01 0.1336959165385D+01
 0.1352791170140D+01 0.1368799371038D+01 0.1384985289828D+01 0.1401350442253D+01
 0.1417896336922D+01 0.1434624474131D+01 0.1451536344602D+01 0.1468633428164D+01
 0.1485917192352D+01 0.1503389090932D+01 0.1521050562334D+01 0.1538903028010D+01
 0.1556947890690D+01 0.1575186532544D+01 0.1593620313241D+01 0.1612250567899D+01
 0.1631078604920D+01 0.1650105703707D+01 0.1669333112247D+01 0.1688762044566D+01
 0.1708393678039D+01 0.1728229150548D+01 0.1748269557481D+01 0.1768515948567D+01
 0.1788969324531D+01 0.1809630633558D+01 0.1830500767567D+01 0.1851580558266D+01
 0.1872870772991D+01 0.1894372110309D+01 0.1916085195372D+01 0.1938010575009D+01
 0.1960148712538D+01 0.1982499982286D+01 0.2005064663795D+01 0.2027842935695D+01
 0.2050834869236D+01 0.2074040421434D+01 0.2097459427836D+01 0.2121091594861D+01
 0.2144936491699D+01 0.2168993541739D+01 0.2193262013498D+01 0.2217741011021D+01
 0.2242429463712D+01 0.2267326115578D+01 0.2292429513819D+01 0.2317737996756D+01
 0.2343249681030D+01 0.2368962448034D+01 0.2394873929534D+01 0.2420981492408D+01
 0.2447282222466D+01 0.2473772907278D+01 0.2500450017941D+01 0.2527309689719D+01
 0.2554347701480D+01 0.2581559453841D+01 0.2608939945935D+01 0.2636483750701D+01
 0.2664184988593D+01 0.2692037299594D+01 0.2720033813415D+01 0.2748167117735D+01
 0.2776429224350D+01 0.2804811533065D+01 0.2833304793161D+01 0.2861899062243D+01
 0.2890583662279D+01 0.2919347132586D+01 0.2948177179542D+01 0.2977060622738D+01
 0.3005983337291D+01 0.3034930191982D+01 0.3063884982880D+01 0.3092830362054D+01
 0.3121747760942D+01 0.3150617307910D+01 0.3179417739471D+01 0.3208126304582D+01
 0.3236718661381D+01 0.3265168765645D+01 0.3293448750169D+01 0.3321528794188D+01
 0.3349376981848D+01 0.3376959148614D+01 0.3404238714395D+01 0.3431176501982D+01
 0.3457730539251D+01 0.3483855843387D+01 0.3509504185145D+01 0.3534623820245D+01
 0.3559159237944D+01
                                    0.0000000000000D+00
 1030 0.1263015199725D+00
 0.1119468092459D-11 0.1132365953109D-11 0.1145424700168D-11 0.1158646501129D-11
 0.1172059730116D-11 0.1185692282747D-11 0.1199545992660D-11 0.1213622862344D-11
 0.1227924889854D-11 0.1242454148638D-11 0.1257212896132D-11 0.1272203321455D-11
 0.1287427805973D-11 0.1302888646878D-11 0.1318588449841D-11 0.1334529656255D-11
 0.1350714997573D-11 0.1367147067572D-11 0.1383828651472D-11 0.1400762679463D-11
 0.1417951975802D-11 0.1435399565801D-11 0.1453108478858D-11 0.1471081867853D-11
 0.1489323029231D-11 0.1507835223546D-11 0.1526621671004D-11 0.1545686032731D-11
 0.1565031710876D-11 0.1584662364594D-11 0.1604581615978D-11 0.1624793263619D-11
 0.1645301129100D-11 0.1666109203978D-11 0.1687221381290D-11 0.1708641887270D-11
 0.1730374719014D-11 0.1752424315853D-11 0.1774794900690D-11 0.1797490965966D-11
 0.1820517036681D-11 0.1843877688878D-11 0.1867577660183D-11 0.1891621761881D-11
 0.1916014802674D-11 0.1940761885386D-11 0.1965867950274D-11 0.1991338307156D-11
 0.2017178236481D-11 0.2043392970562D-11 0.2069988190560D-11 0.2096969363652D-11
 0.2124342252822D-11 0.2152112590184D-11 0.2180286392119D-11 0.2208869575261D-11
 0.2237868368290D-11 0.2267288966571D-11 0.2297137801883D-11 0.2327421368592D-11
 0.2358146191558D-11 0.2389319157276D-11 0.2420947050663D-11 0.2453036859319D-11
 0.2485595702395D-11 0.2518630936769D-11 0.2552149924432D-11 0.2586160165969D-11
 0.2620669337099D-11 0.2655685312848D-11 0.2691215988740D-11 0.2727269562397D-11
 0.2763854253067D-11 0.2800978582752D-11 0.2838650976572D-11 0.2876880321537D-11
 0.2915675494149D-11 0.2955045614313D-11 0.2994999767827D-11 0.3035547492479D-11
 0.3076698601412D-11 0.3118462539099D-11 0.3160849475623D-11 0.3203869454487D-11
 0.3247532949698D-11 0.3291850453281D-11 0.3336832718770D-11 0.3382490606673D-11
 0.3428835512812D-11 0.3475878668145D-11 0.3523631545813D-11 0.3572106148645D-11
 0.3621314519439D-11 0.3671268823263D-11 0.3721981612242D-11 0.3773465688941D-11
 0.3825733861463D-11 0.3878799631149D-11 0.3932676406442D-11 0.3987377805037D-11
 0.4042918178492D-11 0.4099311528935D-11 0.4156572489050D-11 0.4214716021998D-11
 0.4273757210300D-11 0.4333711443213D-11 0.4394594631144D-11 0.4456422778239D-11
 0.4519212131954D-11 0.4582979572738D-11 0.4647742030025D-11 0.4713516838324D-11
 0.4780321770156D-11 0.4848174819676D-11 0.4917094411169D-11 0.4987099365927D-11
 0.5058208708483D-11 0.5130442153420D-11 0.5203819560385D-11 0.5278361035054D-11
 0.5354087603513D-11 0.5431020207115D-11 0.5509180600651D-11 0.5588590343740D-11
 0.5669272425075D-11 0.5751249381639D-11 0.5834544656091D-11 0.5919182073362D-11
 0.6005185999897D-11 0.6092581276558D-11 0.6181392844796D-11 0.6271646935421D-11
 0.6363369728761D-11 0.6456587859482D-11 0.6551329222427D-11 0.6647621521114D-11
 0.6745493501076D-11 0.6844974062856D-11 0.6946093084363D-11 0.7048881020953D-11
 0.7153368582645D-11 0.7259587651243D-11 0.7367570531363D-11 0.7477350073164D-11
 0.7588959929455D-11 0.7702434109232D-11 0.7817808293782D-11 0.7935117610780D-11
 0.8054399366511D-11 0.8175690082630D-11 0.8299028152197D-11 0.8424452452825D-11
 0.8552002644880D-11 0.8681719278829D-11 0.8813643463256D-11 0.8947817945820D-11
 0.9084285487127D-11 0.9223090059355D-11 0.9364276833305D-11 0.9507891960142D-11
 0.9653981606046D-11 0.9802594271198D-11 0.9953778851564D-11 0.1010758528259D-10
 0.1026406457243D-10 0.1042326835491D-10 0.1058525075248D-10 0.1075006537340D-10
 0.1091776801637D-10 0.1108841553195D-10 0.1126206593854D-10 0.1143877819907D-10
 0.1161861281833D-10 0.1180163173976D-10 0.1198789784962D-10 0.1217747607731D-10
 0.1237043158586D-10 0.1256683229455D-10 0.1276674661434D-10 0.1297024535532D-10
 0.1317739975152D-10 0.1338828297329D-10 0.1360297049421D-10 0.1382153887878D-10
 0.1404406651145D-10 0.1427063256584D-10 0.1450131997862D-10 0.1473621116776D-10
 0.1497539231731D-10 0.1521895002981D-10 0.1546697417883D-10 0.1571955499749D-10
 0.1597678647900D-10 0.1623876333381D-10 0.1650558335010D-10 0.1677734542629D-10
 0.1705415120972D-10 0.1733610522051D-10 0.1762331331611D-10 0.1791588368477D-10
 0.1821392818659D-10 0.1851755968046D-10 0.1882689403541D-10 0.1914205033295D-10
 0.1946314972039D-10 0.1979031621560D-10 0.2012367593192D-10 0.2046335870111D-10
 0.2080949752684D-10 0.2116222706989D-10 0.2152168668754D-10 0.2188801692653D-10
 0.2226136360923D-10 0.2264187398993D-10 0.2302969971840D-10 0.2342499567716D-10
 0.2382792021080D-10 0.2423863504263D-10 0.2465730528932D-10 0.2508410110679D-10
 0.2551919522794D-10 0.2596276431729D-10 0.2641498989916D-10 0.2687605679403D-10
 0.2734615464352D-10 0.2782547722200D-10 0.2831422189092D-10 0.2881259200952D-10
 0.2932079536445D-10 0.2983904242298D-10 0.3036755054084D-10 0.3090654208746D-10
 0.3145624314501D-10 0.3201688649388D-10 0.3258870912489D-10 0.3317195335710D-10
 0.3376686798253D-10 0.3437370703695D-10 0.3499273043533D-10 0.3562420405518D-10
 0.3626839867055D-10 0.3692559507727D-10 0.3759607609753D-10 0.3828013304396D-10
 0.3897806462580D-10 0.3969017517667D-10 0.4041677609467D-10 0.4115818729454D-10
 0.4191473454585D-10 0.4268675228944D-10 0.4347458255948D-10 0.4427857386201D-10
 0.4509908520407D-10 0.4593648187502D-10 0.4679113883877D-10 0.4766343934580D-10
 0.4855377492041D-10 0.4946254784015D-10 0.5039016875397D-10 0.5133705669571D-10
 0.5230364231051D-10 0.5329036603064D-10 0.5429767753728D-10 0.5532603780913D-10
 0.5637591942486D-10 0.5744780285940D-10 0.5854218311147D-10 0.5965956536860D-10
 0.6080046730558D-10 0.6196541795922D-10 0.6315495896701D-10 0.6436964504597D-10
 0.6561004289598D-10 0.6687673411382D-10 0.6817031313263D-10 0.6949138664911D-10
 0.7084057976778D-10 0.7221852783741D-10 0.7362588366950D-10 0.7506331455131D-10
 0.7653150420814D-10 0.7803115247903D-10 0.7956297432666D-10 0.8112770260498D-10
 0.8272608901188D-10 0.8435889817917D-10 0.8602691814734D-10 0.8773095203322D-10
 0.8947182466057D-10 0.9125037823701D-10 0.9306747453771D-10 0.9492399901901D-10
 0.9682085304907D-10 0.9875896336924D-10 0.1007392784623D-09 0.1027627677448D-09
 0.1048304219845D-09 0.1069432581869D-09 0.1091023189185D-09 0.1113086674859D-09
 0.1135633954895D-09 0.1158676164464D-09 0.1182224774453D-09 0.1206291438454D-09
 0.1230888182457D-09 0.1256027224569D-09 0.1281721149773D-09 0.1307982800797D-09
 0.1334825336561D-09 0.1362262224387D-09 0.1390307256996D-09 0.1418974564576D-09
 0.1448278598511D-09 0.1478234180155D-09 0.1508856426594D-09 0.1540160899246D-09
 0.1572163460592D-09 0.1604880371038D-09 0.1638328298480D-09 0.1672524299748D-09
 0.1707485833730D-09 0.1743230770523D-09 0.1779777412864D-09 0.1817144534022D-09
 0.1855351274682D-09 0.1894417322750D-09 0.1934362796309D-09 0.1975208283488D-09
 0.2016974888862D-09 0.2059684210038D-09 0.2103358367478D-09 0.2148020030872D-09
 0.2193692353249D-09 0.2240399098438D-09 0.2288164606099D-09 0.2337013742697D-09
 0.2386972021961D-09 0.2438065568301D-09 0.2490321065790D-09 0.2543765966597D-09
 0.2598428274943D-09 0.2654336692866D-09 0.2711520619378D-09 0.2770010183831D-09
 0.2829836198766D-09 0.2891030224177D-09 0.2953624641405D-09 0.3017652516002D-09
 0.3083147743008D-09 0.3150145089489D-09 0.3218680074199D-09 0.3288789147689D-09
 0.3360509566256D-09 0.3433879542455D-09 0.3508938164653D-09 0.3585725489647D-09
 0.3664282592287D-09 0.3744651405414D-09 0.3826874971785D-09 0.3910997343560D-09
 0.3997063665084D-09 0.4085120104052D-09 0.4175213999972D-09 0.4267393857521D-09
 0.4361709251503D-09 0.4458211020978D-09 0.4556951257695D-09 0.4657983275574D-09
 0.4761361685412D-09 0.4867142371642D-09 0.4975382651832D-09 0.5086141186579D-09
 0.5199478024905D-09 0.5315454732534D-09 0.5434134284546D-09 0.5555581259016D-09
 0.5679861758887D-09 0.5807043492744D-09 0.5937195799999D-09 0.6070389632102D-09
 0.6206697835627D-09 0.6346194874017D-09 0.6488957017802D-09 0.6635062428672D-09
 0.6784591166479D-09 0.6937625170461D-09 0.7094248475262D-09 0.7254547038332D-09
 0.7418608944713D-09 0.7586524422023D-09 0.7758385935002D-09 0.7934288019025D-09
 0.8114327675215D-09 0.8298604238445D-09 0.8487219323415D-09 0.8680277115008D-09
 0.8877884360330D-09 0.9080150275208D-09 0.9287186823649D-09 0.9499108669738D-09
 0.9716033236394D-09 0.9938080759608D-09 0.1016537448586D-08 0.1039804057855D-08
 0.1063620828964D-08 0.1088001006309D-08 0.1112958143402D-08 0.1138506136486D-08
 0.1164659215562D-08 0.1191431942182D-08 0.1218839250352D-08 0.1246896433865D-08
 0.1275619147627D-08 0.1305023437004D-08 0.1335125728703D-08 0.1365942857570D-08
 0.1397492066030D-08 0.1429791017357D-08 0.1462857786294D-08 0.1496710915617D-08
 0.1531369377467D-08 0.1566852620884D-08 0.1603180554246D-08 0.1640373570896D-08
 0.1678452568644D-08 0.1717438958797D-08 0.1757354650823D-08 0.1798222114502D-08
 0.1840064346761D-08 0.1882904911960D-08 0.1926767948367D-08 0.1971678185995D-08
 0.2017660941401D-08 0.2064742163772D-08 0.2112948426823D-08 0.2162306953172D-08
 0.2212845629371D-08 0.2264593007986D-08 0.2317578375437D-08 0.2371831672513D-08
 0.2427383620008D-08 0.2484265666054D-08 0.2542510028922D-08 0.2602149702626D-08
 0.2663218503444D-08 0.2725751058645D-08 0.2789782838340D-08 0.2855350177150D-08
 0.2922490309754D-08 0.2991241362150D-08 0.3061642397520D-08 0.3133733430561D-08
 0.3207555432973D-08 0.3283150428498D-08 0.3360561390913D-08 0.3439832410318D-08
 0.3521008602305D-08 0.3604136214020D-08 0.3689262603908D-08 0.3776436295022D-08
 0.3865706991738D-08 0.3957125606904D-08 0.4050744286733D-08 0.4146616489921D-08
 0.4244796927739D-08 0.4345341668478D-08 0.4448308160604D-08 0.4553755237060D-08
 0.4661743171851D-08 0.4772333717315D-08 0.4885590125310D-08 0.5001577186843D-08
 0.5120361279665D-08 0.5242010419399D-08 0.5366594234362D-08 0.5494184113946D-08
 0.5624853159037D-08 0.5758676239931D-08 0.5895730084506D-08 0.6036093264746D-08
 0.6179846309233D-08 0.6327071677508D-08 0.6477853881939D-08 0.6632279443421D-08
 0.6790437054138D-08 0.6952417524696D-08 0.7118313927249D-08 0.7288221576371D-08
 0.7462238112731D-08 0.7640463597006D-08 0.7823000497521D-08 0.8009953792925D-08
 0.8201431062192D-08 0.8397542463491D-08 0.8598400883417D-08 0.8804121930810D-08
 0.9014824099828D-08 0.9230628727113D-08 0.9451660099822D-08 0.9678045612087D-08
 0.9909915730575D-08 0.1014740410977D-07 0.1039064765478D-07 0.1063978667885D-07
 0.1089496486154D-07 0.1115632941926D-07 0.1142403117634D-07 0.1169822462604D-07
 0.1197906807789D-07 0.1226672365180D-07 0.1256135748361D-07 0.1286313975722D-07
 0.1317224479546D-07 0.1348885123322D-07 0.1381314202145D-07 0.1414530463318D-07
 0.1448553108375D-07 0.1483401809466D-07 0.1519096726303D-07 0.1555658499841D-07
 0.1593108288734D-07 0.1631467759901D-07 0.1670759116852D-07 0.1711005099991D-07
 0.1752229010175D-07 0.1794454718200D-07 0.1837706681842D-07 0.1882009948084D-07
 0.1927390188112D-07 0.1973873690947D-07 0.2021487401163D-07 0.2070258912357D-07
 0.2120216495008D-07 0.2171389118276D-07 0.2223806454040D-07 0.2277498900115D-07
 0.2332497603145D-07 0.2388834469660D-07 0.2446542190526D-07 0.2505654249094D-07
 0.2566204958146D-07 0.2628229464112D-07 0.2691763778583D-07 0.2756844789145D-07
 0.2823510293911D-07 0.2891799010855D-07 0.2961750611489D-07 0.3033405733053D-07
 0.3106806012590D-07 0.3181994106746D-07 0.3259013715104D-07 0.3337909607890D-07
 0.3418727657299D-07 0.3501514851494D-07 0.3586319333702D-07 0.3673190432571D-07
 0.3762178672375D-07 0.3853335831349D-07 0.3946714940557D-07 0.4042370343945D-07
 0.4140357709938D-07 0.4240734075819D-07 0.4343557870487D-07 0.4448888963925D-07
 0.4556788690382D-07 0.4667319882901D-07 0.4780546923299D-07 0.4896535763851D-07
 0.5015353980191D-07 0.5137070805746D-07 0.5261757167819D-07 0.5389485729515D-07
 0.5520330947736D-07 0.5654369099196D-07 0.5791678326379D-07 0.5932338700564D-07
 0.6076432245045D-07 0.6224043006463D-07 0.6375257092727D-07 0.6530162710703D-07
 0.6688850251842D-07 0.6851412308455D-07 0.7017943764820D-07 0.7188541813526D-07
 0.7363306046357D-07 0.7542338493990D-07 0.7725743701983D-07 0.7913628764082D-07
 0.8106103427001D-07 0.8303280119162D-07 0.8505274025424D-07 0.8712203170772D-07
 0.8924188476962D-07 0.9141353837468D-07 0.9363826184632D-07 0.9591735570560D-07
 0.9825215258667D-07 0.1006440175525D-06 0.1030943495541D-06 0.1056045816934D-06
 0.1081761825474D-06 0.1108106565081D-06 0.1135095451320D-06 0.1162744279363D-06
 0.1191069232108D-06 0.1220086890147D-06 0.1249814242575D-06 0.1280268696657D-06
 0.1311468087972D-06 0.1343430689885D-06 0.1376175226936D-06 0.1409720884699D-06
 0.1444087320044D-06 0.1479294674626D-06 0.1515363585545D-06 0.1552315199876D-06
 0.1590171182626D-06 0.1628953736204D-06 0.1668685607573D-06 0.1709390105107D-06
 0.1751091111712D-06 0.1793813099862D-06 0.1837581144110D-06 0.1882420938960D-06
 0.1928358811597D-06 0.1975421739049D-06 0.2023637364083D-06 0.2073034011936D-06
 0.2123640708504D-06 0.2175487192855D-06 0.2228603941224D-06 0.2283022182110D-06
 0.2338773916456D-06 0.2395891933290D-06 0.2454409834991D-06 0.2514362053276D-06
 0.2575783872187D-06 0.2638711447022D-06 0.2703181829626D-06 0.2769232987183D-06
 0.2836903828197D-06 0.2906234222871D-06 0.2977265029622D-06 0.3050038120471D-06
 0.3124596402210D-06 0.3200983846948D-06 0.3279245518432D-06 0.3359427594587D-06
 0.3441577403244D-06 0.3525743442471D-06 0.3611975417553D-06 0.3700324267556D-06
 0.3790842194830D-06 0.3883582702162D-06 0.3978600621284D-06 0.4075952146584D-06
 0.4175694871592D-06 0.4277887821143D-06 0.4382591493248D-06 0.4489867888859D-06
 0.4599780556326D-06 0.4712394627967D-06 0.4827776859227D-06 0.4945995670768D-06
 0.5067121192138D-06 0.5191225303222D-06 0.5318381680640D-06 0.5448665841566D-06
 0.5582155191650D-06 0.5718929073044D-06 0.5859068815473D-06 0.6002657782499D-06
 0.6149781428209D-06 0.6300527351225D-06 0.6454985342764D-06 0.6613247451668D-06
 0.6775408036541D-06 0.6941563829857D-06 0.7111813991270D-06 0.7286260179676D-06
 0.7465006611545D-06 0.7648160127511D-06 0.7835830264329D-06 0.8028129319835D-06
 0.8225172426980D-06 0.8427077626627D-06 0.8633965945505D-06 0.8845961469465D-06
 0.9063191426543D-06 0.9285786268954D-06 0.9513879758831D-06 0.9747609045932D-06
 0.9987114771875D-06 0.1023254114727D-05 0.1048403605451D-05 0.1074175114246D-05
 0.1100584192021D-05 0.1127646787075D-05 0.1155379254310D-05 0.1183798366928D-05
 0.1212921327682D-05 0.1242765779007D-05 0.1273349816341D-05 0.1304691999418D-05
 0.1336811364413D-05 0.1369727437578D-05 0.1403460247375D-05 0.1438030339153D-05
 0.1473458788151D-05 0.1509767214110D-05 0.1546977796390D-05 0.1585113288436D-05
 0.1624197034381D-05 0.1664252983912D-05 0.1705305710027D-05 0.1747380425128D-05
 0.1790502999665D-05 0.1834699978949D-05 0.1879998602448D-05 0.1926426823676D-05
 0.1974013328456D-05 0.2022787556448D-05 0.2072779722230D-05 0.2124020835451D-05
 0.2176542725572D-05 0.2230378062315D-05 0.2285560381264D-05 0.2342124107434D-05
 0.2400104580493D-05 0.2459538080656D-05 0.2520461856629D-05 0.2582914151745D-05
 0.2646934232973D-05 0.2712562421120D-05 0.2779840120231D-05 0.2848809849061D-05
 0.2919515274823D-05 0.2992001244427D-05 0.3066313820447D-05 0.3142500316864D-05
 0.3220609334937D-05 0.3300690801438D-05 0.3382796009267D-05 0.3466977656552D-05
 0.3553289888201D-05 0.3641788341532D-05 0.3732530188593D-05 0.3825574184253D-05
 0.3920980713740D-05 0.4018811840847D-05 0.4119131361584D-05 0.4222004855164D-05
 0.4327499740483D-05 0.4435685330849D-05 0.4546632895657D-05 0.4660415719007D-05
 0.4777109162542D-05 0.4896790733639D-05 0.5019540149330D-05 0.5145439408623D-05
 0.5274572864351D-05 0.5407027298313D-05 0.5542892000445D-05 0.5682258846906D-05
 0.5825222386759D-05 0.5971879927957D-05 0.6122331626046D-05 0.6276680579948D-05
 0.6435032927196D-05 0.6597497946051D-05 0.6764188158452D-05 0.6935219439695D-05
 0.7110711131462D-05 0.7290786157197D-05 0.7475571145328D-05 0.7665196554434D-05
 0.7859796806185D-05 0.8059510419130D-05 0.8264480152749D-05 0.8474853155211D-05
 0.8690781112844D-05 0.8912420415614D-05 0.9139932318630D-05 0.9373483116676D-05
 0.9613244323842D-05 0.9859392859765D-05 0.1011211124647D-04 0.1037158780898D-04
 0.1063801688832D-04 0.1091159906109D-04 0.1119254136961D-04 0.1148105756033D-04
 0.1177736833476D-04 0.1208170160694D-04 0.1239429277717D-04 0.1271538501372D-04
 0.1304522954875D-04 0.1338408598636D-04 0.1373222262161D-04 0.1408991678129D-04
 0.1445745517022D-04 0.1483513423858D-04 0.1522326056697D-04 0.1562215126236D-04
 0.1603213437690D-04 0.1645354934747D-04 0.1688674744903D-04 0.1733209227385D-04
 0.1778996023087D-04 0.1826074106867D-04 0.1874483842061D-04 0.1924267038119D-04
 0.1975467010144D-04 0.2028128641898D-04 0.2082298451676D-04 0.2138024660842D-04
 0.2195357266226D-04 0.2254348116009D-04 0.2315050988398D-04 0.2377521675663D-04
 0.2441818070666D-04 0.2508000258600D-04 0.2576130613247D-04 0.2646273897536D-04
 0.2718497369414D-04 0.2792870892822D-04 0.2869467054823D-04 0.2948361287574D-04
 0.3029631997741D-04 0.3113360701434D-04 0.3199632166854D-04 0.3288534563815D-04
 0.3380159621184D-04 0.3474602792457D-04 0.3571963430199D-04 0.3672344969147D-04
 0.3775855119814D-04 0.3882606071288D-04 0.3992714706081D-04 0.4106302825095D-04
 0.4223497386121D-04 0.4344430754242D-04 0.4469240966131D-04 0.4598072009151D-04
 0.4731074115221D-04 0.4868404071218D-04 0.5010225546756D-04 0.5156709440046D-04
 0.5308034242735D-04 0.5464386426318D-04 0.5625960849381D-04 0.5792961188671D-04
 0.5965600394561D-04 0.6144101172958D-04 0.6328696494426D-04 0.6519630133666D-04
 0.6717157240351D-04 0.6921544942374D-04 0.7133072986778D-04 0.7352034416415D-04
 0.7578736288614D-04 0.7813500436110D-04 0.8056664274072D-04 0.8308581655820D-04
 0.8569623780810D-04 0.8840180158180D-04 0.9120659629542D-04 0.9411491454814D-04
 0.9713126466220D-04 0.1002603829374D-03 0.1035072466769D-03 0.1068770880454D-03
 0.1103754087948D-03 0.1140079959404D-03 0.1177809384380D-03 0.1217006449509D-03
 0.1257738627526D-03 0.1300076978761D-03 0.1344096365932D-03 0.1389875682982D-03
 0.1437498099154D-03 0.1487051319554D-03 0.1538627862930D-03 0.1592325358483D-03
 0.1648246862720D-03 0.1706501197984D-03 0.1767203314292D-03 0.1830474676190D-03
 0.1896443676504D-03 0.1965246079043D-03 0.2037025492484D-03 0.2111933877788D-03
 0.2190132091713D-03 0.2271790469351D-03 0.2357089448538D-03 0.2446220239641D-03
 0.2539385544088D-03 0.2636800325647D-03 0.2738692638699D-03 0.2845304517920D-03
 0.2956892934442D-03 0.3073730823993D-03 0.3196108192589D-03 0.3324333306536D-03
 0.3458733973517D-03 0.3599658922153D-03 0.3747479288862D-03 0.3902590220248D-03
 0.4065412601577D-03 0.4236394921645D-03 0.4416015285725D-03 0.4604783589574D-03
 0.4803243868453D-03 0.5011976836174D-03 0.5231602631187D-03 0.5462783787880D-03
 0.5706228453071D-03 0.5962693869619D-03 0.6232990151426D-03 0.6517984375805D-03
 0.6818605022573D-03 0.7135846791335D-03 0.7470775832075D-03 0.7824535427196D-03
 0.8198352167433D-03 0.8593542667842D-03 0.9011520875014D-03 0.9453806021829D-03
 0.9922031291792D-03 0.1041795326101D-02 0.1094346219363D-02 0.1150059327384D-02
 0.1209153886617D-02 0.1271866190611D-02 0.1338451053302D-02 0.1409183408977D-02
 0.1484360062686D-02 0.1564301606304D-02 0.1649354517172D-02 0.1739893458013D-02
 0.1836323798926D-02 0.1939084384514D-02 0.2048650571755D-02 0.2165537567151D-02
 0.2290304094759D-02 0.2423556430416D-02 0.2565952841375D-02 0.2718208475097D-02
 0.2881100745927D-02 0.3055475274086D-02 0.3242252437619D-02 0.3442434605132D-02
 0.3657114125077D-02 0.3887482156279D-02 0.4134838434506D-02 0.4400602081255D-02
 0.4686323573532D-02 0.4993698008031D-02 0.5324579809082D-02 0.5680999048274D-02
 0.6065179563985D-02 0.6479559092777D-02 0.6926811650508D-02 0.7409872431249D-02
 0.7931965525380D-02 0.8496634796673D-02 0.9107778301353D-02 0.9769686680834D-02
 0.1048708601582D-01 0.1126518569199D-01 0.1210973189924D-01 0.1302706746788D-01
 0.1402419883697D-01 0.1510887105547D-01 0.1628965183625D-01 0.1757602581840D-01
 0.1897850034891D-01 0.2050872427063D-01 0.2217962140456D-01 0.2400554064415D-01
 0.2600242484059D-01 0.2818800095696D-01 0.3058199431068D-01 0.3320637011219D-01
 0.3608560595492D-01 0.3924699941962D-01 0.4272101553909D-01 0.4654167953585D-01
 0.5074702100773D-01 0.5537957660971D-01 0.6048695927950D-01 0.6612250319861D-01
 0.7234599499305D-01 0.7922450317704D-01 0.8683331956389D-01 0.9525702833766D-01
 0.1045907207351D+00 0.1149413758663D+00 0.1264294311683D+00 0.1391905757433D+00
 0.1533777668593D+00 0.1689348075077D+00 0.1857559134525D+00 0.2039402889145D+00
 0.2235961566681D+00 0.2448416402091D+00 0.2678057382186D+00 0.2926294012174D+00
 0.3194667213885D+00 0.3484862477437D+00 0.3798724401454D+00 0.4138272771680D+00
 0.4505720344246D+00 0.4903492518093D+00 0.5334249101012D+00 0.5800908396392D+00
 0.6306673862404D+00 0.6855063622775D+00 0.7449943139079D+00 0.8095561387906D+00
 0.8796590923998D+00 0.9558172251895D+00 0.1038596297463D+01 0.1128619223886D+01
 0.1226572105280D+01 0.1333210911515D+01 0.1449368886324D+01 0.1575964752508D+01
 0.1714011804452D+01 0.1864627984417D+01
    0    0
