 nspin  vdif :::::: Potentials for non-spin-polarized non-relativistic Va.      
    1   0.0000000000000D+00
 LSMS:           Va     z=  0.    xvalws=   0.13485
   0.                      2.65165   0. 0.2551299395533D+00
                 -0.1113096740000D+02 0.9751822497023D+00 1001 1030
 0.2113787170771D-04 0.2140659385526D-04 0.2167867417190D-04 0.2195415414737D-04
 0.2223305571972D-04 0.2251540194170D-04 0.2280123660953D-04 0.2309060397704D-04
 0.2338354881472D-04 0.2368011644139D-04 0.2398035265019D-04 0.2428430375378D-04
 0.2459201662825D-04 0.2490353868835D-04 0.2521891789391D-04 0.2553820276381D-04
 0.2586144235218D-04 0.2618868633323D-04 0.2651998493298D-04 0.2685538897128D-04
 0.2719494988614D-04 0.2753871967114D-04 0.2788675099493D-04 0.2823909711513D-04
 0.2859581191632D-04 0.2895694991863D-04 0.2932256632335D-04 0.2969271693865D-04
 0.3006745829651D-04 0.3044684754280D-04 0.3083094253425D-04 0.3121980183050D-04
 0.3161348466479D-04 0.3201205099304D-04 0.3241556149841D-04 0.3282407757304D-04
 0.3323766136778D-04 0.3365637573783D-04 0.3408028434162D-04 0.3450945158015D-04
 0.3494394265483D-04 0.3538382351273D-04 0.3582916091816D-04 0.3628002244179D-04
 0.3673647646053D-04 0.3719859220550D-04 0.3766643966977D-04 0.3814008980043D-04
 0.3861961431759D-04 0.3910508585546D-04 0.3959657787369D-04 0.4009416476956D-04
 0.4059792185745D-04 0.4110792529849D-04 0.4162425224935D-04 0.4214698070852D-04
 0.4267618972910D-04 0.4321195924684D-04 0.4375437019567D-04 0.4430350448286D-04
 0.4485944503612D-04 0.4542227572906D-04 0.4599208149003D-04 0.4656894831596D-04
 0.4715296321012D-04 0.4774421419871D-04 0.4834279044728D-04 0.4894878215605D-04
 0.4956228061512D-04 0.5018337828830D-04 0.5081216868659D-04 0.5144874647660D-04
 0.5209320752239D-04 0.5274564883911D-04 0.5340616853211D-04 0.5407486601229D-04
 0.5475184187356D-04 0.5543719789079D-04 0.5613103708763D-04 0.5683346377507D-04
 0.5754458351496D-04 0.5826450316105D-04 0.5899333080831D-04 0.5973117599003D-04
 0.6047814944404D-04 0.6123436329272D-04 0.6199993107519D-04 0.6277496767835D-04
 0.6355958933904D-04 0.6435391374841D-04 0.6515806008952D-04 0.6597214890028D-04
 0.6679630223513D-04 0.6763064355690D-04 0.6847529800225D-04 0.6933039204273D-04
 0.7019605378153D-04 0.7107241288887D-04 0.7195960055097D-04 0.7285774962600D-04
 0.7376699451429D-04 0.7468747129195D-04 0.7561931771220D-04 0.7656267314898D-04
 0.7751767871809D-04 0.7848447718084D-04 0.7946321317061D-04 0.8045403293142D-04
 0.8145708458265D-04 0.8247251797739D-04 0.8350048485330D-04 0.8454113876231D-04
 0.8559463512772D-04 0.8666113125870D-04 0.8774078638342D-04 0.8883376163166D-04
 0.8994022019437D-04 0.9106032710732D-04 0.9219424952313D-04 0.9334215657739D-04
 0.9450421946192D-04 0.9568061147180D-04 0.9687150800739D-04 0.9807708653858D-04
 0.9929752678421D-04 0.1005330106006D-03 0.1017837220685D-03 0.1030498474922D-03
 0.1043315754500D-03 0.1056290968202D-03 0.1069426047710D-03 0.1082722948564D-03
 0.1096183649799D-03 0.1109810154681D-03 0.1123604490919D-03 0.1137568710181D-03
 0.1151704889893D-03 0.1166015132910D-03 0.1180501566131D-03 0.1195166344076D-03
 0.1210011646097D-03 0.1225039679944D-03 0.1240252676919D-03 0.1255652899042D-03
 0.1271242633015D-03 0.1287024195520D-03 0.1302999929736D-03 0.1319172207641D-03
 0.1335543431157D-03 0.1352116029807D-03 0.1368892463679D-03 0.1385875222387D-03
 0.1403066825970D-03 0.1420469825091D-03 0.1438086800807D-03 0.1455920366289D-03
 0.1473973166218D-03 0.1492247877095D-03 0.1510747208303D-03 0.1529473902411D-03
 0.1548430734590D-03 0.1567620513973D-03 0.1587046084110D-03 0.1606710322867D-03
 0.1626616142753D-03 0.1646766492697D-03 0.1667164355643D-03 0.1687812752958D-03
 0.1708714741452D-03 0.1729873414973D-03 0.1751291905138D-03 0.1772973381567D-03
 0.1794921053176D-03 0.1817138166857D-03 0.1839628008931D-03 0.1862393906638D-03
 0.1885439226264D-03 0.1908767376356D-03 0.1932381806129D-03 0.1956286006465D-03
 0.1980483511039D-03 0.2004977896869D-03 0.2029772782907D-03 0.2054871834301D-03
 0.2080278758868D-03 0.2105997310296D-03 0.2132031287778D-03 0.2158384536737D-03
 0.2185060948575D-03 0.2212064463161D-03 0.2239399067437D-03 0.2267068796861D-03
 0.2295077736278D-03 0.2323430019285D-03 0.2352129831161D-03 0.2381181407200D-03
 0.2410589033119D-03 0.2440357048837D-03 0.2470489845093D-03 0.2500991868039D-03
 0.2531867615141D-03 0.2563121640959D-03 0.2594758553017D-03 0.2626783018350D-03
 0.2659199757093D-03 0.2692013548489D-03 0.2725229229891D-03 0.2758851696311D-03
 0.2792885904602D-03 0.2827336868435D-03 0.2862209665581D-03 0.2897509433580D-03
 0.2933241373301D-03 0.2969410749170D-03 0.3006022887379D-03 0.3043083182188D-03
 0.3080597091198D-03 0.3118570138496D-03 0.3157007915668D-03 0.3195916082772D-03
 0.3235300367337D-03 0.3275166567930D-03 0.3315520553046D-03 0.3356368262783D-03
 0.3397715708660D-03 0.3439568975333D-03 0.3481934222738D-03 0.3524817684353D-03
 0.3568225669664D-03 0.3612164566322D-03 0.3656640837305D-03 0.3701661025097D-03
 0.3747231753453D-03 0.3793359722848D-03 0.3840051719913D-03 0.3887314609467D-03
 0.3935155343433D-03 0.3983580955323D-03 0.4032598566269D-03 0.4082215382711D-03
 0.4132438699511D-03 0.4183275899885D-03 0.4234734456873D-03 0.4286821934540D-03
 0.4339545988389D-03 0.4392914368073D-03 0.4446934917062D-03 0.4501615573472D-03
 0.4556964373129D-03 0.4612989448612D-03 0.4669699032818D-03 0.4727101456523D-03
 0.4785205153998D-03 0.4844018661842D-03 0.4903550619307D-03 0.4963809771188D-03
 0.5024804969649D-03 0.5086545173793D-03 0.5149039451286D-03 0.5212296980609D-03
 0.5276327051779D-03 0.5341139069225D-03 0.5406742548888D-03 0.5473147125271D-03
 0.5540362548274D-03 0.5608398688411D-03 0.5677265534080D-03 0.5746973196028D-03
 0.5817531909199D-03 0.5888952031331D-03 0.5961244047902D-03 0.6034418569968D-03
 0.6108486340242D-03 0.6183458229926D-03 0.6259345243584D-03 0.6336158519895D-03
 0.6413909332758D-03 0.6492609092937D-03 0.6572269351142D-03 0.6652901798001D-03
 0.6734518266245D-03 0.6817130732064D-03 0.6900751319914D-03 0.6985392299077D-03
 0.7071066089670D-03 0.7157785263046D-03 0.7245562542173D-03 0.7334410806805D-03
 0.7424343092245D-03 0.7515372593564D-03 0.7607512665089D-03 0.7700776824237D-03
 0.7795178753372D-03 0.7890732301952D-03 0.7987451486230D-03 0.8085350495591D-03
 0.8184443689785D-03 0.8284745605624D-03 0.8386270953986D-03 0.8489034628459D-03
 0.8593051701629D-03 0.8698337429088D-03 0.8804907254974D-03 0.8912776808944D-03
 0.9021961911334D-03 0.9132478576706D-03 0.9244343012129D-03 0.9357571624942D-03
 0.9472181020111D-03 0.9588188005370D-03 0.9705609593162D-03 0.9824463003956D-03
 0.9944765665840D-03 0.1006653522136D-02 0.1018978952749D-02 0.1031454665628D-02
 0.1044082490477D-02 0.1056864278745D-02 0.1069801904719D-02 0.1082897265528D-02
 0.1096152281262D-02 0.1109568895552D-02 0.1123149075512D-02 0.1136894812571D-02
 0.1150808121843D-02 0.1164891043506D-02 0.1179145642304D-02 0.1193574008253D-02
 0.1208178256763D-02 0.1222960529082D-02 0.1237922992410D-02 0.1253067840448D-02
 0.1268397293629D-02 0.1283913599281D-02 0.1299619032314D-02 0.1315515895160D-02
 0.1331606518438D-02 0.1347893261010D-02 0.1364378510678D-02 0.1381064684110D-02
 0.1397954227513D-02 0.1415049616874D-02 0.1432353358433D-02 0.1449867988716D-02
 0.1467596075337D-02 0.1485540217159D-02 0.1503703044701D-02 0.1522087220537D-02
 0.1540695439539D-02 0.1559530429540D-02 0.1578594951592D-02 0.1597891800313D-02
 0.1617423804454D-02 0.1637193827076D-02 0.1657204766364D-02 0.1677459555369D-02
 0.1697961163422D-02 0.1718712595653D-02 0.1739716893791D-02 0.1760977136889D-02
 0.1782496441054D-02 0.1804277960937D-02 0.1826324889099D-02 0.1848640457277D-02
 0.1871227936467D-02 0.1894090637522D-02 0.1917231911567D-02 0.1940655150732D-02
 0.1964363788340D-02 0.1988361299349D-02 0.2012651201478D-02 0.2037237054919D-02
 0.2062122463355D-02 0.2087311074430D-02 0.2112806580132D-02 0.2138612717467D-02
 0.2164733268882D-02 0.2191172063029D-02 0.2217932975113D-02 0.2245019927575D-02
 0.2272436890539D-02 0.2300187882711D-02 0.2328276971315D-02 0.2356708273701D-02
 0.2385485956944D-02 0.2414614239089D-02 0.2444097389373D-02 0.2473939729183D-02
 0.2504145632475D-02 0.2534719526640D-02 0.2565665892716D-02 0.2596989266476D-02
 0.2628694239113D-02 0.2660785457380D-02 0.2693267624954D-02 0.2726145502593D-02
 0.2759423909200D-02 0.2793107722243D-02 0.2827201878757D-02 0.2861711375643D-02
 0.2896641271094D-02 0.2931996684387D-02 0.2967782797688D-02 0.3004004855808D-02
 0.3040668167805D-02 0.3077778107246D-02 0.3115340113204D-02 0.3153359690950D-02
 0.3191842412680D-02 0.3230793918825D-02 0.3270219918326D-02 0.3310126189389D-02
 0.3350518581132D-02 0.3391403013526D-02 0.3432785478749D-02 0.3474672042051D-02
 0.3517068842368D-02 0.3559982093739D-02 0.3603418085598D-02 0.3647383184141D-02
 0.3691883832898D-02 0.3736926554192D-02 0.3782517949531D-02 0.3828664701040D-02
 0.3875373572024D-02 0.3922651408426D-02 0.3970505139246D-02 0.4018941778211D-02
 0.4067968424158D-02 0.4117592262684D-02 0.4167820566896D-02 0.4218660698113D-02
 0.4270120107775D-02 0.4322206337775D-02 0.4374927022110D-02 0.4428289887599D-02
 0.4482302755156D-02 0.4536973541016D-02 0.4592310257907D-02 0.4648321015993D-02
 0.4705014024370D-02 0.4762397592065D-02 0.4820480129223D-02 0.4879270148649D-02
 0.4938776266584D-02 0.4999007204310D-02 0.5059971789454D-02 0.5121678956979D-02
 0.5184137750793D-02 0.5247357324968D-02 0.5311346945004D-02 0.5376115989280D-02
 0.5441673950450D-02 0.5508030436577D-02 0.5575195173223D-02 0.5643178003918D-02
 0.5711988892200D-02 0.5781637923216D-02 0.5852135304730D-02 0.5923491368837D-02
 0.5995716573563D-02 0.6068821504122D-02 0.6142816875118D-02 0.6217713531041D-02
 0.6293522448949D-02 0.6370254739251D-02 0.6447921648053D-02 0.6526534558052D-02
 0.6606104990897D-02 0.6686644608395D-02 0.6768165214366D-02 0.6850678756565D-02
 0.6934197328031D-02 0.7018733169540D-02 0.7104298670347D-02 0.7190906371000D-02
 0.7278568964757D-02 0.7367299299376D-02 0.7457110379076D-02 0.7548015366634D-02
 0.7640027585073D-02 0.7733160519491D-02 0.7827427819579D-02 0.7922843300969D-02
 0.8019420947641D-02 0.8117174914120D-02 0.8216119527082D-02 0.8316269287670D-02
 0.8417638873874D-02 0.8520243142225D-02 0.8624097130291D-02 0.8729216058832D-02
 0.8835615334037D-02 0.8943310549495D-02 0.9052317488977D-02 0.9162652128409D-02
 0.9274330638300D-02 0.9387369385962D-02 0.9501784938304D-02 0.9617594063787D-02
 0.9734813735294D-02 0.9853461132291D-02 0.9973553643551D-02 0.1009510886954D-01
 0.1021814462523D-01 0.1034267894242D-01 0.1046873007266D-01 0.1059631648979D-01
 0.1072545689240D-01 0.1085617020707D-01 0.1098847559100D-01 0.1112239243432D-01
 0.1125794036355D-01 0.1139513924442D-01 0.1153400918424D-01 0.1167457053539D-01
 0.1181684389824D-01 0.1196085012375D-01 0.1210661031717D-01 0.1225414584070D-01
 0.1240347831645D-01 0.1255462963021D-01 0.1270762193412D-01 0.1286247765026D-01
 0.1301921947360D-01 0.1317787037559D-01 0.1333845360746D-01 0.1350099270378D-01
 0.1366551148545D-01 0.1383203406355D-01 0.1400058484305D-01 0.1417118852585D-01
 0.1434387011489D-01 0.1451865491749D-01 0.1469556854920D-01 0.1487463693750D-01
 0.1505588632585D-01 0.1523934327706D-01 0.1542503467756D-01 0.1561298774125D-01
 0.1580323001329D-01 0.1599578937455D-01 0.1619069404517D-01 0.1638797258921D-01
 0.1658765391850D-01 0.1678976729692D-01 0.1699434234481D-01 0.1720140904320D-01
 0.1741099773821D-01 0.1762313914565D-01 0.1783786435514D-01 0.1805520483531D-01
 0.1827519243758D-01 0.1849785940147D-01 0.1872323835934D-01 0.1895136234040D-01
 0.1918226477664D-01 0.1941597950686D-01 0.1965254078200D-01 0.1989198327018D-01
 0.2013434206161D-01 0.2037965267391D-01 0.2062795105713D-01 0.2087927359921D-01
 0.2113365713107D-01 0.2139113893217D-01 0.2165175673610D-01 0.2191554873568D-01
 0.2218255358914D-01 0.2245281042517D-01 0.2272635884899D-01 0.2300323894834D-01
 0.2328349129873D-01 0.2356715697008D-01 0.2385427753227D-01 0.2414489506145D-01
 0.2443905214585D-01 0.2473679189274D-01 0.2503815793391D-01 0.2534319443274D-01
 0.2565194609000D-01 0.2596445815097D-01 0.2628077641197D-01 0.2660094722678D-01
 0.2692501751341D-01 0.2725303476169D-01 0.2758504703922D-01 0.2792110299898D-01
 0.2826125188624D-01 0.2860554354620D-01 0.2895402843059D-01 0.2930675760560D-01
 0.2966378275905D-01 0.3002515620828D-01 0.3039093090739D-01 0.3076116045524D-01
 0.3113589910341D-01 0.3151520176377D-01 0.3189912401677D-01 0.3228772211975D-01
 0.3268105301453D-01 0.3307917433667D-01 0.3348214442284D-01 0.3389002232046D-01
 0.3430286779529D-01 0.3472074134104D-01 0.3514370418761D-01 0.3557181831027D-01
 0.3600514643902D-01 0.3644375206713D-01 0.3688769946100D-01 0.3733705366914D-01
 0.3779188053207D-01 0.3825224669173D-01 0.3871821960103D-01 0.3918986753408D-01
 0.3966725959611D-01 0.4015046573326D-01 0.4063955674320D-01 0.4113460428527D-01
 0.4163568089080D-01 0.4214285997417D-01 0.4265621584300D-01 0.4317582370956D-01
 0.4370175970104D-01 0.4423410087163D-01 0.4477292521284D-01 0.4531831166552D-01
 0.4587034013089D-01 0.4642909148285D-01 0.4699464757913D-01 0.4756709127385D-01
 0.4814650642906D-01 0.4873297792724D-01 0.4932659168377D-01 0.4992743465950D-01
 0.5053559487311D-01 0.5115116141417D-01 0.5177422445655D-01 0.5240487527054D-01
 0.5304320623730D-01 0.5368931086165D-01 0.5434328378593D-01 0.5500522080377D-01
 0.5567521887399D-01 0.5635337613494D-01 0.5703979191858D-01 0.5773456676506D-01
 0.5843780243736D-01 0.5914960193619D-01 0.5987006951502D-01 0.6059931069477D-01
 0.6133743228028D-01 0.6208454237444D-01 0.6284075039540D-01 0.6360616709123D-01
 0.6438090455676D-01 0.6516507624988D-01 0.6595879700771D-01 0.6676218306363D-01
 0.6757535206396D-01 0.6839842308537D-01 0.6923151665154D-01 0.7007475475190D-01
 0.7092826085793D-01 0.7179215994194D-01 0.7266657849546D-01 0.7355164454671D-01
 0.7444748768010D-01 0.7535423905456D-01 0.7627203142246D-01 0.7720099914958D-01
 0.7814127823370D-01 0.7909300632508D-01 0.8005632274587D-01 0.8103136851080D-01
 0.8201828634730D-01 0.8301722071611D-01 0.8402831783264D-01 0.8505172568778D-01
 0.8608759406939D-01 0.8713607458405D-01 0.8819732067891D-01 0.8927148766425D-01
 0.9035873273530D-01 0.9145921499554D-01 0.9257309547952D-01 0.9370053717585D-01
 0.9484170505118D-01 0.9599676607387D-01 0.9716588923786D-01 0.9834924558745D-01
 0.9954700824145D-01 0.1007593524188D+00 0.1019864554632D+00 0.1032284968691D+00
 0.1044856583071D+00 0.1057581236509D+00 0.1070460790025D+00 0.1083497127201D+00
 0.1096692154449D+00 0.1110047801278D+00 0.1123566020582D+00 0.1137248788911D+00
 0.1151098106760D+00 0.1165115998853D+00 0.1179304514434D+00 0.1193665727563D+00
 0.1208201737407D+00 0.1222914668543D+00 0.1237806671268D+00 0.1252879921896D+00
 0.1268136623073D+00 0.1283579004094D+00 0.1299209321217D+00 0.1315029857986D+00
 0.1331042925556D+00 0.1347250863022D+00 0.1363656037754D+00 0.1380260845726D+00
 0.1397067711864D+00 0.1414079090387D+00 0.1431297465153D+00 0.1448725350016D+00
 0.1466365289174D+00 0.1484219857536D+00 0.1502291661082D+00 0.1520583337232D+00
 0.1539097555214D+00 0.1557837016448D+00 0.1576804454918D+00 0.1596002637559D+00
 0.1615434364652D+00 0.1635102470203D+00 0.1655009822354D+00 0.1675159323775D+00
 0.1695553912075D+00 0.1716196560210D+00 0.1737090276898D+00 0.1758238107038D+00
 0.1779643132133D+00 0.1801308470722D+00 0.1823237278804D+00 0.1845432750287D+00
 0.1867898117417D+00 0.1890636651237D+00 0.1913651662030D+00 0.1936946499776D+00
 0.1960524554618D+00 0.1984389257317D+00 0.2008544079736D+00 0.2032992535304D+00
 0.2057738179500D+00 0.2082784610338D+00 0.2108135468857D+00 0.2133794439615D+00
 0.2159765251188D+00 0.2186051676676D+00 0.2212657534212D+00 0.2239586687476D+00
 0.2266843046214D+00 0.2294430566766D+00 0.2322353252593D+00 0.2350615154810D+00
 0.2379220372730D+00 0.2408173054407D+00 0.2437477397185D+00 0.2467137648257D+00
 0.2497158105217D+00 0.2527543116637D+00 0.2558297082629D+00 0.2589424455420D+00
 0.2620929739941D+00 0.2652817494403D+00 0.2685092330896D+00 0.2717758915978D+00
 0.2750821971282D+00 0.2784286274118D+00 0.2818156658087D+00 0.2852438013694D+00
 0.2887135288971D+00 0.2922253490105D+00 0.2957797682063D+00 0.2993772989236D+00
 0.3030184596072D+00 0.3067037747723D+00 0.3104337750702D+00 0.3142089973529D+00
 0.3180299847394D+00 0.3218972866819D+00 0.3258114590333D+00 0.3297730641136D+00
 0.3337826707783D+00 0.3378408544861D+00 0.3419481973676D+00 0.3461052882943D+00
 0.3503127229480D+00 0.3545711038905D+00 0.3588810406334D+00 0.3632431497092D+00
 0.3676580547413D+00 0.3721263865157D+00 0.3766487830527D+00 0.3812258896777D+00
 0.3858583590940D+00 0.3905468514549D+00 0.3952920344361D+00 0.4000945833087D+00
 0.4049551810120D+00 0.4098745182265D+00 0.4148532934477D+00 0.4198922130588D+00
 0.4249919914050D+00 0.4301533508666D+00 0.4353770219331D+00 0.4406637432763D+00
 0.4460142618247D+00 0.4514293328368D+00 0.4569097199743D+00 0.4624561953766D+00
 0.4680695397329D+00 0.4737505423563D+00 0.4795000012560D+00 0.4853187232106D+00
 0.4912075238397D+00 0.4971672276765D+00 0.5031986682387D+00 0.5093026881000D+00
 0.5154801389605D+00 0.5217318817166D+00 0.5280587865303D+00 0.5344617328980D+00
 0.5409416097181D+00 0.5474993153580D+00 0.5541357577204D+00 0.5608518543084D+00
 0.5676485322891D+00 0.5745267285575D+00 0.5814873897969D+00 0.5885314725404D+00
 0.5956599432291D+00 0.6028737782701D+00 0.6101739640918D+00 0.6175614971989D+00
 0.6250373842235D+00 0.6326026419767D+00 0.6402582974960D+00 0.6480053880919D+00
 0.6558449613916D+00 0.6637780753804D+00 0.6718057984401D+00 0.6799292093857D+00
 0.6881493974976D+00 0.6964674625522D+00 0.7048845148485D+00 0.7134016752313D+00
 0.7220200751109D+00 0.7307408564791D+00 0.7395651719207D+00 0.7484941846216D+00
 0.7575290683713D+00 0.7666710075617D+00 0.7759211971803D+00 0.7852808427985D+00
 0.7947511605543D+00 0.8043333771292D+00 0.8140287297186D+00 0.8238384659970D+00
 0.8337638440751D+00 0.8438061324503D+00 0.8539666099503D+00 0.8642465656680D+00
 0.8746472988887D+00 0.8851701190087D+00 0.8958163454442D+00 0.9065873075317D+00
 0.9174843444171D+00 0.9285088049353D+00 0.9396620474781D+00 0.9509454398508D+00
 0.9623603591163D+00 0.9739081914264D+00 0.9855903318396D+00 0.9974081841250D+00
 0.1009363160551D+01 0.1021456681656D+01 0.1033690176011D+01 0.1046065079950D+01
 0.1058582837299D+01 0.1071244899073D+01 0.1084052723159D+01 0.1097007773977D+01
 0.1110111522118D+01 0.1123365443957D+01 0.1136771021246D+01 0.1150329740678D+01
 0.1164043093421D+01 0.1177912574631D+01 0.1191939682925D+01 0.1206125919835D+01
 0.1220472789214D+01 0.1234981796618D+01 0.1249654448646D+01 0.1264492252245D+01
 0.1279496713968D+01 0.1294669339195D+01 0.1310011631304D+01 0.1325525090798D+01
 0.1341211214380D+01 0.1357071493975D+01 0.1373107415694D+01 0.1389320458746D+01
 0.1405712094279D+01 0.1422283784162D+01 0.1439036979696D+01 0.1455973120256D+01
 0.1473093631847D+01 0.1490399925592D+01 0.1507893396124D+01 0.1525575419896D+01
 0.1543447353393D+01 0.1561510531242D+01 0.1579766264222D+01 0.1598215837158D+01
 0.1616860506703D+01 0.1635701498988D+01 0.1654740007150D+01 0.1673977188715D+01
 0.1693414162841D+01 0.1713052007399D+01 0.1732891755903D+01 0.1752934394254D+01
 0.1773180857313D+01 0.1793632025277D+01 0.1814288719850D+01 0.1835151700204D+01
 0.1856221658709D+01 0.1877499216422D+01 0.1898984918322D+01 0.1920679228274D+01
 0.1942582523714D+01 0.1964695090019D+01 0.1987017114569D+01 0.2009548680461D+01
 0.2032289759867D+01 0.2055240207011D+01 0.2078399750737D+01 0.2101767986653D+01
 0.2125344368815D+01 0.2149128200929D+01 0.2173118627040D+01 0.2197314621671D+01
 0.2221714979393D+01 0.2246318303762D+01 0.2271122995616D+01 0.2296127240664D+01
 0.2321328996335D+01 0.2346725977842D+01 0.2372315643393D+01 0.2398095178512D+01
 0.2424061479402D+01 0.2450211135280D+01 0.2476540409625D+01 0.2503045220264D+01
 0.2529721118209D+01 0.2556563265158D+01 0.2583566409577D+01 0.2610724861256D+01
 0.2638032464221D+01 0.2665482567902D+01 0.2693067996412D+01 0.2720781015804D+01
 0.2748613299162D+01 0.2776555889345D+01 0.2804599159218D+01 0.2832732769174D+01
 0.2860945621723D+01 0.2889225812927D+01 0.2917560580418D+01 0.2945936247723D+01
 0.2974338164586D+01 0.3002750642954D+01 0.3031156888250D+01 0.3059538925530D+01
 0.3087877520069D+01 0.3116152091879D+01 0.3144340623607D+01 0.3172419561205D+01
 0.3200363706679D+01 0.3228146102191D+01 0.3255737904645D+01 0.3283108249838D+01
 0.3310224105127D+01 0.3337050109448D+01 0.3363548399368D+01 0.3389678419717D+01
 0.3415396717145D+01 0.3440656714753D+01 0.3465408465706D+01 0.3489598373438D+01
 0.3513168925172D+01
                                    0.0000000000000D+00
 1030 0.1348529005898D+00
 0.1130798524496D-11 0.1143880264308D-11 0.1157126375601D-11 0.1170539070250D-11
 0.1184146982091D-11 0.1197978124010D-11 0.1212034508011D-11 0.1226318142346D-11
 0.1240831130438D-11 0.1255575677684D-11 0.1270554057721D-11 0.1285768554441D-11
 0.1301221656196D-11 0.1316915808999D-11 0.1332853622482D-11 0.1349037702905D-11
 0.1365470719720D-11 0.1382155558293D-11 0.1399095100097D-11 0.1416292256700D-11
 0.1433750030785D-11 0.1451471523278D-11 0.1469459993309D-11 0.1487718582905D-11
 0.1506250772830D-11 0.1525059843657D-11 0.1544149356661D-11 0.1563522817475D-11
 0.1583183999438D-11 0.1603136529277D-11 0.1623384263186D-11 0.1643931117180D-11
 0.1664781119311D-11 0.1685938233920D-11 0.1707406749774D-11 0.1729190735183D-11
 0.1751294652368D-11 0.1773722935586D-11 0.1796480044198D-11 0.1819570579442D-11
 0.1842999263879D-11 0.1866770823077D-11 0.1890890243553D-11 0.1915362427610D-11
 0.1940192502000D-11 0.1965385633260D-11 0.1990947073882D-11 0.2016882279552D-11
 0.2043196697511D-11 0.2069895873387D-11 0.2096985640123D-11 0.2124471669414D-11
 0.2152359952501D-11 0.2180656624943D-11 0.2209367698440D-11 0.2238499480500D-11
 0.2268058365571D-11 0.2298050944351D-11 0.2328483768131D-11 0.2359363663506D-11
 0.2390697476500D-11 0.2422492219968D-11 0.2454755105931D-11 0.2487493417205D-11
 0.2520714608745D-11 0.2554426130861D-11 0.2588635865967D-11 0.2623351605974D-11
 0.2658581359268D-11 0.2694333258846D-11 0.2730615670506D-11 0.2767437050971D-11
 0.2804806151553D-11 0.2842731511036D-11 0.2881222314101D-11 0.2920287674871D-11
 0.2959936939423D-11 0.3000179355734D-11 0.3041024980622D-11 0.3082483366742D-11
 0.3124564571478D-11 0.3167279099142D-11 0.3210637112400D-11 0.3254649274521D-11
 0.3299326613032D-11 0.3344680028412D-11 0.3390720746745D-11 0.3437460304137D-11
 0.3484910357272D-11 0.3533082883463D-11 0.3581989958456D-11 0.3631644076022D-11
 0.3682057725245D-11 0.3733243913448D-11 0.3785215553185D-11 0.3837986353184D-11
 0.3891569605651D-11 0.3945979439032D-11 0.4001229917407D-11 0.4057335557974D-11
 0.4114310929546D-11 0.4172171307963D-11 0.4230931861165D-11 0.4290608245490D-11
 0.4351216290871D-11 0.4412772468497D-11 0.4475293086759D-11 0.4538795099902D-11
 0.4603295795843D-11 0.4668812795327D-11 0.4735363835454D-11 0.4802967365706D-11
 0.4871641886894D-11 0.4941406453915D-11 0.5012280472789D-11 0.5084283715397D-11
 0.5157436427195D-11 0.5231759037835D-11 0.5307272722289D-11 0.5383998601012D-11
 0.5461958949640D-11 0.5541175644272D-11 0.5621671674055D-11 0.5703470153500D-11
 0.5786594866243D-11 0.5871069837544D-11 0.5956919836385D-11 0.6044169974710D-11
 0.6132845639492D-11 0.6222973613657D-11 0.6314580004165D-11 0.6407692560053D-11
 0.6502338884640D-11 0.6598547520141D-11 0.6696347213142D-11 0.6795768078598D-11
 0.6896839778819D-11 0.6999593428088D-11 0.7104060432512D-11 0.7210273074978D-11
 0.7318263890974D-11 0.7428066502390D-11 0.7539714888437D-11 0.7653244483115D-11
 0.7768690432359D-11 0.7886089423037D-11 0.8005478113305D-11 0.8126894886162D-11
 0.8250378205870D-11 0.8375967853173D-11 0.8503704149671D-11 0.8633627979029D-11
 0.8765781994043D-11 0.8900208732850D-11 0.9036952102240D-11 0.9176057098407D-11
 0.9317569647999D-11 0.9461536129943D-11 0.9608004634873D-11 0.9757023891304D-11
 0.9908643540377D-11 0.1006291472531D-10 0.1021988916173D-10 0.1037962006299D-10
 0.1054216184318D-10 0.1070756963419D-10 0.1087590011260D-10 0.1104721142200D-10
 0.1122156207808D-10 0.1139901299685D-10 0.1157962530726D-10 0.1176346256672D-10
 0.1195058872221D-10 0.1214106961595D-10 0.1233497254667D-10 0.1253236614214D-10
 0.1273332042223D-10 0.1293790749727D-10 0.1314620013794D-10 0.1335827333018D-10
 0.1357420381346D-10 0.1379407007596D-10 0.1401795111609D-10 0.1424592903462D-10
 0.1447808709582D-10 0.1471451125850D-10 0.1495528796470D-10 0.1520050686050D-10
 0.1545025886024D-10 0.1570463677763D-10 0.1596373585479D-10 0.1622765381103D-10
 0.1649648948399D-10 0.1677034473629D-10 0.1704932329185D-10 0.1733353181041D-10
 0.1762307863439D-10 0.1791807454019D-10 0.1821863332081D-10 0.1852487066128D-10
 0.1883690554056D-10 0.1915485919414D-10 0.1947885525923D-10 0.1980902091923D-10
 0.2014548531826D-10 0.2048838156959D-10 0.2083784435016D-10 0.2119401309083D-10
 0.2155702946026D-10 0.2192703744588D-10 0.2230418589907D-10 0.2268862633273D-10
 0.2308051383402D-10 0.2348000644663D-10 0.2388726571499D-10 0.2430245852038D-10
 0.2472575345672D-10 0.2515732466877D-10 0.2559734848044D-10 0.2604600671055D-10
 0.2650348442117D-10 0.2696997125944D-10 0.2744566156078D-10 0.2793075442511D-10
 0.2842545090671D-10 0.2892996028116D-10 0.2944449382644D-10 0.2996926871592D-10
 0.3050450794809D-10 0.3105043790364D-10 0.3160729158633D-10 0.3217530678510D-10
 0.3275472637499D-10 0.3334579920413D-10 0.3394878015711D-10 0.3456392930078D-10
 0.3519151341931D-10 0.3583180464951D-10 0.3648508314342D-10 0.3715163320467D-10
 0.3783174628360D-10 0.3852572185217D-10 0.3923386444486D-10 0.3995648767806D-10
 0.4069391175454D-10 0.4144646250630D-10 0.4221447629947D-10 0.4299829453940D-10
 0.4379826858676D-10 0.4461475689869D-10 0.4544812643209D-10 0.4629875286777D-10
 0.4716702090465D-10 0.4805332348473D-10 0.4895806340102D-10 0.4988165196434D-10
 0.5082451081469D-10 0.5178707140777D-10 0.5276977537685D-10 0.5377307426623D-10
 0.5479742953354D-10 0.5584331562216D-10 0.5691121505118D-10 0.5800162403407D-10
 0.5911505037689D-10 0.6025201200539D-10 0.6141304041141D-10 0.6259867858699D-10
 0.6380948355713D-10 0.6504602487545D-10 0.6630888421437D-10 0.6759865896298D-10
 0.6891595928149D-10 0.7026141051383D-10 0.7163565134404D-10 0.7303933758261D-10
 0.7447313728117D-10 0.7593773848309D-10 0.7743384198483D-10 0.7896216610265D-10
 0.8052344809588D-10 0.8211843869460D-10 0.8374791001533D-10 0.8541265080716D-10
 0.8711346729693D-10 0.8885118734194D-10 0.9062665731545D-10 0.9244074256906D-10
 0.9429433037535D-10 0.9618832821485D-10 0.9812366603476D-10 0.1001012950089D-09
 0.1021221876376D-09 0.1041873419393D-09 0.1062977789786D-09 0.1084545433482D-09
 0.1106587040063D-09 0.1129113563303D-09 0.1152136206005D-09 0.1175666476157D-09
 0.1199716089715D-09 0.1224297090966D-09 0.1249421796070D-09 0.1275102806195D-09
 0.1301353051344D-09 0.1328185740537D-09 0.1355614398119D-09 0.1383652887254D-09
 0.1412315390645D-09 0.1441616426232D-09 0.1471570875612D-09 0.1502193959348D-09
 0.1533501278792D-09 0.1565508770538D-09 0.1598232794530D-09 0.1631690086268D-09
 0.1665897782125D-09 0.1700873391480D-09 0.1736634931611D-09 0.1773200750361D-09
 0.1810589701868D-09 0.1848821062099D-09 0.1887914581938D-09 0.1927890466648D-09
 0.1968769450785D-09 0.2010572693063D-09 0.2053321930767D-09 0.2097039380928D-09
 0.2141747792069D-09 0.2187470498590D-09 0.2234231340046D-09 0.2282054774541D-09
 0.2330965827457D-09 0.2380990098438D-09 0.2432153842592D-09 0.2484483957525D-09
 0.2538007951840D-09 0.2592753970210D-09 0.2648750903875D-09 0.2706028306403D-09
 0.2764616418568D-09 0.2824546244227D-09 0.2885849505580D-09 0.2948558728624D-09
 0.3012707178494D-09 0.3078328920025D-09 0.3145458899768D-09 0.3214132815754D-09
 0.3284387322917D-09 0.3356259847562D-09 0.3429788854225D-09 0.3505013587954D-09
 0.3581974387327D-09 0.3660712426620D-09 0.3741269952092D-09 0.3823690258548D-09
 0.3908017549627D-09 0.3994297267371D-09 0.4082575838394D-09 0.4172900865834D-09
 0.4265321026084D-09 0.4359886275740D-09 0.4456647712711D-09 0.4555657673611D-09
 0.4656969737872D-09 0.4760638872429D-09 0.4866721289242D-09 0.4975274507933D-09
 0.5086357634850D-09 0.5200030985337D-09 0.5316356481405D-09 0.5435397484632D-09
 0.5557218900207D-09 0.5681887193924D-09 0.5809470426804D-09 0.5940038361059D-09
 0.6073662413099D-09 0.6210415727789D-09 0.6350373201210D-09 0.6493611569444D-09
 0.6640209451668D-09 0.6790247337388D-09 0.6943807605447D-09 0.7100974821682D-09
 0.7261835392443D-09 0.7426477934552D-09 0.7594993151714D-09 0.7767474064192D-09
 0.7944015717097D-09 0.8124715742576D-09 0.8309673910313D-09 0.8498992583458D-09
 0.8692776445046D-09 0.8891132883850D-09 0.9094171767128D-09 0.9302005678505D-09
 0.9514749930004D-09 0.9732522638892D-09 0.9955444751397D-09 0.1018364026614D-08
 0.1041723602438D-08 0.1065636207980D-08 0.1090115157759D-08 0.1115174094456D-08
 0.1140826989562D-08 0.1167088147442D-08 0.1193972233720D-08 0.1221494263808D-08
 0.1249669611574D-08 0.1278514034999D-08 0.1308043672422D-08 0.1338275050659D-08
 0.1369225094323D-08 0.1400911154878D-08 0.1433350995554D-08 0.1466562808957D-08
 0.1500565236878D-08 0.1535377371119D-08 0.1571018767479D-08 0.1607509457277D-08
 0.1644869964470D-08 0.1683121303235D-08 0.1722285012126D-08 0.1762383135094D-08
 0.1803438276554D-08 0.1845473565921D-08 0.1888512719352D-08 0.1932580011828D-08
 0.1977700316711D-08 0.2023899122635D-08 0.2071202510026D-08 0.2119637236992D-08
 0.2169230678523D-08 0.2220010882918D-08 0.2272006589944D-08 0.2325247238820D-08
 0.2379762987082D-08 0.2435584725251D-08 0.2492744084012D-08 0.2551273482833D-08
 0.2611206124030D-08 0.2672576016002D-08 0.2735418009309D-08 0.2799767772139D-08
 0.2865661887078D-08 0.2933137790766D-08 0.3002233861832D-08 0.3072989381401D-08
 0.3145444624862D-08 0.3219640825048D-08 0.3295620216582D-08 0.3373426092546D-08
 0.3453102773544D-08 0.3534695677400D-08 0.3618251319409D-08 0.3703817357574D-08
 0.3791442608878D-08 0.3881177072178D-08 0.3973071994894D-08 0.4067179839715D-08
 0.4163554373614D-08 0.4262250675041D-08 0.4363325147052D-08 0.4466835578044D-08
 0.4572841182752D-08 0.4681402598160D-08 0.4792581951505D-08 0.4906442904506D-08
 0.5023050628173D-08 0.5142471945136D-08 0.5264775238927D-08 0.5390030627821D-08
 0.5518309899782D-08 0.5649686624985D-08 0.5784236140847D-08 0.5922035637743D-08
 0.6063164212709D-08 0.6207702850661D-08 0.6355734552546D-08 0.6507344335661D-08
 0.6662619272862D-08 0.6821648606515D-08 0.6984523711205D-08 0.7151338230352D-08
 0.7322188087038D-08 0.7497171529681D-08 0.7676389233190D-08 0.7859944299984D-08
 0.8047942402356D-08 0.8240491742898D-08 0.8437703190628D-08 0.8639690336242D-08
 0.8846569524563D-08 0.9058459952013D-08 0.9275483725111D-08 0.9497765952609D-08
 0.9725434775053D-08 0.9958621503598D-08 0.1019746061229D-07 0.1044208989483D-07
 0.1069265048422D-07 0.1094928701374D-07 0.1121214761999D-07 0.1148138403459D-07
 0.1175715175915D-07 0.1203961007945D-07 0.1232892212009D-07 0.1262525509445D-07
 0.1292878021533D-07 0.1323967293861D-07 0.1355811298009D-07 0.1388428446364D-07
 0.1421837602559D-07 0.1456058090361D-07 0.1491109709064D-07 0.1527012734142D-07
 0.1563787950074D-07 0.1601456637140D-07 0.1640040604250D-07 0.1679562191705D-07
 0.1720044286260D-07 0.1761510334045D-07 0.1803984353731D-07 0.1847490958628D-07
 0.1892055353960D-07 0.1937703371207D-07 0.1984461468380D-07 0.2032356753385D-07
 0.2081416994471D-07 0.2131670647067D-07 0.2183146853933D-07 0.2235875477176D-07
 0.2289887109240D-07 0.2345213088401D-07 0.2401885524092D-07 0.2459937308117D-07
 0.2519402143099D-07 0.2580314550827D-07 0.2642709901073D-07 0.2706624429886D-07
 0.2772095263928D-07 0.2839160430899D-07 0.2907858896323D-07 0.2978230579874D-07
 0.3050316375511D-07 0.3124158180838D-07 0.3199798921386D-07 0.3277282569920D-07
 0.3356654184611D-07 0.3437959916185D-07 0.3521247051789D-07 0.3606564045026D-07
 0.3693960520425D-07 0.3783487329757D-07 0.3875196567963D-07 0.3969141605457D-07
 0.4065377126057D-07 0.4163959145722D-07 0.4264945060336D-07 0.4368393668599D-07
 0.4474365207503D-07 0.4582921400127D-07 0.4694125473854D-07 0.4808042212483D-07
 0.4924737980789D-07 0.5044280780634D-07 0.5166740271567D-07 0.5292187825363D-07
 0.5420696566077D-07 0.5552341409611D-07 0.5687199104870D-07 0.5825348292749D-07
 0.5966869532606D-07 0.6111845366984D-07 0.6260360364360D-07 0.6412501162520D-07
 0.6568356526885D-07 0.6728017400038D-07 0.6891576958405D-07 0.7059130667824D-07
 0.7230776330133D-07 0.7406614156537D-07 0.7586746802269D-07 0.7771279462863D-07
 0.7960319898134D-07 0.8153978525466D-07 0.8352368472460D-07 0.8555605636376D-07
 0.8763808771440D-07 0.8977099538881D-07 0.9195602596719D-07 0.9419445655088D-07
 0.9648759572360D-07 0.9883678414053D-07 0.1012433954155D-06 0.1037088369321D-06
 0.1062345506775D-06 0.1088220140475D-06 0.1114727407353D-06 0.1141882816593D-06
 0.1169702259623D-06 0.1198202017029D-06 0.1227398770993D-06 0.1257309612867D-06
 0.1287952055152D-06 0.1319344041458D-06 0.1351503955946D-06 0.1384450636112D-06
 0.1418203382012D-06 0.1452781969075D-06 0.1488206660258D-06 0.1524498215440D-06
 0.1561677907917D-06 0.1599767533213D-06 0.1638789424414D-06 0.1678766464111D-06
 0.1719722099716D-06 0.1761680355245D-06 0.1804665846807D-06 0.1848703798162D-06
 0.1893820052718D-06 0.1940041094716D-06 0.1987394058135D-06 0.2035906746763D-06
 0.2085607651700D-06 0.2136525965673D-06 0.2188691602033D-06 0.2242135212743D-06
 0.2296888206121D-06 0.2352982766261D-06 0.2410451872542D-06 0.2469329316364D-06
 0.2529649728265D-06 0.2591448590479D-06 0.2654762265056D-06 0.2719628011221D-06
 0.2786084009896D-06 0.2854169388197D-06 0.2923924238653D-06 0.2995389646770D-06
 0.3068607716493D-06 0.3143621590840D-06 0.3220475487030D-06 0.3299214709572D-06
 0.3379885692847D-06 0.3462536018069D-06 0.3547214448603D-06 0.3633970954870D-06
 0.3722856748160D-06 0.3813924309072D-06 0.3907227424046D-06 0.4002821213198D-06
 0.4100762165142D-06 0.4201108174420D-06 0.4303918571298D-06 0.4409254163113D-06
 0.4517177271026D-06 0.4627751765182D-06 0.4741043106345D-06 0.4857118385688D-06
 0.4976046364162D-06 0.5097897519047D-06 0.5222744083676D-06 0.5350660092039D-06
 0.5481721427200D-06 0.5616005866534D-06 0.5753593128988D-06 0.5894564928920D-06
 0.6039005017622D-06 0.6186999246066D-06 0.6338635613184D-06 0.6494004321443D-06
 0.6653197830276D-06 0.6816310918801D-06 0.6983440743915D-06 0.7154686898692D-06
 0.7330151478581D-06 0.7509939141059D-06 0.7694157177876D-06 0.7882915576121D-06
 0.8076327093677D-06 0.8274507327158D-06 0.8477574787075D-06 0.8685650969867D-06
 0.8898860442624D-06 0.9117330912089D-06 0.9341193319264D-06 0.9570581910350D-06
 0.9805634334078D-06 0.1004649172270D-05 0.1029329878418D-05 0.1054620390271D-05
 0.1080535922520D-05 0.1107092076665D-05 0.1134304851145D-05 0.1162190651190D-05
 0.1190766300186D-05 0.1220049050739D-05 0.1250056595641D-05 0.1280807079698D-05
 0.1312319111693D-05 0.1344611776770D-05 0.1377704649221D-05 0.1411617805850D-05
 0.1446371837896D-05 0.1481987867094D-05 0.1518487558190D-05 0.1555893134295D-05
 0.1594227391348D-05 0.1633513714588D-05 0.1673776093703D-05 0.1715039139328D-05
 0.1757328099698D-05 0.1800668879246D-05 0.1845088054929D-05 0.1890612895175D-05
 0.1937271379516D-05 0.1985092217459D-05 0.2034104868468D-05 0.2084339563263D-05
 0.2135827324939D-05 0.2188599990458D-05 0.2242690234595D-05 0.2298131591618D-05
 0.2354958480710D-05 0.2413206230063D-05 0.2472911103075D-05 0.2534110323878D-05
 0.2596842105726D-05 0.2661145677099D-05 0.2727061313386D-05 0.2794630364184D-05
 0.2863895285361D-05 0.2934899670545D-05 0.3007688284115D-05 0.3082307094874D-05
 0.3158803310805D-05 0.3237225415008D-05 0.3317623203796D-05 0.3400047824112D-05
 0.3484551813679D-05 0.3571189142403D-05 0.3660015253177D-05 0.3751087108262D-05
 0.3844463231928D-05 0.3940203758849D-05 0.4038370481253D-05 0.4139026900231D-05
 0.4242238276403D-05 0.4348071683501D-05 0.4456596063721D-05 0.4567882285165D-05
 0.4682003200725D-05 0.4799033708270D-05 0.4919050816767D-05 0.5042133708791D-05
 0.5168363810082D-05 0.5297824859992D-05 0.5430602982639D-05 0.5566786764885D-05
 0.5706467332505D-05 0.5849738431976D-05 0.5996696513333D-05 0.6147440819935D-05
 0.6302073475033D-05 0.6460699577865D-05 0.6623427299780D-05 0.6790367985694D-05
 0.6961636256693D-05 0.7137350120495D-05 0.7317631082109D-05 0.7502604262677D-05
 0.7692398517210D-05 0.7887146565777D-05 0.8086985120362D-05 0.8292055019257D-05
 0.8502501373572D-05 0.8718473710269D-05 0.8940126124266D-05 0.9167617439557D-05
 0.9401111372367D-05 0.9640776702882D-05 0.9886787453725D-05 0.1013932307651D-04
 0.1039856864409D-04 0.1066471505143D-04 0.1093795922646D-04 0.1121850434612D-04
 0.1150656006662D-04 0.1180234275687D-04 0.1210607574564D-04 0.1241798958137D-04
 0.1273832229661D-04 0.1306731968897D-04 0.1340523561311D-04 0.1375233228253D-04
 0.1410888058845D-04 0.1447516042993D-04 0.1485146105931D-04 0.1523808144243D-04
 0.1563533063431D-04 0.1604352817498D-04 0.1646300449592D-04 0.1689410135259D-04
 0.1733717227125D-04 0.1779258301835D-04 0.1826071208894D-04 0.1874195122173D-04
 0.1923670593252D-04 0.1974539607661D-04 0.2026845643457D-04 0.2080633732705D-04
 0.2135950525719D-04 0.2192844358415D-04 0.2251365322869D-04 0.2311565340952D-04
 0.2373498242194D-04 0.2437219844416D-04 0.2502788038886D-04 0.2570262879760D-04
 0.2639706677116D-04 0.2711184095607D-04 0.2784762256889D-04 0.2860510847757D-04
 0.2938502233757D-04 0.3018811577963D-04 0.3101516966070D-04 0.3186699537903D-04
 0.3274443624939D-04 0.3364836896060D-04 0.3457970509307D-04 0.3553939272542D-04
 0.3652841811990D-04 0.3754780749453D-04 0.3859862889152D-04 0.3968199413753D-04
 0.4079906091417D-04 0.4195103493580D-04 0.4313917223869D-04 0.4436478159970D-04
 0.4562922708333D-04 0.4693393071960D-04 0.4828037533959D-04 0.4967010755428D-04
 0.5110474090405D-04 0.5258595917941D-04 0.5411551992451D-04 0.5569525813796D-04
 0.5732709017990D-04 0.5901301789998D-04 0.6075513299561D-04 0.6255562162383D-04
 0.6441676926919D-04 0.6634096589536D-04 0.6833071139632D-04 0.7038862135907D-04
 0.7251743316431D-04 0.7472001244645D-04 0.7699935993259D-04 0.7935861868330D-04
 0.8180108177251D-04 0.8433020042036D-04 0.8694959261675D-04 0.8966305226763D-04
 0.9247455890202D-04 0.9538828795859D-04 0.9840862172017D-04 0.1015401609181D-03
 0.1047877370519D-03 0.1081564254849D-03 0.1116515593655D-03 0.1152787444159D-03
 0.1190438746710D-03 0.1229531492188D-03 0.1270130900099D-03 0.1312305608262D-03
 0.1356127874735D-03 0.1401673792968D-03 0.1449023521017D-03 0.1498261525987D-03
 0.1549476844590D-03 0.1602763361193D-03 0.1658220104484D-03 0.1715951564191D-03
 0.1776068029272D-03 0.1838685949249D-03 0.1903928320423D-03 0.1971925098574D-03
 0.2042813640611D-03 0.2116739176868D-03 0.2193855316785D-03 0.2274324590252D-03
 0.2358319027506D-03 0.2446020780553D-03 0.2537622789378D-03 0.2633329496189D-03
 0.2733357612120D-03 0.2837936939673D-03 0.2947311256234D-03 0.3061739262877D-03
 0.3181495604121D-03 0.3306871964243D-03 0.3438178246463D-03 0.3575743841815D-03
 0.3719918995035D-03 0.3871076275672D-03 0.4029612163080D-03 0.4195948755043D-03
 0.4370535610313D-03 0.4553851736652D-03 0.4746407736665D-03 0.4948748125311D-03
 0.5161453833604D-03 0.5385144915048D-03 0.5620483472604D-03 0.5868176825407D-03
 0.6128980936984D-03 0.6403704127840D-03 0.6693211098461D-03 0.6998427290630D-03
 0.7320343617872D-03 0.7660021598926D-03 0.8018598931382D-03 0.8397295546483D-03
 0.8797420189691D-03 0.9220377576879D-03 0.9667676180181D-03 0.1014093670377D-02
 0.1064190131524D-02 0.1117244370582D-02 0.1173458005945D-02 0.1233048101961D-02
 0.1296248475166D-02 0.1363311120928D-02 0.1434507772420D-02 0.1510131605232D-02
 0.1590499102203D-02 0.1675952094784D-02 0.1766859998884D-02 0.1863622265166D-02
 0.1966671065940D-02 0.2076474243230D-02 0.2193538545340D-02 0.2318413182244D-02
 0.2451693733592D-02 0.2594026446894D-02 0.2746112967699D-02 0.2908715548427D-02
 0.3082662787776D-02 0.3268855958730D-02 0.3468275989829D-02 0.3681991172047D-02
 0.3911165671980D-02 0.4157068941767D-02 0.4421086126761D-02 0.4704729584170D-02
 0.5009651639451D-02 0.5337658722588D-02 0.5690727043793D-02 0.6071019987488D-02
 0.6480907425667D-02 0.6922987176519D-02 0.7400108862299D-02 0.7915400452393D-02
 0.8472297813244D-02 0.9074577627824D-02 0.9726394093344D-02 0.1043231985818D-01
 0.1119739171836D-01 0.1202716166125D-01 0.1292775392057D-01 0.1390592879343D-01
 0.1496915406906D-01 0.1612568503067D-01 0.1738465412019D-01 0.1875617149993D-01
 0.2025143791177D-01 0.2188287142221D-01 0.2366424985706D-01 0.2561087097451D-01
 0.2773973270526D-01 0.3006973610766D-01 0.3262191405060D-01 0.3541968905390D-01
 0.3848916419204D-01 0.4185945151165D-01 0.4556304303688D-01 0.4963623014826D-01
 0.5411957793781D-01 0.5905846207531D-01 0.6450367679094D-01 0.7051212380268D-01
 0.7714759341867D-01 0.8448165065122D-01 0.9259464101514D-01 0.1015768327925D+00
 0.1115297149521D+00 0.1225674726755D+00 0.1348186656011D+00 0.1484281437835D+00
 0.1635592042672D+00 0.1801553063152D+00 0.1981081050807D+00 0.2175254244139D+00
 0.2385250153074D+00 0.2612355398917D+00 0.2857976597800D+00 0.3123652401359D+00
 0.3411066821051D+00 0.3722063976639D+00 0.4058664425098D+00 0.4423083243653D+00
 0.4817750060064D+00 0.5245331244957D+00 0.5708754504980D+00 0.6211236142396D+00
 0.6756311276426D+00 0.7347867354808D+00 0.7990181320916D+00 0.8687960842707D+00
 0.9446390055425D+00 0.1027118032079D+01 0.1116862656157D+01 0.1214566979382D+01
 0.1320996654793D+01 0.1436996594887D+01 0.1563499531045D+01 0.1701535519671D+01
 0.1852242500886D+01 0.2016878027600D+01
    0    0
