 nspin  vdif :::::: Potentials for non-spin-polarized non-relativistic Va.      
    1   0.0000000000000D+00
 LSMS:           Va     z=  0.    xvalws=   0.13382
   0.                      2.65165   0. 0.2551193007259D+00
                 -0.1113096740000D+02 0.9751822497023D+00 1001 1030
 0.2114092992521D-04 0.2140969436356D-04 0.2168181764102D-04 0.2195734124478D-04
 0.2223628713303D-04 0.2251867835457D-04 0.2280455870203D-04 0.2309397248052D-04
 0.2338696444481D-04 0.2368357991818D-04 0.2398386470934D-04 0.2428786516561D-04
 0.2459562816336D-04 0.2490720112837D-04 0.2522263201055D-04 0.2554196936794D-04
 0.2586526227385D-04 0.2619256038617D-04 0.2652391397576D-04 0.2685937385726D-04
 0.2719899147589D-04 0.2754281887050D-04 0.2789090869882D-04 0.2824331423256D-04
 0.2860008937123D-04 0.2896128868130D-04 0.2932696733255D-04 0.2969718118907D-04
 0.3007198677300D-04 0.3045144123753D-04 0.3083560250579D-04 0.3122452910655D-04
 0.3161828029528D-04 0.3201691607478D-04 0.3242049711513D-04 0.3282908484459D-04
 0.3324274141340D-04 0.3366152972165D-04 0.3408551345304D-04 0.3451475699541D-04
 0.3494932556208D-04 0.3538928515810D-04 0.3583470256278D-04 0.3628564535384D-04
 0.3674218192457D-04 0.3720438152161D-04 0.3767231421474D-04 0.3814605090664D-04
 0.3862566337250D-04 0.3911122423707D-04 0.3960280704391D-04 0.4010048618725D-04
 0.4060433696695D-04 0.4111443562313D-04 0.4163085928569D-04 0.4215368602942D-04
 0.4268299490239D-04 0.4321886588094D-04 0.4376137992157D-04 0.4431061895456D-04
 0.4486666592269D-04 0.4542960476043D-04 0.4599952040856D-04 0.4657649888812D-04
 0.4716062722450D-04 0.4775199350220D-04 0.4835068687392D-04 0.4895679759804D-04
 0.4957041703122D-04 0.5019163757839D-04 0.5082055286395D-04 0.5145725757441D-04
 0.5210184758211D-04 0.5275441992570D-04 0.5341507277943D-04 0.5408390558516D-04
 0.5476101894240D-04 0.5544651469882D-04 0.5614049590981D-04 0.5684306692391D-04
 0.5755433331186D-04 0.5827440196965D-04 0.5900338107665D-04 0.5974138014992D-04
 0.6048850998868D-04 0.6124488279269D-04 0.6201061209128D-04 0.6278581282744D-04
 0.6357060128711D-04 0.6436509524881D-04 0.6516941385892D-04 0.6598367774681D-04
 0.6680800899219D-04 0.6764253118244D-04 0.6848736936210D-04 0.6934265014640D-04
 0.7020850167688D-04 0.7108505363557D-04 0.7197243731309D-04 0.7287078557036D-04
 0.7378023288619D-04 0.7470091542314D-04 0.7563297090145D-04 0.7657653881148D-04
 0.7753176031848D-04 0.7849877824553D-04 0.7947773721466D-04 0.8046878362822D-04
 0.8147206558508D-04 0.8248773306877D-04 0.8351593781219D-04 0.8455683344035D-04
 0.8561057546550D-04 0.8667732125325D-04 0.8775723008049D-04 0.8885046318529D-04
 0.8995718373638D-04 0.9107755694213D-04 0.9221174992177D-04 0.9335993194993D-04
 0.9452227426840D-04 0.9569895024498D-04 0.9689013531723D-04 0.9809600708763D-04
 0.9931674532232D-04 0.1005525319860D-03 0.1018035511578D-03 0.1030699892734D-03
 0.1043520349880D-03 0.1056498792256D-03 0.1069637152607D-03 0.1082937387414D-03
 0.1096401476706D-03 0.1110031423910D-03 0.1123829258048D-03 0.1137797031569D-03
 0.1151936823065D-03 0.1166250735287D-03 0.1180740897369D-03 0.1195409464040D-03
 0.1210258616019D-03 0.1225290560402D-03 0.1240507532197D-03 0.1255911792054D-03
 0.1271505628951D-03 0.1287291359385D-03 0.1303271328673D-03 0.1319447909356D-03
 0.1335823504505D-03 0.1352400544539D-03 0.1369181490918D-03 0.1386168834321D-03
 0.1403365095044D-03 0.1420772825507D-03 0.1438394608088D-03 0.1456233056844D-03
 0.1474290817317D-03 0.1492570568050D-03 0.1511075018741D-03 0.1529806913611D-03
 0.1548769028575D-03 0.1567964174647D-03 0.1587395196014D-03 0.1607064971906D-03
 0.1626976416843D-03 0.1647132480089D-03 0.1667536146800D-03 0.1688190438851D-03
 0.1709098414496D-03 0.1730263169168D-03 0.1751687836114D-03 0.1773375586568D-03
 0.1795329629451D-03 0.1817553214363D-03 0.1840049628872D-03 0.1862822201289D-03
 0.1885874300456D-03 0.1909209335031D-03 0.1932830756039D-03 0.1956742056443D-03
 0.1980946771774D-03 0.2005448479565D-03 0.2030250801659D-03 0.2055357403438D-03
 0.2080771995212D-03 0.2106498332011D-03 0.2132540215307D-03 0.2158901490599D-03
 0.2185586053582D-03 0.2212597843889D-03 0.2239940850462D-03 0.2267619111773D-03
 0.2295636712714D-03 0.2323997790061D-03 0.2352706530521D-03 0.2381767170492D-03
 0.2411183999708D-03 0.2440961357356D-03 0.2471103638341D-03 0.2501615289015D-03
 0.2532500809889D-03 0.2563764757387D-03 0.2595411741523D-03 0.2627446430169D-03
 0.2659873546305D-03 0.2692697871367D-03 0.2725924244540D-03 0.2759557563556D-03
 0.2793602786214D-03 0.2828064930016D-03 0.2862949074196D-03 0.2898260358081D-03
 0.2934003985702D-03 0.2970185222477D-03 0.3006809399522D-03 0.3043881910621D-03
 0.3081408217016D-03 0.3119393845281D-03 0.3157844389215D-03 0.3196765511406D-03
 0.3236162942146D-03 0.3276042482549D-03 0.3316410003069D-03 0.3357271446886D-03
 0.3398632828075D-03 0.3440500233829D-03 0.3482879826909D-03 0.3525777843440D-03
 0.3569200596125D-03 0.3613154473968D-03 0.3657645944137D-03 0.3702681552248D-03
 0.3748267922954D-03 0.3794411761970D-03 0.3841119857100D-03 0.3888399077679D-03
 0.3936256376661D-03 0.3984698792416D-03 0.4033733447913D-03 0.4083367553989D-03
 0.4133608407520D-03 0.4184463394964D-03 0.4235939993283D-03 0.4288045768727D-03
 0.4340788381949D-03 0.4394175584163D-03 0.4448215222345D-03 0.4502915238377D-03
 0.4558283672124D-03 0.4614328659111D-03 0.4671058434365D-03 0.4728481335186D-03
 0.4786605797237D-03 0.4845440361661D-03 0.4904993670377D-03 0.4965274472707D-03
 0.5026291625258D-03 0.5088054088625D-03 0.5150570936493D-03 0.5213851350048D-03
 0.5277904624664D-03 0.5342740166901D-03 0.5408367498441D-03 0.5474796256213D-03
 0.5542036195832D-03 0.5610097189819D-03 0.5678989232626D-03 0.5748722439570D-03
 0.5819307047892D-03 0.5890753421515D-03 0.5963072048944D-03 0.6036273546956D-03
 0.6110368661827D-03 0.6185368269677D-03 0.6261283379534D-03 0.6338125135124D-03
 0.6415904814439D-03 0.6494633833449D-03 0.6574323747780D-03 0.6654986251331D-03
 0.6736633183789D-03 0.6819276526429D-03 0.6902928406918D-03 0.6987601101056D-03
 0.7073307033902D-03 0.7160058780699D-03 0.7247869072027D-03 0.7336750790404D-03
 0.7426716978848D-03 0.7517780835949D-03 0.7609955722686D-03 0.7703255161933D-03
 0.7797692841851D-03 0.7893282617335D-03 0.7990038510282D-03 0.8087974715124D-03
 0.8187105599010D-03 0.8287445704023D-03 0.8389009748023D-03 0.8491812628106D-03
 0.8595869425895D-03 0.8701195402360D-03 0.8807806007561D-03 0.8915716876815D-03
 0.9024943838340D-03 0.9135502913059D-03 0.9247410314689D-03 0.9360682456329D-03
 0.9475335950365D-03 0.9591387611652D-03 0.9708854458566D-03 0.9827753719880D-03
 0.9948102830117D-03 0.1006991943872D-02 0.1019322141132D-02 0.1031802682635D-02
 0.1044435398683D-02 0.1057222141745D-02 0.1070164786731D-02 0.1083265231527D-02
 0.1096525397031D-02 0.1109947227740D-02 0.1123532691470D-02 0.1137283780395D-02
 0.1151202510639D-02 0.1165290923059D-02 0.1179551083262D-02 0.1193985082184D-02
 0.1208595036049D-02 0.1223383086880D-02 0.1238351402838D-02 0.1253502178619D-02
 0.1268837635388D-02 0.1284360021423D-02 0.1300071612599D-02 0.1315974712263D-02
 0.1332071652006D-02 0.1348364791616D-02 0.1364856519801D-02 0.1381549254320D-02
 0.1398445442212D-02 0.1415547560657D-02 0.1432858116679D-02 0.1450379648047D-02
 0.1468114723337D-02 0.1486065942498D-02 0.1504235936982D-02 0.1522627370489D-02
 0.1541242939046D-02 0.1560085371626D-02 0.1579157430276D-02 0.1598461910787D-02
 0.1618001643021D-02 0.1637779491315D-02 0.1657798354811D-02 0.1678061167950D-02
 0.1698570901130D-02 0.1719330560788D-02 0.1740343189799D-02 0.1761611868496D-02
 0.1783139714324D-02 0.1804929882983D-02 0.1826985568515D-02 0.1849310003892D-02
 0.1871906461394D-02 0.1894778253319D-02 0.1917928732101D-02 0.1941361291238D-02
 0.1965079365253D-02 0.1989086430860D-02 0.2013386006801D-02 0.2037981655054D-02
 0.2062876980553D-02 0.2088075632489D-02 0.2113581304257D-02 0.2139397734436D-02
 0.2165528707062D-02 0.2191978052187D-02 0.2218749646630D-02 0.2245847414437D-02
 0.2273275327284D-02 0.2301037405490D-02 0.2329137718185D-02 0.2357580383936D-02
 0.2386369571876D-02 0.2415509501368D-02 0.2445004443751D-02 0.2474858721957D-02
 0.2505076711746D-02 0.2535662842199D-02 0.2566621596297D-02 0.2597957511747D-02
 0.2629675181231D-02 0.2661779253667D-02 0.2694274434521D-02 0.2727165486512D-02
 0.2760457230390D-02 0.2794154545705D-02 0.2828262371457D-02 0.2862785706528D-02
 0.2897729610993D-02 0.2933099206611D-02 0.2968899677223D-02 0.3005136270006D-02
 0.3041814296088D-02 0.3078939131120D-02 0.3116516216435D-02 0.3154551059493D-02
 0.3193049234817D-02 0.3232016385002D-02 0.3271458221294D-02 0.3311380524401D-02
 0.3351789145611D-02 0.3392690007256D-02 0.3434089104164D-02 0.3475992503888D-02
 0.3518406347788D-02 0.3561336852420D-02 0.3604790309918D-02 0.3648773088733D-02
 0.3693291635310D-02 0.3738352474321D-02 0.3783962210328D-02 0.3830127527712D-02
 0.3876855192698D-02 0.3924152054011D-02 0.3972025043483D-02 0.4020481177577D-02
 0.4069527558088D-02 0.4119171373437D-02 0.4169419899532D-02 0.4220280501055D-02
 0.4271760632058D-02 0.4323867837666D-02 0.4376609754838D-02 0.4429994113652D-02
 0.4484028738061D-02 0.4538721547640D-02 0.4594080558148D-02 0.4650113883187D-02
 0.4706829735025D-02 0.4764236426162D-02 0.4822342370139D-02 0.4881156083093D-02
 0.4940686184810D-02 0.5000941400127D-02 0.5061930560165D-02 0.5123662603459D-02
 0.5186146577716D-02 0.5249391640534D-02 0.5313407061210D-02 0.5378202221969D-02
 0.5443786619212D-02 0.5510169865069D-02 0.5577361688692D-02 0.5645371937826D-02
 0.5714210580036D-02 0.5783887704392D-02 0.5854413522850D-02 0.5925798371785D-02
 0.5998052713221D-02 0.6071187137014D-02 0.6145212361576D-02 0.6220139236096D-02
 0.6295978742108D-02 0.6372741994422D-02 0.6450440243629D-02 0.6529084877108D-02
 0.6608687421037D-02 0.6689259542099D-02 0.6770813048806D-02 0.6853359893638D-02
 0.6936912174710D-02 0.7021482137546D-02 0.7107082176539D-02 0.7193724837290D-02
 0.7281422818067D-02 0.7370188971919D-02 0.7460036308316D-02 0.7550977995353D-02
 0.7643027361329D-02 0.7736197896943D-02 0.7830503257287D-02 0.7925957263648D-02
 0.8022573905663D-02 0.8120367343416D-02 0.8219351909423D-02 0.8319542110842D-02
 0.8420952631375D-02 0.8523598333773D-02 0.8627494261487D-02 0.8732655641598D-02
 0.8839097886348D-02 0.8946836595696D-02 0.9055887559892D-02 0.9166266761174D-02
 0.9277990376405D-02 0.9391074779952D-02 0.9505536545056D-02 0.9621392447163D-02
 0.9738659465934D-02 0.9857354787727D-02 0.9977495808363D-02 0.1009910013553D-01
 0.1022218559119D-01 0.1034677021462D-01 0.1047287226461D-01 0.1060051022246D-01
 0.1072970279442D-01 0.1086046891478D-01 0.1099282774814D-01 0.1112679869281D-01
 0.1126240138313D-01 0.1139965569260D-01 0.1153858173707D-01 0.1167919987692D-01
 0.1182153072078D-01 0.1196559512832D-01 0.1211141421300D-01 0.1225900934577D-01
 0.1240840215754D-01 0.1255961454274D-01 0.1271266866268D-01 0.1286758694833D-01
 0.1302439210388D-01 0.1318310711024D-01 0.1334375522782D-01 0.1350636000067D-01
 0.1367094525940D-01 0.1383753512496D-01 0.1400615401193D-01 0.1417682663229D-01
 0.1434957799900D-01 0.1452443342978D-01 0.1470141855041D-01 0.1488055929906D-01
 0.1506188192934D-01 0.1524541301515D-01 0.1543117945366D-01 0.1561920846974D-01
 0.1580952761974D-01 0.1600216479571D-01 0.1619714822933D-01 0.1639450649611D-01
 0.1659426851943D-01 0.1679646357512D-01 0.1700112129555D-01 0.1720827167374D-01
 0.1741794506814D-01 0.1763017220682D-01 0.1784498419227D-01 0.1806241250537D-01
 0.1828248901077D-01 0.1850524596098D-01 0.1873071600129D-01 0.1895893217456D-01
 0.1918992792604D-01 0.1942373710827D-01 0.1966039398605D-01 0.1989993324150D-01
 0.2014238997894D-01 0.2038779973042D-01 0.2063619846040D-01 0.2088762257155D-01
 0.2114210890964D-01 0.2139969476928D-01 0.2166041789925D-01 0.2192431650777D-01
 0.2219142926863D-01 0.2246179532629D-01 0.2273545430208D-01 0.2301244629987D-01
 0.2329281191156D-01 0.2357659222365D-01 0.2386382882265D-01 0.2415456380183D-01
 0.2444883976673D-01 0.2474669984179D-01 0.2504818767657D-01 0.2535334745201D-01
 0.2566222388727D-01 0.2597486224568D-01 0.2629130834208D-01 0.2661160854898D-01
 0.2693580980337D-01 0.2726395961401D-01 0.2759610606808D-01 0.2793229783813D-01
 0.2827258418932D-01 0.2861701498698D-01 0.2896564070312D-01 0.2931851242456D-01
 0.2967568186015D-01 0.3003720134795D-01 0.3040312386364D-01 0.3077350302768D-01
 0.3114839311355D-01 0.3152784905508D-01 0.3191192645544D-01 0.3230068159434D-01
 0.3269417143686D-01 0.3309245364135D-01 0.3349558656845D-01 0.3390362928908D-01
 0.3431664159318D-01 0.3473468399894D-01 0.3515781776074D-01 0.3558610487904D-01
 0.3601960810889D-01 0.3645839096919D-01 0.3690251775237D-01 0.3735205353301D-01
 0.3780706417815D-01 0.3826761635656D-01 0.3873377754831D-01 0.3920561605522D-01
 0.3968320101000D-01 0.4016660238711D-01 0.4065589101271D-01 0.4115113857484D-01
 0.4165241763425D-01 0.4215980163470D-01 0.4267336491385D-01 0.4319318271394D-01
 0.4371933119324D-01 0.4425188743641D-01 0.4479092946660D-01 0.4533653625631D-01
 0.4588878773905D-01 0.4644776482112D-01 0.4701354939314D-01 0.4758622434245D-01
 0.4816587356482D-01 0.4875258197698D-01 0.4934643552868D-01 0.4994752121569D-01
 0.5055592709202D-01 0.5117174228321D-01 0.5179505699891D-01 0.5242596254648D-01
 0.5306455134389D-01 0.5371091693359D-01 0.5436515399572D-01 0.5502735836265D-01
 0.5569762703175D-01 0.5637605818076D-01 0.5706275118149D-01 0.5775780661449D-01
 0.5846132628343D-01 0.5917341323023D-01 0.5989417174995D-01 0.6062370740629D-01
 0.6136212704617D-01 0.6210953881626D-01 0.6286605217815D-01 0.6363177792423D-01
 0.6440682819440D-01 0.6519131649167D-01 0.6598535769916D-01 0.6678906809660D-01
 0.6760256537741D-01 0.6842596866559D-01 0.6925939853335D-01 0.7010297701821D-01
 0.7095682764128D-01 0.7182107542471D-01 0.7269584691029D-01 0.7358127017742D-01
 0.7447747486197D-01 0.7538459217512D-01 0.7630275492232D-01 0.7723209752252D-01
 0.7817275602764D-01 0.7912486814276D-01 0.8008857324542D-01 0.8106401240625D-01
 0.8205132840944D-01 0.8305066577309D-01 0.8406217077055D-01 0.8508599145134D-01
 0.8612227766278D-01 0.8717118107156D-01 0.8823285518556D-01 0.8930745537645D-01
 0.9039513890166D-01 0.9149606492766D-01 0.9261039455242D-01 0.9373829082922D-01
 0.9487991878962D-01 0.9603544546786D-01 0.9720503992456D-01 0.9838887327128D-01
 0.9958711869512D-01 0.1007999514840D+00 0.1020275490512D+00 0.1032700909617D+00
 0.1045277589576D+00 0.1058007369845D+00 0.1070892112176D+00 0.1083933700890D+00
 0.1097134043141D+00 0.1110495069196D+00 0.1124018732712D+00 0.1137707011010D+00
 0.1151561905367D+00 0.1165585441294D+00 0.1179779668835D+00 0.1194146662857D+00
 0.1208688523342D+00 0.1223407375696D+00 0.1238305371045D+00 0.1253384686550D+00
 0.1268647525709D+00 0.1284096118680D+00 0.1299732722592D+00 0.1315559621871D+00
 0.1331579128564D+00 0.1347793582665D+00 0.1364205352455D+00 0.1380816834829D+00
 0.1397630455643D+00 0.1414648670056D+00 0.1431873962879D+00 0.1449308848923D+00
 0.1466955873360D+00 0.1484817612079D+00 0.1502896672053D+00 0.1521195691700D+00
 0.1539717341266D+00 0.1558464323191D+00 0.1577439372494D+00 0.1596645257157D+00
 0.1616084778511D+00 0.1635760771633D+00 0.1655676105740D+00 0.1675833684592D+00
 0.1696236446897D+00 0.1716887366720D+00 0.1737789453903D+00 0.1758945754476D+00
 0.1780359351086D+00 0.1802033363429D+00 0.1823970948671D+00 0.1846175301895D+00
 0.1868649656541D+00 0.1891397284851D+00 0.1914421498319D+00 0.1937725648152D+00
 0.1961313125727D+00 0.1985187363054D+00 0.2009351833254D+00 0.2033810051026D+00
 0.2058565573132D+00 0.2083621998882D+00 0.2108982970618D+00 0.2134652174217D+00
 0.2160633339583D+00 0.2186930241157D+00 0.2213546698425D+00 0.2240486576431D+00
 0.2267753786296D+00 0.2295352285748D+00 0.2323286079647D+00 0.2351559220517D+00
 0.2380175809095D+00 0.2409139994867D+00 0.2438455976621D+00 0.2468128003008D+00
 0.2498160373088D+00 0.2528557436912D+00 0.2559323596079D+00 0.2590463304321D+00
 0.2621981068078D+00 0.2653881447083D+00 0.2686169054958D+00 0.2718848559806D+00
 0.2751924684813D+00 0.2785402208853D+00 0.2819285967102D+00 0.2853580851647D+00
 0.2888291812117D+00 0.2923423856299D+00 0.2958982050776D+00 0.2994971521558D+00
 0.3031397454724D+00 0.3068265097070D+00 0.3105579756753D+00 0.3143346803950D+00
 0.3181571671516D+00 0.3220259855646D+00 0.3259416916548D+00 0.3299048479109D+00
 0.3339160233576D+00 0.3379757936237D+00 0.3420847410106D+00 0.3462434545607D+00
 0.3504525301278D+00 0.3547125704458D+00 0.3590241851990D+00 0.3633879910931D+00
 0.3678046119250D+00 0.3722746786548D+00 0.3767988294764D+00 0.3813777098900D+00
 0.3860119727736D+00 0.3907022784549D+00 0.3954492947847D+00 0.4002536972089D+00
 0.4051161688415D+00 0.4100374005381D+00 0.4150180909686D+00 0.4200589466910D+00
 0.4251606822245D+00 0.4303240201234D+00 0.4355496910508D+00 0.4408384338518D+00
 0.4461909956273D+00 0.4516081318079D+00 0.4570906062269D+00 0.4626391911943D+00
 0.4682546675694D+00 0.4739378248344D+00 0.4796894611668D+00 0.4855103835122D+00
 0.4914014076565D+00 0.4973633582979D+00 0.5033970691178D+00 0.5095033828527D+00
 0.5156831513636D+00 0.5219372357067D+00 0.5282665062023D+00 0.5346718425034D+00
 0.5411541336631D+00 0.5477142782025D+00 0.5543531841755D+00 0.5610717692346D+00
 0.5678709606948D+00 0.5747516955963D+00 0.5817149207662D+00 0.5887615928788D+00
 0.5958926785145D+00 0.6031091542171D+00 0.6104120065498D+00 0.6178022321491D+00
 0.6252808377772D+00 0.6328488403724D+00 0.6405072670970D+00 0.6482571553838D+00
 0.6560995529798D+00 0.6640355179872D+00 0.6720661189028D+00 0.6801924346533D+00
 0.6884155546284D+00 0.6967365787117D+00 0.7051566173063D+00 0.7136767913586D+00
 0.7222982323785D+00 0.7310220824545D+00 0.7398494942662D+00 0.7487816310916D+00
 0.7578196668104D+00 0.7669647859027D+00 0.7762181834422D+00 0.7855810650849D+00
 0.7950546470512D+00 0.8046401561045D+00 0.8143388295204D+00 0.8241519150526D+00
 0.8340806708903D+00 0.8441263656092D+00 0.8542902781150D+00 0.8645736975788D+00
 0.8749779233647D+00 0.8855042649487D+00 0.8961540418283D+00 0.9069285834229D+00
 0.9178292289636D+00 0.9288573273736D+00 0.9400142371365D+00 0.9513013261531D+00
 0.9627199715868D+00 0.9742715596952D+00 0.9859574856490D+00 0.9977791533361D+00
 0.1009737975151D+01 0.1021835371770D+01 0.1034072771907D+01 0.1046451612054D+01
 0.1058973336203D+01 0.1071639395552D+01 0.1084451248181D+01 0.1097410358723D+01
 0.1110518197995D+01 0.1123776242620D+01 0.1137185974615D+01 0.1150748880962D+01
 0.1164466453140D+01 0.1178340186641D+01 0.1192371580448D+01 0.1206562136485D+01
 0.1220913359031D+01 0.1235426754099D+01 0.1250103828787D+01 0.1264946090573D+01
 0.1279955046587D+01 0.1295132202831D+01 0.1310479063350D+01 0.1325997129369D+01
 0.1341687898363D+01 0.1357552863091D+01 0.1373593510558D+01 0.1389811320933D+01
 0.1406207766395D+01 0.1422784309921D+01 0.1439542403999D+01 0.1456483489273D+01
 0.1473608993112D+01 0.1490920328097D+01 0.1508418890424D+01 0.1526106058217D+01
 0.1543983189745D+01 0.1562051621548D+01 0.1580312666447D+01 0.1598767611449D+01
 0.1617417715535D+01 0.1636264207327D+01 0.1655308282616D+01 0.1674551101765D+01
 0.1693993786955D+01 0.1713637419285D+01 0.1733483035711D+01 0.1753531625804D+01
 0.1773784128339D+01 0.1794241427684D+01 0.1814904349992D+01 0.1835773659177D+01
 0.1856850052659D+01 0.1878134156881D+01 0.1899626522558D+01 0.1921327619674D+01
 0.1943237832176D+01 0.1965357452387D+01 0.1987686675083D+01 0.2010225591246D+01
 0.2032974181448D+01 0.2055932308865D+01 0.2079099711883D+01 0.2102475996275D+01
 0.2126060626936D+01 0.2149852919122D+01 0.2173852029191D+01 0.2198056944797D+01
 0.2222466474504D+01 0.2247079236796D+01 0.2271893648427D+01 0.2296907912083D+01
 0.2322120003304D+01 0.2347527656622D+01 0.2373128350865D+01 0.2398919293557D+01
 0.2424897404385D+01 0.2451059297638D+01 0.2477401263566D+01 0.2503919248583D+01
 0.2530608834236D+01 0.2557465214849D+01 0.2584483173749D+01 0.2611657057983D+01
 0.2638980751410D+01 0.2666447646050D+01 0.2694050611568D+01 0.2721781962750D+01
 0.2749633424823D+01 0.2777596096463D+01 0.2805660410291D+01 0.2833816090699D+01
 0.2862052108757D+01 0.2890356633995D+01 0.2918716982802D+01 0.2947119563159D+01
 0.2975549815402D+01 0.3003992148695D+01 0.3032429872824D+01 0.3060845124930D+01
 0.3089218790712D+01 0.3117530419626D+01 0.3145758133525D+01 0.3173878528136D+01
 0.3201866566698D+01 0.3229695465033D+01 0.3257336567192D+01 0.3284759210784D+01
 0.3311930580922D+01 0.3338815551657D+01 0.3365376513593D+01 0.3391573186243D+01
 0.3417362413490D+01 0.3442697940329D+01 0.3467530168826D+01 0.3491805880858D+01
 0.3515467974717D+01
                                    0.0000000000000D+00
 1030 0.1338189076062D+00
 0.1129228940870D-11 0.1142278546908D-11 0.1155491785047D-11 0.1168870938500D-11
 0.1182444459178D-11 0.1196240503041D-11 0.1210260949421D-11 0.1224507779554D-11
 0.1238983176885D-11 0.1253689227697D-11 0.1268628259045D-11 0.1283802471548D-11
 0.1299214407725D-11 0.1314866427828D-11 0.1330761139543D-11 0.1346901050978D-11
 0.1363289019300D-11 0.1379927720600D-11 0.1396820068414D-11 0.1413968926642D-11
 0.1431377262843D-11 0.1449048253638D-11 0.1466985010762D-11 0.1485190721063D-11
 0.1503668803391D-11 0.1522422497422D-11 0.1541455359940D-11 0.1560770927932D-11
 0.1580372799468D-11 0.1600264735936D-11 0.1620450481504D-11 0.1640933867184D-11
 0.1661718865815D-11 0.1682809560209D-11 0.1704210073761D-11 0.1725924520483D-11
 0.1747957372312D-11 0.1770312819075D-11 0.1792995399333D-11 0.1816009757157D-11
 0.1839360454237D-11 0.1863052237581D-11 0.1887090014511D-11 0.1911478717778D-11
 0.1936223283885D-11 0.1961328981506D-11 0.1986800982290D-11 0.2012644586719D-11
 0.2038865294200D-11 0.2065468657158D-11 0.2092460284643D-11 0.2119845930773D-11
 0.2147631512841D-11 0.2175822976384D-11 0.2204426481768D-11 0.2233448188938D-11
 0.2262894465398D-11 0.2292771713885D-11 0.2323086561819D-11 0.2353845694986D-11
 0.2385055920027D-11 0.2416724211449D-11 0.2448857701918D-11 0.2481463530852D-11
 0.2514549128931D-11 0.2548121981815D-11 0.2582189720612D-11 0.2616760056041D-11
 0.2651841097991D-11 0.2687440758829D-11 0.2723567367544D-11 0.2760229271560D-11
 0.2797435082488D-11 0.2835193406218D-11 0.2873513219370D-11 0.2912403585409D-11
 0.2951873556493D-11 0.2991932746792D-11 0.3032590617339D-11 0.3073856770904D-11
 0.3115741385264D-11 0.3158254556375D-11 0.3201406538206D-11 0.3245207745368D-11
 0.3289669231007D-11 0.3334801455337D-11 0.3380615953053D-11 0.3427123817555D-11
 0.3474336859125D-11 0.3522266714550D-11 0.3570925297890D-11 0.3620324994531D-11
 0.3670478327229D-11 0.3721397866971D-11 0.3773096646400D-11 0.3825588042904D-11
 0.3878885342289D-11 0.3933002312285D-11 0.3987953043598D-11 0.4043751735966D-11
 0.4100413007434D-11 0.4157951704814D-11 0.4216382886040D-11 0.4275722067138D-11
 0.4335985033718D-11 0.4397187706320D-11 0.4459346421540D-11 0.4522478121291D-11
 0.4586599462232D-11 0.4651728116860D-11 0.4717881621892D-11 0.4785078026095D-11
 0.4853335693795D-11 0.4922673532890D-11 0.4993110694967D-11 0.5064666560184D-11
 0.5137361027600D-11 0.5211214617915D-11 0.5286248015286D-11 0.5362482215114D-11
 0.5439939045944D-11 0.5518640161132D-11 0.5598608246951D-11 0.5679866235981D-11
 0.5762437443456D-11 0.5846345737096D-11 0.5931615238254D-11 0.6018271052964D-11
 0.6106338291765D-11 0.6195843107209D-11 0.6286811667801D-11 0.6379270893554D-11
 0.6473248137988D-11 0.6568771624645D-11 0.6665869858937D-11 0.6764572182987D-11
 0.6864908296139D-11 0.6966908424610D-11 0.7070604149375D-11 0.7176026561791D-11
 0.7283208300893D-11 0.7392182568153D-11 0.7502982728310D-11 0.7615643325023D-11
 0.7730199606257D-11 0.7846687337939D-11 0.7965143189604D-11 0.8085604262045D-11
 0.8208109255155D-11 0.8332696647380D-11 0.8459406576324D-11 0.8588279580629D-11
 0.8719356959360D-11 0.8852681492267D-11 0.8988296033603D-11 0.9126244956962D-11
 0.9266573263683D-11 0.9409327345520D-11 0.9554554020979D-11 0.9702301453380D-11
 0.9852618378424D-11 0.1000555563498D-10 0.1016116385719D-10 0.1031949550928D-10
 0.1048060421866D-10 0.1064454433225D-10 0.1081137192009D-10 0.1098114362745D-10
 0.1115391774052D-10 0.1132975370773D-10 0.1150871244729D-10 0.1169085545394D-10
 0.1187624678723D-10 0.1206495104194D-10 0.1225703422898D-10 0.1245256413532D-10
 0.1265160935022D-10 0.1285424135278D-10 0.1306053120363D-10 0.1327055394304D-10
 0.1348438356765D-10 0.1370209792239D-10 0.1392377554731D-10 0.1414949629762D-10
 0.1437934298462D-10 0.1461339917519D-10 0.1485175094002D-10 0.1509448535063D-10
 0.1534169333170D-10 0.1559346518711D-10 0.1584989535896D-10 0.1611107896682D-10
 0.1637711485975D-10 0.1664810198832D-10 0.1692414320132D-10 0.1720534265819D-10
 0.1749180727404D-10 0.1778364628281D-10 0.1808097173827D-10 0.1838389715877D-10
 0.1869253969621D-10 0.1900701876166D-10 0.1932745565368D-10 0.1965397557695D-10
 0.1998670602340D-10 0.2032577747673D-10 0.2067132282764D-10 0.2102347831782D-10
 0.2138238388293D-10 0.2174818195048D-10 0.2212101798931D-10 0.2250104077003D-10
 0.2288840295394D-10 0.2328326049026D-10 0.2368577267352D-10 0.2409610236242D-10
 0.2451441626169D-10 0.2494088463379D-10 0.2537568168934D-10 0.2581898584153D-10
 0.2627098000415D-10 0.2673184982266D-10 0.2720178584847D-10 0.2768098375441D-10
 0.2816964300979D-10 0.2866796728348D-10 0.2917616600233D-10 0.2969445191190D-10
 0.3022304390413D-10 0.3076216491108D-10 0.3131204341780D-10 0.3187291374016D-10
 0.3244501429938D-10 0.3302859043293D-10 0.3362389166021D-10 0.3423117480948D-10
 0.3485070008134D-10 0.3548273770488D-10 0.3612755969652D-10 0.3678544848965D-10
 0.3745668829482D-10 0.3814157434162D-10 0.3884040789943D-10 0.3955349338369D-10
 0.4028114675804D-10 0.4102368994526D-10 0.4178145111290D-10 0.4255476735314D-10
 0.4334398362251D-10 0.4414945184817D-10 0.4497153193573D-10 0.4581059462999D-10
 0.4666701621303D-10 0.4754118411802D-10 0.4843349290421D-10 0.4934434705383D-10
 0.5027416163800D-10 0.5122335920218D-10 0.5219237462675D-10 0.5318164940990D-10
 0.5419164019225D-10 0.5522281072918D-10 0.5627563572676D-10 0.5735060228827D-10
 0.5844820864555D-10 0.5956896523250D-10 0.6071339311993D-10 0.6188202520608D-10
 0.6307540927935D-10 0.6429410398051D-10 0.6553868177752D-10 0.6680972871635D-10
 0.6810784289563D-10 0.6943364144780D-10 0.7078774823352D-10 0.7217080951098D-10
 0.7358348056358D-10 0.7502643742385D-10 0.7650036791119D-10 0.7800597808091D-10
 0.7954399005324D-10 0.8111514340885D-10 0.8272019503047D-10 0.8435991873877D-10
 0.8603510994428D-10 0.8774657672870D-10 0.8949515173097D-10 0.9128168562093D-10
 0.9310704912242D-10 0.9497213446052D-10 0.9687785185148D-10 0.9882513603119D-10
 0.1008149441234D-09 0.1028482546418D-09 0.1049260692967D-09 0.1070494126851D-09
 0.1092193362950D-09 0.1114369156997D-09 0.1137032501219D-09 0.1160194687208D-09
 0.1183867221765D-09 0.1208061925603D-09 0.1232790894821D-09 0.1258066510414D-09
 0.1283901425790D-09 0.1310308649571D-09 0.1337301435727D-09 0.1364893402531D-09
 0.1393098460108D-09 0.1421930880837D-09 0.1451405258383D-09 0.1481536525046D-09
 0.1512340002771D-09 0.1543831339706D-09 0.1576026580714D-09 0.1608942152037D-09
 0.1642594889241D-09 0.1677002006975D-09 0.1712181112996D-09 0.1748150266527D-09
 0.1784927960461D-09 0.1822533109312D-09 0.1860985117579D-09 0.1900303811816D-09
 0.1940509499197D-09 0.1981622994614D-09 0.2023665616442D-09 0.2066659173799D-09
 0.2110625990034D-09 0.2155588941061D-09 0.2201571467758D-09 0.2248597532368D-09
 0.2296691692457D-09 0.2345879130112D-09 0.2396185578705D-09 0.2447637381827D-09
 0.2500261575402D-09 0.2554085822475D-09 0.2609138407280D-09 0.2665448359234D-09
 0.2723045356852D-09 0.2781959816103D-09 0.2842222867391D-09 0.2903866432214D-09
 0.2966923166160D-09 0.3031426467071D-09 0.3097410609566D-09 0.3164910688003D-09
 0.3233962627753D-09 0.3304603169260D-09 0.3376870026786D-09 0.3450801738989D-09
 0.3526437844498D-09 0.3603818789168D-09 0.3682986026720D-09 0.3763982007294D-09
 0.3846850141037D-09 0.3931634960669D-09 0.4018382075317D-09 0.4107138126808D-09
 0.4197950930468D-09 0.4290869490150D-09 0.4385943908975D-09 0.4483225553014D-09
 0.4582767028987D-09 0.4684622244453D-09 0.4788846294269D-09 0.4895495739995D-09
 0.5004628419170D-09 0.5116303643547D-09 0.5230582069494D-09 0.5347525899929D-09
 0.5467198783068D-09 0.5589665956309D-09 0.5714994203327D-09 0.5843251936949D-09
 0.5974509234491D-09 0.6108837833498D-09 0.6246311278690D-09 0.6387004759344D-09
 0.6530995477652D-09 0.6678362389269D-09 0.6829186293929D-09 0.6983550104752D-09
 0.7141538654607D-09 0.7303238850056D-09 0.7468739732275D-09 0.7638132423583D-09
 0.7811510309515D-09 0.7988969071620D-09 0.8170606661180D-09 0.8356523389684D-09
 0.8546822073313D-09 0.8741607951213D-09 0.8940988839975D-09 0.9145075224560D-09
 0.9353980128251D-09 0.9567819524320D-09 0.9786712026452D-09 0.1001077918664D-08
 0.1024014559823D-08 0.1047493870316D-08 0.1071528911937D-08 0.1096133066223D-08
 0.1121320047338D-08 0.1147103878407D-08 0.1173498955195D-08 0.1200519991582D-08
 0.1228182085553D-08 0.1256500682324D-08 0.1285491612964D-08 0.1315171091408D-08
 0.1345555728172D-08 0.1376662527241D-08 0.1408508921635D-08 0.1441112754585D-08
 0.1474492310921D-08 0.1508666320966D-08 0.1543653958108D-08 0.1579474888120D-08
 0.1616149218393D-08 0.1653697584767D-08 0.1692141102243D-08 0.1731501399453D-08
 0.1771800630696D-08 0.1813061508683D-08 0.1855307273655D-08 0.1898561749963D-08
 0.1942849325145D-08 0.1988195005620D-08 0.2034624381607D-08 0.2082163678088D-08
 0.2130839756503D-08 0.2180680134913D-08 0.2231712993772D-08 0.2283967213006D-08
 0.2337472361502D-08 0.2392258743129D-08 0.2448357394482D-08 0.2505800099511D-08
 0.2564619422087D-08 0.2624848736899D-08 0.2686522198553D-08 0.2749674818365D-08
 0.2814342456609D-08 0.2880561844264D-08 0.2948370612893D-08 0.3017807309426D-08
 0.3088911414604D-08 0.3161723372909D-08 0.3236284619672D-08 0.3312637610118D-08
 0.3390825815606D-08 0.3470893773109D-08 0.3552887116635D-08 0.3636852584172D-08
 0.3722838054142D-08 0.3810892571945D-08 0.3901066380851D-08 0.3993410958382D-08
 0.4087979026184D-08 0.4184824597616D-08 0.4284003000574D-08 0.4385570916217D-08
 0.4489586421957D-08 0.4596108969568D-08 0.4705199525616D-08 0.4816920486589D-08
 0.4931335804905D-08 0.5048510990904D-08 0.5168513140251D-08 0.5291410995407D-08
 0.5417274981968D-08 0.5546177238505D-08 0.5678191666456D-08 0.5813393976151D-08
 0.5951861722254D-08 0.6093674335703D-08 0.6238913246067D-08 0.6387661780085D-08
 0.6540005390845D-08 0.6696031568151D-08 0.6855829947188D-08 0.7019492345557D-08
 0.7187112851992D-08 0.7358787833966D-08 0.7534615996938D-08 0.7714698507954D-08
 0.7899138935909D-08 0.8088043440193D-08 0.8281520762360D-08 0.8479682272679D-08
 0.8682642100160D-08 0.8890517124210D-08 0.9103427128280D-08 0.9321494786731D-08
 0.9544845781453D-08 0.9773608848141D-08 0.1000791593812D-07 0.1024790214107D-07
 0.1049370591671D-07 0.1074546903433D-07 0.1100333682363D-07 0.1126745810341D-07
 0.1153798534324D-07 0.1181507476339D-07 0.1209888637598D-07 0.1238958411752D-07
 0.1268733593795D-07 0.1299231387768D-07 0.1330469421580D-07 0.1362465751510D-07
 0.1395238876029D-07 0.1428807747661D-07 0.1463191781378D-07 0.1498410866067D-07
 0.1534485378692D-07 0.1571436194233D-07 0.1609284699082D-07 0.1648052801541D-07
 0.1687762946093D-07 0.1728438128809D-07 0.1770101904750D-07 0.1812778408739D-07
 0.1856492363302D-07 0.1901269098631D-07 0.1947134562393D-07 0.1994115340851D-07
 0.2042238666976D-07 0.2091532441426D-07 0.2142025251560D-07 0.2193746376573D-07
 0.2246725822268D-07 0.2300994318894D-07 0.2356583360426D-07 0.2413525200964D-07
 0.2471852889219D-07 0.2531600283782D-07 0.2592802071826D-07 0.2655493789201D-07
 0.2719711841362D-07 0.2785493527461D-07 0.2852877058826D-07 0.2921901582336D-07
 0.2992607202573D-07 0.3065035008985D-07 0.3139227098534D-07 0.3215226595049D-07
 0.3293077680458D-07 0.3372825621942D-07 0.3454516791933D-07 0.3538198697685D-07
 0.3623920019677D-07 0.3711730619260D-07 0.3801681585660D-07 0.3893825262509D-07
 0.3988215271412D-07 0.4084906551652D-07 0.4183955382468D-07 0.4285419435158D-07
 0.4389357778968D-07 0.4495830943830D-07 0.4604900938715D-07 0.4716631290958D-07
 0.4831087090714D-07 0.4948335015786D-07 0.5068443385754D-07 0.5191482195718D-07
 0.5317523151403D-07 0.5446639726537D-07 0.5578907184142D-07 0.5714402646428D-07
 0.5853205118780D-07 0.5995395546905D-07 0.6141056860483D-07 0.6290274027086D-07
 0.6443134099474D-07 0.6599726265693D-07 0.6760141895455D-07 0.6924474611682D-07
 0.7092820330207D-07 0.7265277319976D-07 0.7441946260459D-07 0.7622930304485D-07
 0.7808335146476D-07 0.7998269057891D-07 0.8192842984443D-07 0.8392170584112D-07
 0.8596368317503D-07 0.8805555492482D-07 0.9019854365378D-07 0.9239390177668D-07
 0.9464291253315D-07 0.9694689075125D-07 0.9930718353976D-07 0.1017251710609D-06
 0.1042022674382D-06 0.1067399215067D-06 0.1093396177761D-06 0.1120028772601D-06
 0.1147312583432D-06 0.1175263576283D-06 0.1203898111724D-06 0.1233232951092D-06
 0.1263285268227D-06 0.1294072660920D-06 0.1325613158631D-06 0.1357925233696D-06
 0.1391027815445D-06 0.1424940296415D-06 0.1459682548633D-06 0.1495274931837D-06
 0.1531738308439D-06 0.1569094052538D-06 0.1607364067508D-06 0.1646570793721D-06
 0.1686737226254D-06 0.1727886925676D-06 0.1770044033124D-06 0.1813233285608D-06
 0.1857480029256D-06 0.1902810235092D-06 0.1949250514976D-06 0.1996828137240D-06
 0.2045571042815D-06 0.2095507861711D-06 0.2146667930628D-06 0.2199081310723D-06
 0.2252778804190D-06 0.2307791975455D-06 0.2364153167111D-06 0.2421895521379D-06
 0.2481053000183D-06 0.2541660402573D-06 0.2603753389274D-06 0.2667368503006D-06
 0.2732543188706D-06 0.2799315820519D-06 0.2867725718133D-06 0.2937813176948D-06
 0.3009619488775D-06 0.3083186968944D-06 0.3158558980100D-06 0.3235779958892D-06
 0.3314895444082D-06 0.3395952102063D-06 0.3478997757814D-06 0.3564081420583D-06
 0.3651253317950D-06 0.3740564923481D-06 0.3832068987423D-06 0.3925819569538D-06
 0.4021872075552D-06 0.4120283285130D-06 0.4221111391341D-06 0.4324416034701D-06
 0.4430258336957D-06 0.4538700944355D-06 0.4649808060914D-06 0.4763645489872D-06
 0.4880280674883D-06 0.4999782739172D-06 0.5122222533761D-06 0.5247672670939D-06
 0.5376207583474D-06 0.5507903553587D-06 0.5642838777623D-06 0.5781093401225D-06
 0.5922749576194D-06 0.6067891507721D-06 0.6216605511930D-06 0.6368980066382D-06
 0.6525105862494D-06 0.6685075868027D-06 0.6848985382055D-06 0.7016932095281D-06
 0.7189016154098D-06 0.7365340218847D-06 0.7546009531055D-06 0.7731131983126D-06
 0.7920818180126D-06 0.8115181516437D-06 0.8314338241901D-06 0.8518407542323D-06
 0.8727511609382D-06 0.8941775721785D-06 0.9161328328887D-06 0.9386301124529D-06
 0.9616829139967D-06 0.9853050825385D-06 0.1009510814355D-05 0.1034314665951D-05
 0.1059731563639D-05 0.1085776812768D-05 0.1112466108650D-05 0.1139815545895D-05
 0.1167841629330D-05 0.1196561285181D-05 0.1225991871402D-05 0.1256151189985D-05
 0.1287057498279D-05 0.1318729521174D-05 0.1351186463700D-05 0.1384448023463D-05
 0.1418534404835D-05 0.1453466331139D-05 0.1489265059348D-05 0.1525952395193D-05
 0.1563550705958D-05 0.1602082938082D-05 0.1641572630504D-05 0.1682043933087D-05
 0.1723521620989D-05 0.1766031113490D-05 0.1809598490527D-05 0.1854250511112D-05
 0.1900014632183D-05 0.1946919027547D-05 0.1994992607920D-05 0.2044265040911D-05
 0.2094766772255D-05 0.2146529047522D-05 0.2199583934273D-05 0.2253964345267D-05
 0.2309704061611D-05 0.2366837757734D-05 0.2425401025990D-05 0.2485430403584D-05
 0.2546963397980D-05 0.2610038515356D-05 0.2674695289144D-05 0.2740974308977D-05
 0.2808917251021D-05 0.2878566909550D-05 0.2949967229016D-05 0.3023163336752D-05
 0.3098201578741D-05 0.3175129553553D-05 0.3253996150484D-05 0.3334851585555D-05
 0.3417747442395D-05 0.3502736711389D-05 0.3589873832267D-05 0.3679214736177D-05
 0.3770816891631D-05 0.3864739348440D-05 0.3961042787560D-05 0.4059789568928D-05
 0.4161043783012D-05 0.4264871302504D-05 0.4371339837642D-05 0.4480518992140D-05
 0.4592480321974D-05 0.4707297394503D-05 0.4825045852149D-05 0.4945803476251D-05
 0.5069650254203D-05 0.5196668449121D-05 0.5326942670903D-05 0.5460559950259D-05
 0.5597609817491D-05 0.5738184381240D-05 0.5882378410331D-05 0.6030289420469D-05
 0.6182017764523D-05 0.6337666722000D-05 0.6497342595948D-05 0.6661154814043D-05
 0.6829216027733D-05 0.7001642223592D-05 0.7178552829875D-05 0.7360070835610D-05
 0.7546322907251D-05 0.7737439513893D-05 0.7933555057914D-05 0.8134808006043D-05
 0.8341341031665D-05 0.8553301157072D-05 0.8770839905920D-05 0.8994113458179D-05
 0.9223282815529D-05 0.9458513967491D-05 0.9699978069099D-05 0.9947851625095D-05
 0.1020231667945D-04 0.1046356101458D-04 0.1073177835774D-04 0.1100716859777D-04
 0.1128993800791D-04 0.1158029948035D-04 0.1187847276964D-04 0.1218468474682D-04
 0.1249916966412D-04 0.1282216943174D-04 0.1315393390342D-04 0.1349472117984D-04
 0.1384479791946D-04 0.1420443966774D-04 0.1457393119582D-04 0.1495356685944D-04
 0.1534365096983D-04 0.1574449818310D-04 0.1615643390434D-04 0.1657979471519D-04
 0.1701492881432D-04 0.1746219648270D-04 0.1792197056837D-04 0.1839463699176D-04
 0.1888059527797D-04 0.1938025911090D-04 0.1989405691292D-04 0.2042243245349D-04
 0.2096584548579D-04 0.2152477241260D-04 0.2209970698322D-04 0.2269116102683D-04
 0.2329966521667D-04 0.2392576987371D-04 0.2457004581048D-04 0.2523308520922D-04
 0.2591550255306D-04 0.2661793559534D-04 0.2734104637562D-04 0.2808552229504D-04
 0.2885207723670D-04 0.2964145274317D-04 0.3045441925788D-04 0.3129177742584D-04
 0.3215435945870D-04 0.3304303057228D-04 0.3395869050170D-04 0.3490227508247D-04
 0.3587475792559D-04 0.3687715217409D-04 0.3791051235540D-04 0.3897593632302D-04
 0.4007456730693D-04 0.4120759607674D-04 0.4237626321112D-04 0.4358186148935D-04
 0.4482573842591D-04 0.4610929891808D-04 0.4743400806380D-04 0.4880139411013D-04
 0.5021305158023D-04 0.5167064456890D-04 0.5317591021148D-04 0.5473066236051D-04
 0.5633679545940D-04 0.5799628863547D-04 0.5971121003029D-04 0.6148372136297D-04
 0.6331608277508D-04 0.6521065793454D-04 0.6716991944144D-04 0.6919645455560D-04
 0.7129297124424D-04 0.7346230459676D-04 0.7570742360970D-04 0.7803143837834D-04
 0.8043760771485D-04 0.8292934722594D-04 0.8551023787199D-04 0.8818403504791D-04
 0.9095467821545D-04 0.9382630112763D-04 0.9680324267680D-04 0.9989005841900D-04
 0.1030915328080D-03 0.1064126922096D-03 0.1098588187062D-03 0.1134354648081D-03
 0.1171484690687D-03 0.1210039727186D-03 0.1250084373557D-03 0.1291686637889D-03
 0.1334918120941D-03 0.1379854229864D-03 0.1426574406012D-03 0.1475162367683D-03
 0.1525706369087D-03 0.1578299476569D-03 0.1633039863386D-03 0.1690031124441D-03
 0.1749382612349D-03 0.1811209796495D-03 0.1875634646824D-03 0.1942786044074D-03
 0.2012800218627D-03 0.2085821219992D-03 0.2162001419322D-03 0.2241502047561D-03
 0.2324493771855D-03 0.2411157313230D-03 0.2501684108786D-03 0.2596277021890D-03
 0.2695151104139D-03 0.2798534413164D-03 0.2906668890872D-03 0.3019811306748D-03
 0.3138234271776D-03 0.3262227328397D-03 0.3392098122926D-03 0.3528173667131D-03
 0.3670801696487D-03 0.3820352132661D-03 0.3977218659835D-03 0.4141820423493D-03
 0.4314603862668D-03 0.4496044686836D-03 0.4686650009733D-03 0.4886960653890D-03
 0.5097553640444D-03 0.5319044880516D-03 0.5552092085848D-03 0.5797397918110D-03
 0.6055713397946D-03 0.6327841597181D-03 0.6614641639497D-03 0.6917033037662D-03
 0.7236000397827D-03 0.7572598524600D-03 0.7927957963952D-03 0.8303291024389D-03
 0.8699898321111D-03 0.9119175892605D-03 0.9562622943146D-03 0.1003185027140D-02
 0.1052858945046D-02 0.1105470283163D-02 0.1161219445227D-02 0.1220322193505D-02
 0.1283010947682D-02 0.1349536203419D-02 0.1420168082477D-02 0.1495198027568D-02
 0.1574940656530D-02 0.1659735791904D-02 0.1749950683830D-02 0.1845982446073D-02
 0.1948260727171D-02 0.2057250641134D-02 0.2173455984774D-02 0.2297422771894D-02
 0.2429743117753D-02 0.2571059511199D-02 0.2722069515971D-02 0.2883530947441D-02
 0.3056267576397D-02 0.3241175417406D-02 0.3439229665991D-02 0.3651492356330D-02
 0.3879120819664D-02 0.4123377033036D-02 0.4385637958580D-02 0.4667406985772D-02
 0.4970326602250D-02 0.5296192434271D-02 0.5646968814908D-02 0.6024806057479D-02
 0.6432059633360D-02 0.6871311478296D-02 0.7345393678828D-02 0.7857414822222D-02
 0.8410789328715D-02 0.9009270125296D-02 0.9656985065991D-02 0.1035847755509D-01
 0.1111875188886D-01 0.1194332389747D-01 0.1283827754449D-01 0.1381032822755D-01
 0.1486689362057D-01 0.1601617300935D-01 0.1726723619863D-01 0.1863012321138D-01
 0.2011595616569D-01 0.2173706490001D-01 0.2350712813029D-01 0.2544133216419D-01
 0.2755654947420D-01 0.2987153974621D-01 0.3240717638065D-01 0.3518670183344D-01
 0.3823601565502D-01 0.4158399962201D-01 0.4526288497002D-01 0.4930866743952D-01
 0.5376157664921D-01 0.5866660723224D-01 0.6407412022245D-01 0.7004052438339D-01
 0.7662904855331D-01 0.8391061765824D-01 0.9196484685461D-01 0.1008811703338D+00
 0.1107601236930D+00 0.1217148014846D+00 0.1338725146732D+00 0.1473766825465D+00
 0.1623889614298D+00 0.1788525043712D+00 0.1966589250984D+00 0.2159144970010D+00
 0.2367352295730D+00 0.2592478283655D+00 0.2835907561913D+00 0.3099154065478D+00
 0.3383874014391D+00 0.3691880271267D+00 0.4025158228424D+00 0.4385883391562D+00
 0.4776440845535D+00 0.5199446808349D+00 0.5657772502238D+00 0.6154570596362D+00
 0.6693304503752D+00 0.7277780846473D+00 0.7912185438162D+00 0.8601123171495D+00
 0.9349662241496D+00 0.1016338318340D+01 0.1104843325696D+01 0.1201158676799D+01
 0.1306031198419D+01 0.1420284537421D+01 0.1544827398102D+01 0.1680662682996D+01
 0.1828897637146D+01 0.1990755107090D+01
    0    0
