 nspin  vdif :::::: Potentials for non-spin-polarized non-relativistic Va.      
    1   0.0000000000000D+00
 LSMS:           Va     z=  0.    xvalws=   0.13477
   0.                      2.65165   0. 0.2551299395533D+00
                 -0.1113096740000D+02 0.9751822497023D+00 1001 1030
 0.2103318557471D-04 0.2130063763234D-04 0.2157143238001D-04 0.2184561113382D-04
 0.2212319562646D-04 0.2240420873928D-04 0.2268869404912D-04 0.2297669561474D-04
 0.2326825803645D-04 0.2356342638891D-04 0.2386224626100D-04 0.2416476380070D-04
 0.2447102564172D-04 0.2478107899427D-04 0.2509497158627D-04 0.2541275171998D-04
 0.2573446824286D-04 0.2606017061605D-04 0.2638990880233D-04 0.2672373342853D-04
 0.2706169567078D-04 0.2740384730949D-04 0.2775024075704D-04 0.2810092903678D-04
 0.2845596580226D-04 0.2881540532935D-04 0.2917930252642D-04 0.2954771299638D-04
 0.2992069297262D-04 0.3029829938308D-04 0.3068058980265D-04 0.3106762252664D-04
 0.3145945650744D-04 0.3185615145135D-04 0.3225776775841D-04 0.3266436651911D-04
 0.3307600963102D-04 0.3349275965120D-04 0.3391467995596D-04 0.3434183465146D-04
 0.3477428863044D-04 0.3521210754258D-04 0.3565535784738D-04 0.3610410683155D-04
 0.3655842254850D-04 0.3701837386938D-04 0.3748403053629D-04 0.3795546314767D-04
 0.3843274307742D-04 0.3891594262161D-04 0.3940513496737D-04 0.3990039412050D-04
 0.4040179505491D-04 0.4090941360012D-04 0.4142332653544D-04 0.4194361154139D-04
 0.4247034727967D-04 0.4300361333358D-04 0.4354349025597D-04 0.4409005959350D-04
 0.4464340387081D-04 0.4520360661546D-04 0.4577075235576D-04 0.4634492668788D-04
 0.4692621619798D-04 0.4751470854611D-04 0.4811049246085D-04 0.4871365774398D-04
 0.4932429530171D-04 0.4994249710720D-04 0.5056835627214D-04 0.5120196705264D-04
 0.5184342484496D-04 0.5249282620587D-04 0.5315026884145D-04 0.5381585171925D-04
 0.5448967488358D-04 0.5517183971042D-04 0.5586244875085D-04 0.5656160582500D-04
 0.5726941597285D-04 0.5798598562868D-04 0.5871142236221D-04 0.5944583516243D-04
 0.6018933433248D-04 0.6094203145513D-04 0.6170403951420D-04 0.6247547290600D-04
 0.6325644730917D-04 0.6404707992224D-04 0.6484748934740D-04 0.6565779552296D-04
 0.6647812002388D-04 0.6730858576049D-04 0.6814931717458D-04 0.6900044026938D-04
 0.6986208251053D-04 0.7073437298715D-04 0.7161744228808D-04 0.7251142264376D-04
 0.7341644783229D-04 0.7433265337944D-04 0.7526017629104D-04 0.7619915538762D-04
 0.7714973107979D-04 0.7811204554828D-04 0.7908624265579D-04 0.8007246803651D-04
 0.8107086914303D-04 0.8208159511611D-04 0.8310479699002D-04 0.8414062765938D-04
 0.8518924174615D-04 0.8625079588401D-04 0.8732544858668D-04 0.8841336021324D-04
 0.8951469321026D-04 0.9062961185933D-04 0.9175828257286D-04 0.9290087363837D-04
 0.9405755549663D-04 0.9522850067456D-04 0.9641388371212D-04 0.9761388130007D-04
 0.9882867234502D-04 0.1000584377987D-03 0.1013033609658D-03 0.1025636272419D-03
 0.1038394243523D-03 0.1051309423046D-03 0.1064383733908D-03 0.1077619122125D-03
 0.1091017558177D-03 0.1104581035839D-03 0.1118311572958D-03 0.1132211212982D-03
 0.1146282022810D-03 0.1160526095508D-03 0.1174945549127D-03 0.1189542527065D-03
 0.1204319200139D-03 0.1219277763491D-03 0.1234420440824D-03 0.1249749481593D-03
 0.1265267163882D-03 0.1280975792022D-03 0.1296877698772D-03 0.1312975245961D-03
 0.1329270823727D-03 0.1345766850337D-03 0.1362465774882D-03 0.1379370075451D-03
 0.1396482260251D-03 0.1413804867743D-03 0.1431340468266D-03 0.1449091661920D-03
 0.1467061081394D-03 0.1485251391236D-03 0.1503665287840D-03 0.1522305501385D-03
 0.1541174793619D-03 0.1560275961728D-03 0.1579611835103D-03 0.1599185278882D-03
 0.1618999192418D-03 0.1639056509994D-03 0.1659360202386D-03 0.1679913275466D-03
 0.1700718772026D-03 0.1721779772333D-03 0.1743099393084D-03 0.1764680789780D-03
 0.1786527156044D-03 0.1808641723816D-03 0.1831027764149D-03 0.1853688588816D-03
 0.1876627549406D-03 0.1899848037679D-03 0.1923353487071D-03 0.1947147372322D-03
 0.1971233211410D-03 0.1995614563992D-03 0.2020295033086D-03 0.2045278266050D-03
 0.2070567954046D-03 0.2096167833410D-03 0.2122081685177D-03 0.2148313337721D-03
 0.2174866664519D-03 0.2201745586401D-03 0.2228954072546D-03 0.2256496139634D-03
 0.2284375852740D-03 0.2312597328294D-03 0.2341164730533D-03 0.2370082275326D-03
 0.2399354229312D-03 0.2428984911301D-03 0.2458978693040D-03 0.2489339998559D-03
 0.2520073305748D-03 0.2551183147085D-03 0.2582674110989D-03 0.2614550840032D-03
 0.2646818033732D-03 0.2679480449217D-03 0.2712542901832D-03 0.2746010263519D-03
 0.2779887467414D-03 0.2814179505701D-03 0.2848891431208D-03 0.2884028358810D-03
 0.2919595464623D-03 0.2955597988039D-03 0.2992041232413D-03 0.3028930565613D-03
 0.3066271419757D-03 0.3104069294655D-03 0.3142329755241D-03 0.3181058435103D-03
 0.3220261035793D-03 0.3259943329441D-03 0.3300111156392D-03 0.3340770429297D-03
 0.3381927132061D-03 0.3423587322326D-03 0.3465757129921D-03 0.3508442759921D-03
 0.3551650493251D-03 0.3595386686707D-03 0.3639657774541D-03 0.3684470269282D-03
 0.3729830762206D-03 0.3775745924584D-03 0.3822222510528D-03 0.3869267354115D-03
 0.3916887373890D-03 0.3965089571903D-03 0.4013881035270D-03 0.4063268937523D-03
 0.4113260540485D-03 0.4163863192054D-03 0.4215084331291D-03 0.4266931487420D-03
 0.4319412280237D-03 0.4372534424118D-03 0.4426305724607D-03 0.4480734085209D-03
 0.4535827502687D-03 0.4591594073449D-03 0.4648041990960D-03 0.4705179548952D-03
 0.4763015141549D-03 0.4821557266885D-03 0.4880814522045D-03 0.4940795614517D-03
 0.5001509352627D-03 0.5062964655666D-03 0.5125170548272D-03 0.5188136167967D-03
 0.5251870761205D-03 0.5316383687644D-03 0.5381684420748D-03 0.5447782549763D-03
 0.5514687780317D-03 0.5582409935442D-03 0.5650958958363D-03 0.5720344914112D-03
 0.5790577988589D-03 0.5861668493128D-03 0.5933626863240D-03 0.6006463661361D-03
 0.6080189581185D-03 0.6154815443259D-03 0.6230352200803D-03 0.6306810941023D-03
 0.6384202886495D-03 0.6462539395154D-03 0.6541831963110D-03 0.6622092227753D-03
 0.6703331966520D-03 0.6785563101593D-03 0.6868797699984D-03 0.6953047974941D-03
 0.7038326288978D-03 0.7124645154375D-03 0.7212017236872D-03 0.7300455355910D-03
 0.7389972485842D-03 0.7480581761649D-03 0.7572296475720D-03 0.7665130082526D-03
 0.7759096202192D-03 0.7854208618714D-03 0.7950481285974D-03 0.8047928324527D-03
 0.8146564029086D-03 0.8246402869382D-03 0.8347459489250D-03 0.8449748712047D-03
 0.8553285541211D-03 0.8658085161813D-03 0.8764162946386D-03 0.8871534451433D-03
 0.8980215426880D-03 0.9090221810658D-03 0.9201569736824D-03 0.9314275534046D-03
 0.9428355732585D-03 0.9543827063040D-03 0.9660706458349D-03 0.9779011058278D-03
 0.9898758212818D-03 0.1001996548110D-02 0.1014265063744D-02 0.1026683167226D-02
 0.1039252679543D-02 0.1051975443754D-02 0.1064853325474D-02 0.1077888212981D-02
 0.1091082017619D-02 0.1104436673956D-02 0.1117954139968D-02 0.1131636397846D-02
 0.1145485453560D-02 0.1159503337798D-02 0.1173692105746D-02 0.1188053837712D-02
 0.1202590639346D-02 0.1217304642028D-02 0.1232198002960D-02 0.1247272905683D-02
 0.1262531560285D-02 0.1277976203852D-02 0.1293609100639D-02 0.1309432542599D-02
 0.1325448849463D-02 0.1341660369254D-02 0.1358069478655D-02 0.1374678583171D-02
 0.1391490117820D-02 0.1408506547091D-02 0.1425730365515D-02 0.1443164098046D-02
 0.1460810300412D-02 0.1478671559504D-02 0.1496750493601D-02 0.1515049752955D-02
 0.1533572020027D-02 0.1552320010068D-02 0.1571296471309D-02 0.1590504185623D-02
 0.1609945968383D-02 0.1629624669737D-02 0.1649543174172D-02 0.1669704401498D-02
 0.1690111307098D-02 0.1710766882306D-02 0.1731674154792D-02 0.1752836189316D-02
 0.1774256087756D-02 0.1795936989980D-02 0.1817882073879D-02 0.1840094556290D-02
 0.1862577693107D-02 0.1885334779735D-02 0.1908369152084D-02 0.1931684186362D-02
 0.1955283299961D-02 0.1979169952117D-02 0.2003347644074D-02 0.2027819919631D-02
 0.2052590365754D-02 0.2077662613276D-02 0.2103040337093D-02 0.2128727257054D-02
 0.2154727138042D-02 0.2181043791021D-02 0.2207681073256D-02 0.2234642889068D-02
 0.2261933190362D-02 0.2289555977066D-02 0.2317515297855D-02 0.2345815250870D-02
 0.2374459983980D-02 0.2403453695668D-02 0.2432800635581D-02 0.2462505105113D-02
 0.2492571458005D-02 0.2523004101060D-02 0.2553807494706D-02 0.2584986153934D-02
 0.2616544648373D-02 0.2648487603565D-02 0.2680819701308D-02 0.2713545680454D-02
 0.2746670337610D-02 0.2780198527701D-02 0.2814135164923D-02 0.2848485223259D-02
 0.2883253737203D-02 0.2918445802675D-02 0.2954066577817D-02 0.2990121283132D-02
 0.3026615203198D-02 0.3063553686732D-02 0.3100942147727D-02 0.3138786065762D-02
 0.3177090987751D-02 0.3215862527720D-02 0.3255106368303D-02 0.3294828261078D-02
 0.3335034027970D-02 0.3375729561867D-02 0.3416920827018D-02 0.3458613860721D-02
 0.3500814773642D-02 0.3543529750981D-02 0.3586765053067D-02 0.3630527016827D-02
 0.3674822055876D-02 0.3719656662588D-02 0.3765037407904D-02 0.3810970942822D-02
 0.3857463999803D-02 0.3904523392891D-02 0.3952156019099D-02 0.4000368859813D-02
 0.4049168981020D-02 0.4098563535176D-02 0.4148559761653D-02 0.4199164987982D-02
 0.4250386630857D-02 0.4302232197660D-02 0.4354709286835D-02 0.4407825589609D-02
 0.4461588890781D-02 0.4516007069977D-02 0.4571088102973D-02 0.4626840062392D-02
 0.4683271119329D-02 0.4740389544471D-02 0.4798203709203D-02 0.4856722086899D-02
 0.4915953253933D-02 0.4975905891494D-02 0.5036588786158D-02 0.5098010831836D-02
 0.5160181030453D-02 0.5223108493969D-02 0.5286802444878D-02 0.5351272218254D-02
 0.5416527263050D-02 0.5482577142891D-02 0.5549431538211D-02 0.5617100247221D-02
 0.5685593187485D-02 0.5754920397329D-02 0.5825092037510D-02 0.5896118392360D-02
 0.5968009871502D-02 0.6040777011409D-02 0.6114430476969D-02 0.6188981062702D-02
 0.6264439694838D-02 0.6340817432645D-02 0.6418125470005D-02 0.6496375137222D-02
 0.6575577902592D-02 0.6655745374099D-02 0.6736889300991D-02 0.6819021575792D-02
 0.6902154235813D-02 0.6986299464906D-02 0.7071469595422D-02 0.7157677109895D-02
 0.7244934642797D-02 0.7333254982723D-02 0.7422651073642D-02 0.7513136017527D-02
 0.7604723075950D-02 0.7697425671622D-02 0.7791257391077D-02 0.7886231986193D-02
 0.7982363376455D-02 0.8079665650697D-02 0.8178153069614D-02 0.8277840067261D-02
 0.8378741253825D-02 0.8480871417182D-02 0.8584245525411D-02 0.8688878729015D-02
 0.8794786362853D-02 0.8901983948609D-02 0.9010487196976D-02 0.9120312010129D-02
 0.9231474483870D-02 0.9343990909903D-02 0.9457877778462D-02 0.9573151780665D-02
 0.9689829810908D-02 0.9807928969210D-02 0.9927466564056D-02 0.1004846011469D-01
 0.1017092735352D-01 0.1029488622933D-01 0.1042035490898D-01 0.1054735178119D-01
 0.1067589545810D-01 0.1080600477882D-01 0.1093769881194D-01 0.1107099685821D-01
 0.1120591845324D-01 0.1134248337100D-01 0.1148071162591D-01 0.1162062347642D-01
 0.1176223942750D-01 0.1190558023395D-01 0.1205066690348D-01 0.1219752069938D-01
 0.1234616314404D-01 0.1249661602202D-01 0.1264890138320D-01 0.1280304154585D-01
 0.1295905910024D-01 0.1311697691173D-01 0.1327681812396D-01 0.1343860616269D-01
 0.1360236473888D-01 0.1376811785228D-01 0.1393588979485D-01 0.1410570515456D-01
 0.1427758881856D-01 0.1445156597743D-01 0.1462766212827D-01 0.1480590307894D-01
 0.1498631495133D-01 0.1516892418579D-01 0.1535375754412D-01 0.1554084211476D-01
 0.1573020531560D-01 0.1592187489851D-01 0.1611587895335D-01 0.1631224591217D-01
 0.1651100455307D-01 0.1671218400493D-01 0.1691581375097D-01 0.1712192363377D-01
 0.1733054385931D-01 0.1754170500128D-01 0.1775543800592D-01 0.1797177419604D-01
 0.1819074527616D-01 0.1841238333685D-01 0.1863672085939D-01 0.1886379072070D-01
 0.1909362619790D-01 0.1932626097375D-01 0.1956172914073D-01 0.1980006520685D-01
 0.2004130410007D-01 0.2028548117391D-01 0.2053263221225D-01 0.2078279343489D-01
 0.2103600150270D-01 0.2129229352270D-01 0.2155170705410D-01 0.2181428011329D-01
 0.2208005117977D-01 0.2234905920145D-01 0.2262134360055D-01 0.2289694427952D-01
 0.2317590162638D-01 0.2345825652119D-01 0.2374405034180D-01 0.2403332496969D-01
 0.2432612279674D-01 0.2462248673048D-01 0.2492246020147D-01 0.2522608716864D-01
 0.2553341212639D-01 0.2584448011095D-01 0.2615933670689D-01 0.2647802805367D-01
 0.2680060085277D-01 0.2712710237425D-01 0.2745758046355D-01 0.2779208354893D-01
 0.2813066064818D-01 0.2847336137584D-01 0.2882023595059D-01 0.2917133520270D-01
 0.2952671058115D-01 0.2988641416124D-01 0.3025049865263D-01 0.3061901740617D-01
 0.3099202442282D-01 0.3136957436073D-01 0.3175172254341D-01 0.3213852496813D-01
 0.3253003831357D-01 0.3292631994882D-01 0.3332742794123D-01 0.3373342106488D-01
 0.3414435880961D-01 0.3456030138931D-01 0.3498130975103D-01 0.3540744558351D-01
 0.3583877132684D-01 0.3627535018080D-01 0.3671724611459D-01 0.3716452387641D-01
 0.3761724900211D-01 0.3807548782564D-01 0.3853930748825D-01 0.3900877594841D-01
 0.3948396199194D-01 0.3996493524154D-01 0.4045176616777D-01 0.4094452609846D-01
 0.4144328722999D-01 0.4194812263723D-01 0.4245910628430D-01 0.4297631303570D-01
 0.4349981866679D-01 0.4402969987564D-01 0.4456603429302D-01 0.4510890049495D-01
 0.4565837801319D-01 0.4621454734792D-01 0.4677748997835D-01 0.4734728837551D-01
 0.4792402601374D-01 0.4850778738316D-01 0.4909865800190D-01 0.4969672442868D-01
 0.5030207427528D-01 0.5091479621945D-01 0.5153498001801D-01 0.5216271651925D-01
 0.5279809767735D-01 0.5344121656468D-01 0.5409216738592D-01 0.5475104549175D-01
 0.5541794739279D-01 0.5609297077349D-01 0.5677621450635D-01 0.5746777866681D-01
 0.5816776454721D-01 0.5887627467191D-01 0.5959341281215D-01 0.6031928400118D-01
 0.6105399454948D-01 0.6179765206043D-01 0.6255036544563D-01 0.6331224494137D-01
 0.6408340212377D-01 0.6486394992612D-01 0.6565400265433D-01 0.6645367600412D-01
 0.6726308707760D-01 0.6808235440066D-01 0.6891159793965D-01 0.6975093911934D-01
 0.7060050084026D-01 0.7146040749656D-01 0.7233078499452D-01 0.7321176077011D-01
 0.7410346380816D-01 0.7500602466069D-01 0.7591957546611D-01 0.7684424996825D-01
 0.7778018353574D-01 0.7872751318177D-01 0.7968637758387D-01 0.8065691710421D-01
 0.8163927380965D-01 0.8263359149244D-01 0.8364001569134D-01 0.8465869371204D-01
 0.8568977464924D-01 0.8673340940789D-01 0.8778975072489D-01 0.8885895319131D-01
 0.8994117327492D-01 0.9103656934252D-01 0.9214530168310D-01 0.9326753253067D-01
 0.9440342608818D-01 0.9555314855065D-01 0.9671686812974D-01 0.9789475507729D-01
 0.9908698171074D-01 0.1002937224374D+00 0.1015151537796D+00 0.1027514544003D+00
 0.1040028051287D+00 0.1052693889866D+00 0.1065513912140D+00 0.1078489992964D+00
 0.1091624029916D+00 0.1104917943565D+00 0.1118373677754D+00 0.1131993199877D+00
 0.1145778501154D+00 0.1159731596926D+00 0.1173854526938D+00 0.1188149355635D+00
 0.1202618172453D+00 0.1217263092121D+00 0.1232086254960D+00 0.1247089827197D+00
 0.1262276001261D+00 0.1277646996109D+00 0.1293205057532D+00 0.1308952458484D+00
 0.1324891499395D+00 0.1341024508509D+00 0.1357353842210D+00 0.1373881885355D+00
 0.1390611051615D+00 0.1407543783816D+00 0.1424682554289D+00 0.1442029865213D+00
 0.1459588248976D+00 0.1477360268529D+00 0.1495348517749D+00 0.1513555621805D+00
 0.1531984237527D+00 0.1550637053782D+00 0.1569516791852D+00 0.1588626205813D+00
 0.1607968082930D+00 0.1627545244035D+00 0.1647360543934D+00 0.1667416871802D+00
 0.1687717151584D+00 0.1708264342409D+00 0.1729061438997D+00 0.1750111472079D+00
 0.1771417508821D+00 0.1792982653240D+00 0.1814810046649D+00 0.1836902868080D+00
 0.1859264334729D+00 0.1881897702402D+00 0.1904806265959D+00 0.1927993359770D+00
 0.1951462358177D+00 0.1975216675949D+00 0.1999259768759D+00 0.2023595133650D+00
 0.2048226309516D+00 0.2073156877584D+00 0.2098390461899D+00 0.2123930729818D+00
 0.2149781392509D+00 0.2175946205448D+00 0.2202428968930D+00 0.2229233528582D+00
 0.2256363775875D+00 0.2283823648650D+00 0.2311617131643D+00 0.2339748257017D+00
 0.2368221104903D+00 0.2397039803937D+00 0.2426208531808D+00 0.2455731515812D+00
 0.2485613033410D+00 0.2515857412788D+00 0.2546469033426D+00 0.2577452326671D+00
 0.2608811776310D+00 0.2640551919162D+00 0.2672677345655D+00 0.2705192700429D+00
 0.2738102682924D+00 0.2771412047991D+00 0.2805125606495D+00 0.2839248225929D+00
 0.2873784831032D+00 0.2908740404411D+00 0.2944119987171D+00 0.2979928679540D+00
 0.3016171641517D+00 0.3052854093503D+00 0.3089981316958D+00 0.3127558655040D+00
 0.3165591513272D+00 0.3204085360194D+00 0.3243045728032D+00 0.3282478213366D+00
 0.3322388477805D+00 0.3362782248659D+00 0.3403665319625D+00 0.3445043551472D+00
 0.3486922872729D+00 0.3529309280380D+00 0.3572208840559D+00 0.3615627689250D+00
 0.3659572032993D+00 0.3704048149589D+00 0.3749062388810D+00 0.3794621173115D+00
 0.3840730998360D+00 0.3887398434521D+00 0.3934630126414D+00 0.3982432794416D+00
 0.4030813235191D+00 0.4079778322418D+00 0.4129335007516D+00 0.4179490320375D+00
 0.4230251370088D+00 0.4281625345680D+00 0.4333619516839D+00 0.4386241234653D+00
 0.4439497932333D+00 0.4493397125953D+00 0.4547946415174D+00 0.4603153483978D+00
 0.4659026101391D+00 0.4715572122211D+00 0.4772799487735D+00 0.4830716226470D+00
 0.4889330454862D+00 0.4948650377999D+00 0.5008684290330D+00 0.5069440576357D+00
 0.5130927711349D+00 0.5193154262026D+00 0.5256128887245D+00 0.5319860338686D+00
 0.5384357461519D+00 0.5449629195072D+00 0.5515684573481D+00 0.5582532726335D+00
 0.5650182879314D+00 0.5718644354809D+00 0.5787926572529D+00 0.5858039050105D+00
 0.5928991403665D+00 0.6000793348408D+00 0.6073454699150D+00 0.6146985370864D+00
 0.6221395379190D+00 0.6296694840938D+00 0.6372893974554D+00 0.6450003100586D+00
 0.6528032642108D+00 0.6606993125123D+00 0.6686895178949D+00 0.6767749536568D+00
 0.6849567034950D+00 0.6932358615343D+00 0.7016135323535D+00 0.7100908310080D+00
 0.7186688830481D+00 0.7273488245348D+00 0.7361318020505D+00 0.7450189727054D+00
 0.7540115041403D+00 0.7631105745240D+00 0.7723173725458D+00 0.7816330974030D+00
 0.7910589587826D+00 0.8005961768373D+00 0.8102459821558D+00 0.8200096157261D+00
 0.8298883288923D+00 0.8398833833047D+00 0.8499960508614D+00 0.8602276136434D+00
 0.8705793638406D+00 0.8810526036696D+00 0.8916486452816D+00 0.9023688106620D+00
 0.9132144315190D+00 0.9241868491621D+00 0.9352874143689D+00 0.9465174872418D+00
 0.9578784370502D+00 0.9693716420618D+00 0.9809984893593D+00 0.9927603746437D+00
 0.1004658702022D+01 0.1016694883778D+01 0.1028870340131D+01 0.1041186498972D+01
 0.1053644795586D+01 0.1066246672350D+01 0.1078993578416D+01 0.1091886969372D+01
 0.1104928306877D+01 0.1118119058279D+01 0.1131460696199D+01 0.1144954698102D+01
 0.1158602545828D+01 0.1172405725103D+01 0.1186365725017D+01 0.1200484037467D+01
 0.1214762156577D+01 0.1229201578069D+01 0.1243803798609D+01 0.1258570315108D+01
 0.1273502623982D+01 0.1288602220375D+01 0.1303870597328D+01 0.1319309244906D+01
 0.1334919649276D+01 0.1350703291726D+01 0.1366661647636D+01 0.1382796185382D+01
 0.1399108365186D+01 0.1415599637897D+01 0.1432271443702D+01 0.1449125210769D+01
 0.1466162353809D+01 0.1483384272559D+01 0.1500792350184D+01 0.1518387951584D+01
 0.1536172421612D+01 0.1554147083184D+01 0.1572313235294D+01 0.1590672150914D+01
 0.1609225074772D+01 0.1627973221017D+01 0.1646917770743D+01 0.1666059869382D+01
 0.1685400623949D+01 0.1704941100134D+01 0.1724682319232D+01 0.1744625254898D+01
 0.1764770829729D+01 0.1785119911643D+01 0.1805673310065D+01 0.1826431771892D+01
 0.1847395977237D+01 0.1868566534927D+01 0.1889943977751D+01 0.1911528757439D+01
 0.1933321239355D+01 0.1955321696889D+01 0.1977530305528D+01 0.1999947136594D+01
 0.2022572150617D+01 0.2045405190332D+01 0.2068445973269D+01 0.2091694083921D+01
 0.2115148965453D+01 0.2138809910927D+01 0.2162676054027D+01 0.2186746359224D+01
 0.2211019611378D+01 0.2235494404716D+01 0.2260169131163D+01 0.2285041967974D+01
 0.2310110864630D+01 0.2335373528948D+01 0.2360827412341D+01 0.2386469694202D+01
 0.2412297265318D+01 0.2438306710278D+01 0.2464494288785D+01 0.2490855915822D+01
 0.2517387140563D+01 0.2544083123968D+01 0.2570938614959D+01 0.2597947925071D+01
 0.2625104901482D+01 0.2652402898297D+01 0.2679834745953D+01 0.2707392718618D+01
 0.2735068499431D+01 0.2762853143408D+01 0.2790737037853D+01 0.2818709860065D+01
 0.2846760532141D+01 0.2874877172630D+01 0.2903047044800D+01 0.2931256501227D+01
 0.2959490924406D+01 0.2987734663049D+01 0.3015970963707D+01 0.3044181897296D+01
 0.3072348280094D+01 0.3100449588702D+01 0.3128463868435D+01 0.3156367634518D+01
 0.3184135765432D+01 0.3211741387653D+01 0.3239155750940D+01 0.3266348093274D+01
 0.3293285494377D+01 0.3319932716672D+01 0.3346252032391D+01 0.3372203035353D+01
 0.3397742435811D+01 0.3422823836502D+01 0.3447397487846D+01 0.3471410009976D+01
 0.3494804128057D+01
                                    0.0000000000000D+00
 1030 0.1347740729697D+00
 0.1134131499172D-11 0.1147258392168D-11 0.1160550359139D-11 0.1174009637858D-11
 0.1187664921182D-11 0.1201544314634D-11 0.1215649801059D-11 0.1229983380968D-11
 0.1244547268318D-11 0.1259343594682D-11 0.1274374667620D-11 0.1289642774563D-11
 0.1305150460140D-11 0.1320900160839D-11 0.1336894459786D-11 0.1353136067181D-11
 0.1369627650273D-11 0.1386372080352D-11 0.1403372241000D-11 0.1420631030839D-11
 0.1438151588207D-11 0.1455936999207D-11 0.1473990421112D-11 0.1492315226729D-11
 0.1510914663414D-11 0.1529792227226D-11 0.1548951409159D-11 0.1568395832747D-11
 0.1588129157086D-11 0.1608155161756D-11 0.1628477641163D-11 0.1649100584463D-11
 0.1670027944031D-11 0.1691263859347D-11 0.1712812457083D-11 0.1734678060536D-11
 0.1756864970722D-11 0.1779377710244D-11 0.1802220877614D-11 0.1825398888608D-11
 0.1848916632952D-11 0.1872778905507D-11 0.1896990546740D-11 0.1921556667588D-11
 0.1946482331139D-11 0.1971772759620D-11 0.1997433289360D-11 0.2023469278551D-11
 0.2049886349057D-11 0.2076690070997D-11 0.2103886104753D-11 0.2131480440629D-11
 0.2159478988512D-11 0.2187887877111D-11 0.2216713188123D-11 0.2245961316461D-11
 0.2275638677825D-11 0.2305751864977D-11 0.2336307516329D-11 0.2367312428404D-11
 0.2398773594447D-11 0.2430698030409D-11 0.2463092972049D-11 0.2495965779078D-11
 0.2529323937978D-11 0.2563174929271D-11 0.2597526730423D-11 0.2632387155724D-11
 0.2667764252920D-11 0.2703666288578D-11 0.2740101647684D-11 0.2777078835658D-11
 0.2814606461889D-11 0.2852693549665D-11 0.2891349032382D-11 0.2930582115693D-11
 0.2970402258557D-11 0.3010818873905D-11 0.3051841803022D-11 0.3093481025734D-11
 0.3135746509530D-11 0.3178648682154D-11 0.3222197962529D-11 0.3266405067590D-11
 0.3311280941449D-11 0.3356836819377D-11 0.3403083811103D-11 0.3450033780114D-11
 0.3497697997719D-11 0.3546089007325D-11 0.3595218644085D-11 0.3645099709167D-11
 0.3695744743352D-11 0.3747166662100D-11 0.3799378797864D-11 0.3852394683526D-11
 0.3906227769962D-11 0.3960892320639D-11 0.4016402536349D-11 0.4072772934758D-11
 0.4130018439643D-11 0.4188154038590D-11 0.4247195452395D-11 0.4307158074944D-11
 0.4368058074811D-11 0.4429911885740D-11 0.4492736231143D-11 0.4556547917005D-11
 0.4621364443770D-11 0.4687203546469D-11 0.4754083191713D-11 0.4822021847558D-11
 0.4891038129194D-11 0.4961151610691D-11 0.5032381265497D-11 0.5104747484689D-11
 0.5178270278011D-11 0.5252970705200D-11 0.5328869650245D-11 0.5405988852519D-11
 0.5484350246291D-11 0.5563976267928D-11 0.5644889971600D-11 0.5727114665389D-11
 0.5810674264856D-11 0.5895593009943D-11 0.5981895888727D-11 0.6069608106323D-11
 0.6158755729610D-11 0.6249364953457D-11 0.6341463046376D-11 0.6435076913840D-11
 0.6530235105465D-11 0.6626966297453D-11 0.6725299527641D-11 0.6825264659222D-11
 0.6926892178165D-11 0.7030213224266D-11 0.7135259418317D-11 0.7242063219225D-11
 0.7350657958175D-11 0.7461076907614D-11 0.7573354732099D-11 0.7687526761843D-11
 0.7803628992900D-11 0.7921697865345D-11 0.8041770759464D-11 0.8163886095592D-11
 0.8288083060683D-11 0.8414401071960D-11 0.8542881393098D-11 0.8673565159784D-11
 0.8806494973009D-11 0.8941714438904D-11 0.9079267297600D-11 0.9219199342860D-11
 0.9361556213816D-11 0.9506385477119D-11 0.9653735079450D-11 0.9803654343276D-11
 0.9956193607463D-11 0.1011140388911D-10 0.1026933786598D-10 0.1043004908829D-10
 0.1059359248336D-10 0.1076002348110D-10 0.1092939935277D-10 0.1110177864618D-10
 0.1127722067235D-10 0.1145578657395D-10 0.1163753842764D-10 0.1182253972831D-10
 0.1201085544139D-10 0.1220255207211D-10 0.1239769729919D-10 0.1259636033103D-10
 0.1279861210142D-10 0.1300452492276D-10 0.1321417252640D-10 0.1342763100378D-10
 0.1364497664866D-10 0.1386628905077D-10 0.1409164878173D-10 0.1432113802070D-10
 0.1455484064636D-10 0.1479284371928D-10 0.1503523430529D-10 0.1528210297637D-10
 0.1553354085270D-10 0.1578964284552D-10 0.1605050435135D-10 0.1631622388614D-10
 0.1658690114023D-10 0.1686263918611D-10 0.1714354296185D-10 0.1742971934563D-10
 0.1772127834665D-10 0.1801833154151D-10 0.1832099357366D-10 0.1862938181448D-10
 0.1894361543881D-10 0.1926381754111D-10 0.1959011269765D-10 0.1992262924255D-10
 0.2026149759715D-10 0.2060685186255D-10 0.2095882902730D-10 0.2131756850762D-10
 0.2168321339722D-10 0.2205590993325D-10 0.2243580826269D-10 0.2282306007215D-10
 0.2321782310461D-10 0.2362025669598D-10 0.2403052438588D-10 0.2444879338548D-10
 0.2487523522486D-10 0.2531002463124D-10 0.2575334016583D-10 0.2620536500009D-10
 0.2666628686651D-10 0.2713629703810D-10 0.2761559028751D-10 0.2810436864141D-10
 0.2860283590709D-10 0.2911120194782D-10 0.2962968118869D-10 0.3015849213577D-10
 0.3069786014085D-10 0.3124801416455D-10 0.3180918897051D-10 0.3238162482700D-10
 0.3296556715977D-10 0.3356126683427D-10 0.3416898180710D-10 0.3478897439476D-10
 0.3542151368325D-10 0.3606687465429D-10 0.3672533981357D-10 0.3739719685009D-10
 0.3808274053729D-10 0.3878227148092D-10 0.3949610004388D-10 0.4022454049930D-10
 0.4096791627806D-10 0.4172655744994D-10 0.4250080281872D-10 0.4329099932692D-10
 0.4409749838278D-10 0.4492066427895D-10 0.4576086757766D-10 0.4661848679110D-10
 0.4749391090586D-10 0.4838753653456D-10 0.4929977043356D-10 0.5023102870880D-10
 0.5118173605457D-10 0.5215232932298D-10 0.5314325384340D-10 0.5415496521958D-10
 0.5518793076415D-10 0.5624262855657D-10 0.5731954761426D-10 0.5841918634097D-10
 0.5954206004244D-10 0.6068869068886D-10 0.6185961549042D-10 0.6305538341877D-10
 0.6427655585933D-10 0.6552370852849D-10 0.6679742921186D-10 0.6809832117753D-10
 0.6942700098417D-10 0.7078409949963D-10 0.7217026397431D-10 0.7358615323464D-10
 0.7503244518523D-10 0.7650983367861D-10 0.7801902594044D-10 0.7956074990873D-10
 0.8113574652984D-10 0.8274477781755D-10 0.8438862127939D-10 0.8606807455580D-10
 0.8778395273267D-10 0.8953709117215D-10 0.9132834447824D-10 0.9315858775262D-10
 0.9502871680036D-10 0.9693964954264D-10 0.9889232340374D-10 0.1008876998540D-09
 0.1029267618989D-09 0.1050105174758D-09 0.1071399982161D-09 0.1093162588935D-09
 0.1115403798224D-09 0.1138134684874D-09 0.1161366550224D-09 0.1185110999009D-09
 0.1209379937950D-09 0.1234185467162D-09 0.1259540058761D-09 0.1285456459244D-09
 0.1311947676642D-09 0.1339027097849D-09 0.1366708379717D-09 0.1395005512436D-09
 0.1423932868333D-09 0.1453505053010D-09 0.1483737150177D-09 0.1514644518550D-09
 0.1546242896540D-09 0.1578548444755D-09 0.1611577629888D-09 0.1645347414812D-09
 0.1679875031151D-09 0.1715178279672D-09 0.1751275270548D-09 0.1788184600312D-09
 0.1825925273257D-09 0.1864516812866D-09 0.1903979122373D-09 0.1944332660951D-09
 0.1985598337244D-09 0.2027797569134D-09 0.2070952295209D-09 0.2115084968157D-09
 0.2160218591658D-09 0.2206376689571D-09 0.2253583403900D-09 0.2301863416784D-09
 0.2351242019993D-09 0.2401745111532D-09 0.2453399149423D-09 0.2506231365426D-09
 0.2560269535296D-09 0.2615542133988D-09 0.2672078283139D-09 0.2729907891313D-09
 0.2789061513800D-09 0.2849570458871D-09 0.2911466818114D-09 0.2974783402545D-09
 0.3039553818415D-09 0.3105812561205D-09 0.3173594878215D-09 0.3242936903688D-09
 0.3313875561987D-09 0.3386448803024D-09 0.3460695380640D-09 0.3536655049122D-09
 0.3614368468224D-09 0.3693877329191D-09 0.3775224276556D-09 0.3858453049124D-09
 0.3943608393519D-09 0.4030736109276D-09 0.4119883200586D-09 0.4211097694213D-09
 0.4304428852081D-09 0.4399927117077D-09 0.4497644096238D-09 0.4597632697219D-09
 0.4699947135965D-09 0.4804642817659D-09 0.4911776599452D-09 0.5021406726055D-09
 0.5133592741133D-09 0.5248395726826D-09 0.5365878138304D-09 0.5486104113998D-09
 0.5609139184889D-09 0.5735050468142D-09 0.5863906872223D-09 0.5995778786424D-09
 0.6130738410010D-09 0.6268859621640D-09 0.6410218185915D-09 0.6554891598292D-09
 0.6702959274853D-09 0.6854502613468D-09 0.7009604843785D-09 0.7168351386674D-09
 0.7330829602427D-09 0.7497129023586D-09 0.7667341330886D-09 0.7841560434394D-09
 0.8019882560880D-09 0.8202406179386D-09 0.8389232259542D-09 0.8580464110176D-09
 0.8776207659008D-09 0.8976571340834D-09 0.9181666169438D-09 0.9391605988077D-09
 0.9606507311298D-09 0.9826489455943D-09 0.1005167467660D-08 0.1028218827275D-08
 0.1051815842384D-08 0.1075971659606D-08 0.1100699729409D-08 0.1126013840624D-08
 0.1151928110325D-08 0.1178457000058D-08 0.1205615326984D-08 0.1233418261271D-08
 0.1261881348282D-08 0.1291020507599D-08 0.1320852046586D-08 0.1351392668865D-08
 0.1382659485182D-08 0.1414670019467D-08 0.1447442225262D-08 0.1480994492104D-08
 0.1515345663469D-08 0.1550515015525D-08 0.1586522332253D-08 0.1623387845301D-08
 0.1661132300967D-08 0.1699776940053D-08 0.1739343517370D-08 0.1779854321687D-08
 0.1821332189582D-08 0.1863800502848D-08 0.1907283222619D-08 0.1951804879875D-08
 0.1997390625280D-08 0.2044066203190D-08 0.2091857980702D-08 0.2140792992593D-08
 0.2190898903747D-08 0.2242204071421D-08 0.2294737529350D-08 0.2348529040813D-08
 0.2403609072006D-08 0.2460008837072D-08 0.2517760320548D-08 0.2576896276937D-08
 0.2637450261554D-08 0.2699456645844D-08 0.2762950639384D-08 0.2827968307142D-08
 0.2894546609673D-08 0.2962723395594D-08 0.3032537420666D-08 0.3104028423068D-08
 0.3177237072280D-08 0.3252205058537D-08 0.3328975066894D-08 0.3407590836377D-08
 0.3488097178496D-08 0.3570539974807D-08 0.3654966243141D-08 0.3741424152867D-08
 0.3829963044378D-08 0.3920633439961D-08 0.4013487127380D-08 0.4108577143863D-08
 0.4205957813764D-08 0.4305684802886D-08 0.4407815121077D-08 0.4512407171099D-08
 0.4619520789226D-08 0.4729217272626D-08 0.4841559414838D-08 0.4956611536827D-08
 0.5074439504507D-08 0.5195110860335D-08 0.5318694725677D-08 0.5445261936820D-08
 0.5574885088486D-08 0.5707638496206D-08 0.5843598316016D-08 0.5982842567196D-08
 0.6125451171166D-08 0.6271505987555D-08 0.6421090913590D-08 0.6574291848676D-08
 0.6731196814086D-08 0.6891895986664D-08 0.7056481732051D-08 0.7225048682241D-08
 0.7397693782084D-08 0.7574516327156D-08 0.7755618071999D-08 0.7941103221630D-08
 0.8131078562720D-08 0.8325653448042D-08 0.8524939962157D-08 0.8729052868099D-08
 0.8938109755468D-08 0.9152231111119D-08 0.9371540372628D-08 0.9596163917338D-08
 0.9826231289437D-08 0.1006187520018D-07 0.1030323153849D-07 0.1055043959361D-07
 0.1080364200431D-07 0.1106298492543D-07 0.1132861808305D-07 0.1160069485179D-07
 0.1187937237320D-07 0.1216481160969D-07 0.1245717747569D-07 0.1275663891049D-07
 0.1306336901832D-07 0.1337754510351D-07 0.1369934879242D-07 0.1402896616157D-07
 0.1436658789281D-07 0.1471240927196D-07 0.1506663038201D-07 0.1542945619301D-07
 0.1580109672170D-07 0.1618176708643D-07 0.1657168766418D-07 0.1697108427432D-07
 0.1738018821184D-07 0.1779923644507D-07 0.1822847174361D-07 0.1866814284018D-07
 0.1911850451045D-07 0.1957981778709D-07 0.2005235012590D-07 0.2053637544878D-07
 0.2103217447371D-07 0.2154003471430D-07 0.2206025077560D-07 0.2259312445295D-07
 0.2313896489666D-07 0.2369808889033D-07 0.2427082095419D-07 0.2485749351917D-07
 0.2545844716005D-07 0.2607403086584D-07 0.2670460204309D-07 0.2735052699648D-07
 0.2801218084716D-07 0.2868994807157D-07 0.2938422242314D-07 0.3009540732171D-07
 0.3082391615527D-07 0.3157017234953D-07 0.3233460972102D-07 0.3311767275210D-07
 0.3391981678309D-07 0.3474150828948D-07 0.3558322519792D-07 0.3644545717496D-07
 0.3732870582702D-07 0.3823348509550D-07 0.3916032148385D-07 0.4010975444424D-07
 0.4108233660642D-07 0.4207863412979D-07 0.4309922710887D-07 0.4414470982736D-07
 0.4521569112279D-07 0.4631279478692D-07 0.4743665984462D-07 0.4858794108931D-07
 0.4976730923595D-07 0.5097545160985D-07 0.5221307219400D-07 0.5348089242391D-07
 0.5477965129116D-07 0.5611010596494D-07 0.5747303219474D-07 0.5886922476012D-07
 0.6029949787714D-07 0.6176468578082D-07 0.6326564321340D-07 0.6480324579197D-07
 0.6637839070480D-07 0.6799199709855D-07 0.6964500669066D-07 0.7133838429335D-07
 0.7307311842799D-07 0.7485022191963D-07 0.7667073232467D-07 0.7853571282319D-07
 0.8044625254338D-07 0.8240346745849D-07 0.8440850091413D-07 0.8646252433945D-07
 0.8856673792322D-07 0.9072237130063D-07 0.9293068436105D-07 0.9519296794500D-07
 0.9751054454196D-07 0.9988476915207D-07 0.1023170301332D-06 0.1048087498791D-06
 0.1073613857607D-06 0.1099764309920D-06 0.1126554154976D-06 0.1153999067528D-06
 0.1182115108423D-06 0.1210918733322D-06 0.1240426801180D-06 0.1270656588409D-06
 0.1301625793095D-06 0.1333352550883D-06 0.1365855443223D-06 0.1399153508005D-06
 0.1433266252219D-06 0.1468213662626D-06 0.1504016217783D-06 0.1540694901802D-06
 0.1578271213544D-06 0.1616767181942D-06 0.1656205379543D-06 0.1696608933366D-06
 0.1738001540293D-06 0.1780407482125D-06 0.1823851637660D-06 0.1868359500522D-06
 0.1913957191000D-06 0.1960671475405D-06 0.2008529777976D-06 0.2057560199799D-06
 0.2107791536097D-06 0.2159253292668D-06 0.2211975701426D-06 0.2265989741901D-06
 0.2321327158950D-06 0.2378020479251D-06 0.2436103035348D-06 0.2495608980966D-06
 0.2556573313373D-06 0.2619031897237D-06 0.2683021480668D-06 0.2748579722240D-06
 0.2815745210834D-06 0.2884557490681D-06 0.2955057082762D-06 0.3027285511773D-06
 0.3101285330864D-06 0.3177100145868D-06 0.3254774640649D-06 0.3334354609756D-06
 0.3415886980076D-06 0.3499419842682D-06 0.3585002479170D-06 0.3672685394931D-06
 0.3762520347822D-06 0.3854560379014D-06 0.3948859847545D-06 0.4045474463714D-06
 0.4144461316771D-06 0.4245878920471D-06 0.4349787238043D-06 0.4456247725958D-06
 0.4565323369302D-06 0.4677078719944D-06 0.4791579936011D-06 0.4908894826228D-06
 0.5029092884587D-06 0.5152245336426D-06 0.5278425188714D-06 0.5407707264063D-06
 0.5540168255192D-06 0.5675886766791D-06 0.5814943367713D-06 0.5957420642755D-06
 0.6103403237164D-06 0.6252977916338D-06 0.6406233615100D-06 0.6563261497682D-06
 0.6724155008225D-06 0.6889009936086D-06 0.7057924469594D-06 0.7230999265577D-06
 0.7408337503449D-06 0.7590044956090D-06 0.7776230056532D-06 0.7967003961565D-06
 0.8162480630553D-06 0.8362776886972D-06 0.8568012502094D-06 0.8778310265920D-06
 0.8993796066252D-06 0.9214598972429D-06 0.9440851312853D-06 0.9672688760671D-06
 0.9910250427083D-06 0.1015367894318D-05 0.1040312055631D-05 0.1065872522089D-05
 0.1092064670260D-05 0.1118904267063D-05 0.1146407480638D-05 0.1174590890197D-05
 0.1203471497721D-05 0.1233066738650D-05 0.1263394493306D-05 0.1294473098529D-05
 0.1326321360407D-05 0.1358958566551D-05 0.1392404498243D-05 0.1426679444387D-05
 0.1461804214988D-05 0.1497800154603D-05 0.1534689157306D-05 0.1572493681255D-05
 0.1611236763192D-05 0.1650942035586D-05 0.1691633741520D-05 0.1733336751400D-05
 0.1776076580459D-05 0.1819879405804D-05 0.1864772085052D-05 0.1910782174250D-05
 0.1957937947827D-05 0.2006268417722D-05 0.2055803353868D-05 0.2106573305127D-05
 0.2158609621259D-05 0.2211944474086D-05 0.2266610881783D-05 0.2322642731368D-05
 0.2380074803655D-05 0.2438942797773D-05 0.2499283357727D-05 0.2561134098463D-05
 0.2624533633443D-05 0.2689521603057D-05 0.2756138703895D-05 0.2824426719154D-05
 0.2894428548568D-05 0.2966188242073D-05 0.3039751031971D-05 0.3115163366970D-05
 0.3192472948416D-05 0.3271728765346D-05 0.3352981133468D-05 0.3436281732496D-05
 0.3521683647815D-05 0.3609241410578D-05 0.3699011041431D-05 0.3791050093956D-05
 0.3885417700460D-05 0.3982174620228D-05 0.4081383286752D-05 0.4183107859264D-05
 0.4287414273900D-05 0.4394370298954D-05 0.4504045590130D-05 0.4616511747621D-05
 0.4731842376100D-05 0.4850113146761D-05 0.4971401862685D-05 0.5095788521335D-05
 0.5223355387257D-05 0.5354187059899D-05 0.5488370548570D-05 0.5625995349326D-05
 0.5767153521970D-05 0.5911939772889D-05 0.6060451540250D-05 0.6212789080642D-05
 0.6369055560839D-05 0.6529357152082D-05 0.6693803128108D-05 0.6862505966791D-05
 0.7035581454636D-05 0.7213148797763D-05 0.7395330734566D-05 0.7582253652442D-05
 0.7774047712390D-05 0.7970846974253D-05 0.8172789529602D-05 0.8380017638505D-05
 0.8592677871926D-05 0.8810921260088D-05 0.9034903446587D-05 0.9264784846537D-05
 0.9500730816481D-05 0.9742911823977D-05 0.9991503629312D-05 0.1024668747359D-04
 0.1050865027112D-04 0.1077758481541D-04 0.1105368998749D-04 0.1133717097985D-04
 0.1162823952006D-04 0.1192711411504D-04 0.1223402029545D-04 0.1254919087951D-04
 0.1287286623796D-04 0.1320529458023D-04 0.1354673224572D-04 0.1389744401076D-04
 0.1425770340906D-04 0.1462779306484D-04 0.1500800504282D-04 0.1539864120698D-04
 0.1580001360562D-04 0.1621244486377D-04 0.1663626860089D-04 0.1707182985900D-04
 0.1751948555951D-04 0.1797960497224D-04 0.1845257021105D-04 0.1893877675117D-04
 0.1943863396780D-04 0.1995256570355D-04 0.2048101085743D-04 0.2102442400571D-04
 0.2158327605125D-04 0.2215805489925D-04 0.2274926617080D-04 0.2335743394575D-04
 0.2398310154305D-04 0.2462683233937D-04 0.2528921062645D-04 0.2597084250628D-04
 0.2667235683929D-04 0.2739440622939D-04 0.2813766805980D-04 0.2890284558389D-04
 0.2969066907031D-04 0.3050189699737D-04 0.3133731731616D-04 0.3219774877350D-04
 0.3308404229997D-04 0.3399708247813D-04 0.3493778906929D-04 0.3590711863620D-04
 0.3690606623694D-04 0.3793566721405D-04 0.3899699907220D-04 0.4009118346217D-04
 0.4121938825477D-04 0.4238282974110D-04 0.4358277494174D-04 0.4482054403568D-04
 0.4609751292951D-04 0.4741511595642D-04 0.4877484872812D-04 0.5017827113834D-04
 0.5162701053333D-04 0.5312276505397D-04 0.5466730716914D-04 0.5626248739815D-04
 0.5791023824421D-04 0.5961257835675D-04 0.6137161691390D-04 0.6318955826534D-04
 0.6506870683806D-04 0.6701147232212D-04 0.6902037515325D-04 0.7109805232144D-04
 0.7324726350363D-04 0.7547089757320D-04 0.7777197948118D-04 0.8015367754415D-04
 0.8261931117317D-04 0.8517235905796D-04 0.8781646785024D-04 0.9055546136344D-04
 0.9339335033795D-04 0.9633434279860D-04 0.9938285505387D-04 0.1025435233668D-03
 0.1058212163583D-03 0.1092210481760D-03 0.1127483924985D-03 0.1164088974147D-03
 0.1202085012548D-03 0.1241534494270D-03 0.1282503123307D-03 0.1325060044350D-03
 0.1369278045833D-03 0.1415233776303D-03 0.1463007974984D-03 0.1512685717429D-03
 0.1564356677608D-03 0.1618115407421D-03 0.1674061634999D-03 0.1732300582989D-03
 0.1792943308638D-03 0.1856107066938D-03 0.1921915698768D-03 0.1990500045805D-03
 0.2061998394270D-03 0.2136556949617D-03 0.2214330344653D-03 0.2295482183486D-03
 0.2380185624156D-03 0.2468624003078D-03 0.2560991504095D-03 0.2657493876279D-03
 0.2758349203821D-03 0.2863788732264D-03 0.2974057755788D-03 0.3089416570095D-03
 0.3210141496456D-03 0.3336525982635D-03 0.3468881786788D-03 0.3607540251467D-03
 0.3752853674901D-03 0.3905196787681D-03 0.4064968343902D-03 0.4232592835944D-03
 0.4408522343925D-03 0.4593238530613D-03 0.4787254794840D-03 0.4991118596871D-03
 0.5205413970413D-03 0.5430764237851D-03 0.5667834946476D-03 0.5917337044906D-03
 0.6180030321641D-03 0.6456727128428D-03 0.6748296414708D-03 0.7055668100822D-03
 0.7379837821064D-03 0.7721872070401D-03 0.8082913791868D-03 0.8464188445894D-03
 0.8867010606009D-03 0.9292791130865D-03 0.9743044966630D-03 0.1021939963981D-02
 0.1072360450658D-02 0.1125754083143D-02 0.1182323277520D-02 0.1242285938173D-02
 0.1305876766022D-02 0.1373348687219D-02 0.1444974414228D-02 0.1521048152531D-02
 0.1601887467581D-02 0.1687835328276D-02 0.1779262344863D-02 0.1876569221233D-02
 0.1980189443727D-02 0.2090592230968D-02 0.2208285772005D-02 0.2333820783033D-02
 0.2467794416445D-02 0.2610854559630D-02 0.2763704565319D-02 0.2927108459959D-02
 0.3101896681955D-02 0.3288972407614D-02 0.3489318529302D-02 0.3704005357923D-02
 0.3934199130211D-02 0.4181171410905D-02 0.4446309490572D-02 0.4731127891824D-02
 0.5037281110291D-02 0.5366577731970D-02 0.5720996085780D-02 0.6102701609545D-02
 0.6514066129594D-02 0.6957689278906D-02 0.7436422306588D-02 0.7953394563334D-02
 0.8512042982957D-02 0.9116144920858D-02 0.9769854755968D-02 0.1047774471475D-01
 0.1124485043465D-01 0.1207672185137D-01 0.1297948007008D-01 0.1395988096691D-01
 0.1502538636480D-01 0.1618424373941D-01 0.1744557553720D-01 0.1881947933169D-01
 0.2031714020857D-01 0.2195095695662D-01 0.2373468385513D-01 0.2568359009068D-01
 0.2781463911436D-01 0.3014669056582D-01 0.3270072775259D-01 0.3550011408546D-01
 0.3857088234219D-01 0.4194206117067D-01 0.4564604385977D-01 0.4971900510972D-01
 0.5420137234217D-01 0.5913835901115D-01 0.6458056843458D-01 0.7058467787396D-01
 0.7721421397485D-01 0.8454043226724D-01 0.9264331523734D-01 0.1016127055638D+00
 0.1115495934867D+00 0.1225675800001D+00 0.1347945406806D+00 0.1483745247499D+00
 0.1634698920466D+00 0.1800244253705D+00 0.1979304955081D+00 0.2172954210668D+00
 0.2382363893033D+00 0.2608814331197D+00 0.2853705115186D+00 0.3118567047763D+00
 0.3405075368412D+00 0.3715064388644D+00 0.4050543693143D+00 0.4413716078576D+00
 0.4806997420969D+00 0.5233038683976D+00 0.5694750304013D+00 0.6195329214623D+00
 0.6738288801786D+00 0.7327492114465D+00 0.7967188691011D+00 0.8662055402365D+00
 0.9417241757838D+00 0.1023842016927D+01 0.1113184172455D+01 0.1210439808376D+01
 0.1316369017889D+01 0.1431810447558D+01 0.1557689763882D+01 0.1695029054006D+01
 0.1844957264710D+01 0.2008721795528D+01
    0    0
