 nspin  vdif :::::: Potentials for non-spin-polarized non-relativistic Va.      
    1   0.0000000000000D+00
 LSMS:           Va     z=  0.    xvalws=   0.12679
   0.                      2.65165   0. 0.2551299395533D+00
                 -0.1113096740000D+02 0.9751822497023D+00 1001 1030
 0.2132998613652D-04 0.2160105367237D-04 0.2187550830677D-04 0.2215339189323D-04
 0.2243472667114D-04 0.2271953606103D-04 0.2300786418055D-04 0.2329975570155D-04
 0.2359525576917D-04 0.2389441007282D-04 0.2419726480888D-04 0.2450386671026D-04
 0.2481426303900D-04 0.2512850160801D-04 0.2544663077681D-04 0.2576869951511D-04
 0.2609475729369D-04 0.2642485420090D-04 0.2675904091769D-04 0.2709736869266D-04
 0.2743988939849D-04 0.2778665550206D-04 0.2813772011120D-04 0.2849313694076D-04
 0.2885296034777D-04 0.2921724535773D-04 0.2958604761785D-04 0.2995942342769D-04
 0.3033742980014D-04 0.3072012440451D-04 0.3110756559164D-04 0.3149981242235D-04
 0.3189692465752D-04 0.3229896278389D-04 0.3270598800385D-04 0.3311806224004D-04
 0.3353524818821D-04 0.3395760928523D-04 0.3438520972216D-04 0.3481811447817D-04
 0.3525638929778D-04 0.3570010072105D-04 0.3614931610927D-04 0.3660410364103D-04
 0.3706453226263D-04 0.3753067182305D-04 0.3800259294895D-04 0.3848036720091D-04
 0.3896406692408D-04 0.3945376537248D-04 0.3994953673646D-04 0.4045145599103D-04
 0.4095959915384D-04 0.4147404302850D-04 0.4199486546123D-04 0.4252214517499D-04
 0.4305596188454D-04 0.4359639627288D-04 0.4414352995355D-04 0.4469744558061D-04
 0.4525822677875D-04 0.4582595823807D-04 0.4640072562245D-04 0.4698261564334D-04
 0.4757171610194D-04 0.4816811582811D-04 0.4877190476173D-04 0.4938317390620D-04
 0.5000201537187D-04 0.5062852243650D-04 0.5126278947760D-04 0.5190491196443D-04
 0.5255498667668D-04 0.5321311138536D-04 0.5387938520750D-04 0.5455390835379D-04
 0.5523678234163D-04 0.5592810985678D-04 0.5662799485459D-04 0.5733654257909D-04
 0.5805385953111D-04 0.5878005350746D-04 0.5951523362815D-04 0.6025951030782D-04
 0.6101299537065D-04 0.6177580194694D-04 0.6254804454121D-04 0.6332983908534D-04
 0.6412130290594D-04 0.6492255473047D-04 0.6573371480320D-04 0.6655490473383D-04
 0.6738624770148D-04 0.6822786832942D-04 0.6907989277767D-04 0.6994244873966D-04
 0.7081566545400D-04 0.7169967373563D-04 0.7259460602600D-04 0.7350059627347D-04
 0.7441778021923D-04 0.7534629512355D-04 0.7628627994439D-04 0.7723787534897D-04
 0.7820122374742D-04 0.7917646918985D-04 0.8016375760231D-04 0.8116323656264D-04
 0.8217505553832D-04 0.8319936576378D-04 0.8423632035537D-04 0.8528607419884D-04
 0.8634878418905D-04 0.8742460905308D-04 0.8851370946502D-04 0.8961624804154D-04
 0.9073238942711D-04 0.9186230018360D-04 0.9300614896694D-04 0.9416410650044D-04
 0.9533634548695D-04 0.9652304083520D-04 0.9772436949822D-04 0.9894051064941D-04
 0.1001716455993D-03 0.1014179578632D-03 0.1026796331684D-03 0.1039568596260D-03
 0.1052498274555D-03 0.1065587293072D-03 0.1078837601619D-03 0.1092251172704D-03
 0.1105830004408D-03 0.1119576117338D-03 0.1133491559009D-03 0.1147578399159D-03
 0.1161838734360D-03 0.1176274686785D-03 0.1190888402920D-03 0.1205682057221D-03
 0.1220657849172D-03 0.1235818005475D-03 0.1251164779925D-03 0.1266700454008D-03
 0.1282427336017D-03 0.1298347763579D-03 0.1314464101790D-03 0.1330778744302D-03
 0.1347294114725D-03 0.1364012665877D-03 0.1380936879837D-03 0.1398069269441D-03
 0.1415412377484D-03 0.1432968778387D-03 0.1450741077477D-03 0.1468731911847D-03
 0.1486943949720D-03 0.1505379893024D-03 0.1524042476703D-03 0.1542934467360D-03
 0.1562058666653D-03 0.1581417909214D-03 0.1601015064808D-03 0.1620853038259D-03
 0.1640934769102D-03 0.1661263232648D-03 0.1681841440748D-03 0.1702672441407D-03
 0.1723759320274D-03 0.1745105199155D-03 0.1766713240016D-03 0.1788586641017D-03
 0.1810728640234D-03 0.1833142515138D-03 0.1855831582577D-03 0.1878799199580D-03
 0.1902048765609D-03 0.1925583718648D-03 0.1949407540968D-03 0.1973523755344D-03
 0.1997935928349D-03 0.2022647669817D-03 0.2047662633177D-03 0.2072984515665D-03
 0.2098617061247D-03 0.2124564057715D-03 0.2150829339180D-03 0.2177416786799D-03
 0.2204330328374D-03 0.2231573939527D-03 0.2259151644660D-03 0.2287067516922D-03
 0.2315325678014D-03 0.2343930301414D-03 0.2372885609455D-03 0.2402195876907D-03
 0.2431865430454D-03 0.2461898649312D-03 0.2492299965051D-03 0.2523073864006D-03
 0.2554224887144D-03 0.2585757629765D-03 0.2617676743782D-03 0.2649986936879D-03
 0.2682692974892D-03 0.2715799680862D-03 0.2749311936187D-03 0.2783234683193D-03
 0.2817572922182D-03 0.2852331714701D-03 0.2887516185563D-03 0.2923131519463D-03
 0.2959182965571D-03 0.2995675836566D-03 0.3032615508897D-03 0.3070007425716D-03
 0.3107857096148D-03 0.3146170094433D-03 0.3184952065338D-03 0.3224208719786D-03
 0.3263945839344D-03 0.3304169275731D-03 0.3344884951976D-03 0.3386098862468D-03
 0.3427817074508D-03 0.3470045730556D-03 0.3512791046029D-03 0.3556059312416D-03
 0.3599856897535D-03 0.3644190248330D-03 0.3689065886630D-03 0.3734490416706D-03
 0.3780470522638D-03 0.3827012967544D-03 0.3874124600003D-03 0.3921812349452D-03
 0.3970083230470D-03 0.4018944342499D-03 0.4068402872839D-03 0.4118466093143D-03
 0.4169141367099D-03 0.4220436145522D-03 0.4272357970166D-03 0.4324914475409D-03
 0.4378113387349D-03 0.4431962527126D-03 0.4486469809952D-03 0.4541643248366D-03
 0.4597490951288D-03 0.4654021127817D-03 0.4711242084809D-03 0.4769162231361D-03
 0.4827790079810D-03 0.4887134243529D-03 0.4947203443114D-03 0.5008006503286D-03
 0.5069552358486D-03 0.5131850049631D-03 0.5194908728374D-03 0.5258737657530D-03
 0.5323346213846D-03 0.5388743886059D-03 0.5454940280088D-03 0.5521945117952D-03
 0.5589768239335D-03 0.5658419606350D-03 0.5727909298757D-03 0.5798247520538D-03
 0.5869444600920D-03 0.5941510993565D-03 0.6014457278983D-03 0.6088294167149D-03
 0.6163032499311D-03 0.6238683246687D-03 0.6315257514911D-03 0.6392766544928D-03
 0.6471221714472D-03 0.6550634540099D-03 0.6631016677745D-03 0.6712379925161D-03
 0.6794736224735D-03 0.6878097663488D-03 0.6962476475012D-03 0.7047885043209D-03
 0.7134335901973D-03 0.7221841737166D-03 0.7310415389953D-03 0.7400069858306D-03
 0.7490818296755D-03 0.7582674020440D-03 0.7675650508402D-03 0.7769761401715D-03
 0.7865020507299D-03 0.7961441803116D-03 0.8059039433478D-03 0.8157827717318D-03
 0.8257821147969D-03 0.8359034393557D-03 0.8461482301584D-03 0.8565179901081D-03
 0.8670142403733D-03 0.8776385205860D-03 0.8883923891476D-03 0.8992774234715D-03
 0.9102952200717D-03 0.9214473951347D-03 0.9327355842548D-03 0.9441614430702D-03
 0.9557266474141D-03 0.9674328934951D-03 0.9792818981155D-03 0.9912753990754D-03
 0.1003415155228D-02 0.1015702947003D-02 0.1028140576386D-02 0.1040729867283D-02
 0.1053472666025D-02 0.1066370841065D-02 0.1079426283948D-02 0.1092640909124D-02
 0.1106016654297D-02 0.1119555480892D-02 0.1133259374127D-02 0.1147130343412D-02
 0.1161170422657D-02 0.1175381670642D-02 0.1189766170897D-02 0.1204326032706D-02
 0.1219063390844D-02 0.1233980406094D-02 0.1249079265589D-02 0.1264362183120D-02
 0.1279831399311D-02 0.1295489182369D-02 0.1311337827763D-02 0.1327379659095D-02
 0.1343617028423D-02 0.1360052316145D-02 0.1376687931797D-02 0.1393526314389D-02
 0.1410569932445D-02 0.1427821284599D-02 0.1445282900013D-02 0.1462957338407D-02
 0.1480847191087D-02 0.1498955080558D-02 0.1517283661518D-02 0.1535835620781D-02
 0.1554613678005D-02 0.1573620585876D-02 0.1592859130876D-02 0.1612332133136D-02
 0.1632042447300D-02 0.1651992962669D-02 0.1672186603797D-02 0.1692626330910D-02
 0.1713315140167D-02 0.1734256064420D-02 0.1755452173064D-02 0.1776906573544D-02
 0.1798622410414D-02 0.1820602867094D-02 0.1842851165604D-02 0.1865370567019D-02
 0.1888164372326D-02 0.1911235922661D-02 0.1934588600043D-02 0.1958225827379D-02
 0.1982151069413D-02 0.2006367833186D-02 0.2030879668295D-02 0.2055690167773D-02
 0.2080802968072D-02 0.2106221750361D-02 0.2131950240324D-02 0.2157992209210D-02
 0.2184351474156D-02 0.2211031898655D-02 0.2238037393619D-02 0.2265371917229D-02
 0.2293039475929D-02 0.2321044125283D-02 0.2349389969728D-02 0.2378081164282D-02
 0.2407121914106D-02 0.2436516475851D-02 0.2466269157923D-02 0.2496384321197D-02
 0.2526866379624D-02 0.2557719801053D-02 0.2588949107710D-02 0.2620558876798D-02
 0.2652553741426D-02 0.2684938391069D-02 0.2717717572260D-02 0.2750896089462D-02
 0.2784478805544D-02 0.2818470642771D-02 0.2852876583201D-02 0.2887701669648D-02
 0.2922951006240D-02 0.2958629759562D-02 0.2994743158891D-02 0.3031296497241D-02
 0.3068295132085D-02 0.3105744486238D-02 0.3143650048517D-02 0.3182017374599D-02
 0.3220852087662D-02 0.3260159879805D-02 0.3299946512161D-02 0.3340217815902D-02
 0.3380979693477D-02 0.3422238119296D-02 0.3463999140164D-02 0.3506268876994D-02
 0.3549053524955D-02 0.3592359354629D-02 0.3636192713259D-02 0.3680560025346D-02
 0.3725467793258D-02 0.3770922599041D-02 0.3816931104679D-02 0.3863500053467D-02
 0.3910636270481D-02 0.3958346664375D-02 0.4006638227641D-02 0.4055518038086D-02
 0.4104993259691D-02 0.4155071143663D-02 0.4205759029593D-02 0.4257064346395D-02
 0.4308994613616D-02 0.4361557442231D-02 0.4414760535912D-02 0.4468611692369D-02
 0.4523118804069D-02 0.4578289859703D-02 0.4634132945290D-02 0.4690656245305D-02
 0.4747868043890D-02 0.4805776726163D-02 0.4864390779265D-02 0.4923718793890D-02
 0.4983769465123D-02 0.5044551594156D-02 0.5106074089337D-02 0.5168345967412D-02
 0.5231376355200D-02 0.5295174490289D-02 0.5359749723255D-02 0.5425111518142D-02
 0.5491269454553D-02 0.5558233228578D-02 0.5626012654650D-02 0.5694617666492D-02
 0.5764058318878D-02 0.5834344789078D-02 0.5905487378566D-02 0.5977496513785D-02
 0.6050382748547D-02 0.6124156765106D-02 0.6198829375889D-02 0.6274411524739D-02
 0.6350914289328D-02 0.6428348881716D-02 0.6506726650774D-02 0.6586059083548D-02
 0.6666357807233D-02 0.6747634590124D-02 0.6829901344413D-02 0.6913170126903D-02
 0.6997453141655D-02 0.7082762741107D-02 0.7169111428184D-02 0.7256511858242D-02
 0.7344976840643D-02 0.7434519340750D-02 0.7525152481900D-02 0.7616889547346D-02
 0.7709743981903D-02 0.7803729394330D-02 0.7898859559092D-02 0.7995148418537D-02
 0.8092610084483D-02 0.8191258840984D-02 0.8291109145822D-02 0.8392175633146D-02
 0.8494473115055D-02 0.8598016584225D-02 0.8702821215953D-02 0.8808902370053D-02
 0.8916275593955D-02 0.9024956624087D-02 0.9134961388469D-02 0.9246306009401D-02
 0.9359006805347D-02 0.9473080293656D-02 0.9588543192716D-02 0.9705412424462D-02
 0.9823705117327D-02 0.9943438607929D-02 0.1006463044432D-01 0.1018729838802D-01
 0.1031146041699D-01 0.1043713472837D-01 0.1056433974053D-01 0.1069309409653D-01
 0.1082341666632D-01 0.1095532654949D-01 0.1108884307866D-01 0.1122398582163D-01
 0.1136077458452D-01 0.1149922941477D-01 0.1163937060399D-01 0.1178121869089D-01
 0.1192479446426D-01 0.1207011896615D-01 0.1221721349488D-01 0.1236609960823D-01
 0.1251679912643D-01 0.1266933413542D-01 0.1282372699027D-01 0.1298000031813D-01
 0.1313817702211D-01 0.1329828028387D-01 0.1346033356733D-01 0.1362436062250D-01
 0.1379038548861D-01 0.1395843249742D-01 0.1412852627723D-01 0.1430069175624D-01
 0.1447495416610D-01 0.1465133904598D-01 0.1482987224600D-01 0.1501057993098D-01
 0.1519348858457D-01 0.1537862501280D-01 0.1556601634833D-01 0.1575569005416D-01
 0.1594767392783D-01 0.1614199610521D-01 0.1633868506498D-01 0.1653776963278D-01
 0.1673927898493D-01 0.1694324265342D-01 0.1714969052985D-01 0.1735865286949D-01
 0.1757016029669D-01 0.1778424380814D-01 0.1800093477838D-01 0.1822026496410D-01
 0.1844226650833D-01 0.1866697194580D-01 0.1889441420753D-01 0.1912462662548D-01
 0.1935764293756D-01 0.1959349729234D-01 0.1983222425445D-01 0.2007385880951D-01
 0.2031843636901D-01 0.2056599277572D-01 0.2081656430898D-01 0.2107018768987D-01
 0.2132690008654D-01 0.2158673911994D-01 0.2184974286913D-01 0.2211594987653D-01
 0.2238539915455D-01 0.2265813019005D-01 0.2293418295113D-01 0.2321359789233D-01
 0.2349641596102D-01 0.2378267860304D-01 0.2407242776895D-01 0.2436570592021D-01
 0.2466255603523D-01 0.2496302161584D-01 0.2526714669352D-01 0.2557497583600D-01
 0.2588655415342D-01 0.2620192730567D-01 0.2652114150817D-01 0.2684424353932D-01
 0.2717128074692D-01 0.2750230105561D-01 0.2783735297319D-01 0.2817648559828D-01
 0.2851974862736D-01 0.2886719236172D-01 0.2921886771557D-01 0.2957482622259D-01
 0.2993512004429D-01 0.3029980197683D-01 0.3066892545958D-01 0.3104254458234D-01
 0.3142071409343D-01 0.3180348940776D-01 0.3219092661503D-01 0.3258308248769D-01
 0.3298001448941D-01 0.3338178078328D-01 0.3378844024090D-01 0.3420005245013D-01
 0.3461667772441D-01 0.3503837711155D-01 0.3546521240236D-01 0.3589724614009D-01
 0.3633454162914D-01 0.3677716294462D-01 0.3722517494157D-01 0.3767864326454D-01
 0.3813763435735D-01 0.3860221547231D-01 0.3907245468063D-01 0.3954842088180D-01
 0.4003018381402D-01 0.4051781406474D-01 0.4101138308010D-01 0.4151096317603D-01
 0.4201662754854D-01 0.4252845028485D-01 0.4304650637342D-01 0.4357087171575D-01
 0.4410162313678D-01 0.4463883839664D-01 0.4518259620189D-01 0.4573297621652D-01
 0.4629005907434D-01 0.4685392639044D-01 0.4742466077280D-01 0.4800234583490D-01
 0.4858706620751D-01 0.4917890755123D-01 0.4977795656912D-01 0.5038430101893D-01
 0.5099802972643D-01 0.5161923259791D-01 0.5224800063373D-01 0.5288442594142D-01
 0.5352860174877D-01 0.5418062241806D-01 0.5484058345942D-01 0.5550858154492D-01
 0.5618471452251D-01 0.5686908143039D-01 0.5756178251159D-01 0.5826291922813D-01
 0.5897259427655D-01 0.5969091160223D-01 0.6041797641464D-01 0.6115389520314D-01
 0.6189877575170D-01 0.6265272715537D-01 0.6341585983595D-01 0.6418828555759D-01
 0.6497011744351D-01 0.6576146999281D-01 0.6656245909643D-01 0.6737320205407D-01
 0.6819381759202D-01 0.6902442587950D-01 0.6986514854683D-01 0.7071610870259D-01
 0.7157743095208D-01 0.7244924141489D-01 0.7333166774350D-01 0.7422483914194D-01
 0.7512888638418D-01 0.7604394183356D-01 0.7697013946179D-01 0.7790761486845D-01
 0.7885650530043D-01 0.7981694967243D-01 0.8078908858644D-01 0.8177306435266D-01
 0.8276902100981D-01 0.8377710434614D-01 0.8479746192057D-01 0.8583024308403D-01
 0.8687559900117D-01 0.8793368267219D-01 0.8900464895470D-01 0.9008865458691D-01
 0.9118585820954D-01 0.9229642038907D-01 0.9342050364098D-01 0.9455827245313D-01
 0.9570989330954D-01 0.9687553471471D-01 0.9805536721760D-01 0.9924956343624D-01
 0.1004582980829D+00 0.1016817479894D+00 0.1029200921317D+00 0.1041735116571D+00
 0.1054421899089D+00 0.1067263124542D+00 0.1080260671093D+00 0.1093416439676D+00
 0.1106732354265D+00 0.1120210362154D+00 0.1133852434233D+00 0.1147660565273D+00
 0.1161636774212D+00 0.1175783104445D+00 0.1190101624117D+00 0.1204594426418D+00
 0.1219263629882D+00 0.1234111378696D+00 0.1249139842999D+00 0.1264351219197D+00
 0.1279747730276D+00 0.1295331626119D+00 0.1311105183823D+00 0.1327070708034D+00
 0.1343230531264D+00 0.1359587014232D+00 0.1376142546193D+00 0.1392899545281D+00
 0.1409860458852D+00 0.1427027763835D+00 0.1444403967077D+00 0.1461991605701D+00
 0.1479793247468D+00 0.1497811491135D+00 0.1516048966829D+00 0.1534508336411D+00
 0.1553192293859D+00 0.1572103565642D+00 0.1591244911107D+00 0.1610619122868D+00
 0.1630229027195D+00 0.1650077484414D+00 0.1670167389307D+00 0.1690501671518D+00
 0.1711083295963D+00 0.1731915263245D+00 0.1753000610070D+00 0.1774342409675D+00
 0.1795943772252D+00 0.1817807845386D+00 0.1839937814484D+00 0.1862336903225D+00
 0.1885008374004D+00 0.1907955528380D+00 0.1931181707535D+00 0.1954690292738D+00
 0.1978484705804D+00 0.2002568409572D+00 0.2026944908372D+00 0.2051617748512D+00
 0.2076590518763D+00 0.2101866850843D+00 0.2127450419922D+00 0.2153344945113D+00
 0.2179554189982D+00 0.2206081963059D+00 0.2232932118350D+00 0.2260108555860D+00
 0.2287615222120D+00 0.2315456110713D+00 0.2343635262814D+00 0.2372156767730D+00
 0.2401024763445D+00 0.2430243437175D+00 0.2459817025918D+00 0.2489749817025D+00
 0.2520046148758D+00 0.2550710410869D+00 0.2581747045173D+00 0.2613160546134D+00
 0.2644955461451D+00 0.2677136392652D+00 0.2709707995693D+00 0.2742674981558D+00
 0.2776042116874D+00 0.2809814224520D+00 0.2843996184248D+00 0.2878592933307D+00
 0.2913609467071D+00 0.2949050839676D+00 0.2984922164658D+00 0.3021228615598D+00
 0.3057975426770D+00 0.3095167893800D+00 0.3132811374315D+00 0.3170911288622D+00
 0.3209473120365D+00 0.3248502417201D+00 0.3288004791484D+00 0.3327985920941D+00
 0.3368451549363D+00 0.3409407487295D+00 0.3450859612736D+00 0.3492813871831D+00
 0.3535276279588D+00 0.3578252920572D+00 0.3621749949629D+00 0.3665773592600D+00
 0.3710330147033D+00 0.3755425982918D+00 0.3801067543405D+00 0.3847261345537D+00
 0.3894013980986D+00 0.3941332116782D+00 0.3989222496061D+00 0.4037691938796D+00
 0.4086747342548D+00 0.4136395683209D+00 0.4186644015750D+00 0.4237499474968D+00
 0.4288969276240D+00 0.4341060716270D+00 0.4393781173847D+00 0.4447138110596D+00
 0.4501139071726D+00 0.4555791686791D+00 0.4611103670441D+00 0.4667082823169D+00
 0.4723737032068D+00 0.4781074271578D+00 0.4839102604233D+00 0.4897830181406D+00
 0.4957265244056D+00 0.5017416123460D+00 0.5078291241955D+00 0.5139899113665D+00
 0.5202248345229D+00 0.5265347636525D+00 0.5329205781383D+00 0.5393831668289D+00
 0.5459234281097D+00 0.5525422699715D+00 0.5592406100796D+00 0.5660193758406D+00
 0.5728795044702D+00 0.5798219430578D+00 0.5868476486312D+00 0.5939575882199D+00
 0.6011527389166D+00 0.6084340879378D+00 0.6158026326829D+00 0.6232593807905D+00
 0.6308053501948D+00 0.6384415691791D+00 0.6461690764264D+00 0.6539889210706D+00
 0.6619021627424D+00 0.6699098716146D+00 0.6780131284451D+00 0.6862130246158D+00
 0.6945106621703D+00 0.7029071538473D+00 0.7114036231117D+00 0.7200012041825D+00
 0.7287010420558D+00 0.7375042925264D+00 0.7464121222031D+00 0.7554257085215D+00
 0.7645462397523D+00 0.7737749150037D+00 0.7831129442210D+00 0.7925615481795D+00
 0.8021219584726D+00 0.8117954174948D+00 0.8215831784177D+00 0.8314865051608D+00
 0.8415066723552D+00 0.8516449653004D+00 0.8619026799141D+00 0.8722811226742D+00
 0.8827816105528D+00 0.8934054709418D+00 0.9041540415698D+00 0.9150286704092D+00
 0.9260307155741D+00 0.9371615452075D+00 0.9484225373578D+00 0.9598150798441D+00
 0.9713405701092D+00 0.9830004150602D+00 0.9947960308962D+00 0.1006728842921D+01
 0.1018800285345D+01 0.1031011801062D+01 0.1043364841427D+01 0.1055860865995D+01
 0.1068501342265D+01 0.1081287745385D+01 0.1094221557852D+01 0.1107304269183D+01
 0.1120537375567D+01 0.1133922379496D+01 0.1147460789365D+01 0.1161154119060D+01
 0.1175003887500D+01 0.1189011618173D+01 0.1203178838621D+01 0.1217507079913D+01
 0.1231997876073D+01 0.1246652763474D+01 0.1261473280207D+01 0.1276460965397D+01
 0.1291617358491D+01 0.1306943998494D+01 0.1322442423172D+01 0.1338114168194D+01
 0.1353960766241D+01 0.1369983746047D+01 0.1386184631395D+01 0.1402564940059D+01
 0.1419126182670D+01 0.1435869861535D+01 0.1452797469378D+01 0.1469910488016D+01
 0.1487210386952D+01 0.1504698621901D+01 0.1522376633220D+01 0.1540245844262D+01
 0.1558307659626D+01 0.1576563463317D+01 0.1595014616804D+01 0.1613662456960D+01
 0.1632508293896D+01 0.1651553408671D+01 0.1670799050872D+01 0.1690246436061D+01
 0.1709896743080D+01 0.1729751111201D+01 0.1749810637121D+01 0.1770076371788D+01
 0.1790549317045D+01 0.1811230422091D+01 0.1832120579740D+01 0.1853220622469D+01
 0.1874531318250D+01 0.1896053366136D+01 0.1917787391603D+01 0.1939733941635D+01
 0.1961893479516D+01 0.1984266379338D+01 0.2006852920191D+01 0.2029653280022D+01
 0.2052667529139D+01 0.2075895623351D+01 0.2099337396702D+01 0.2122992553796D+01
 0.2146860661666D+01 0.2170941141184D+01 0.2195233257956D+01 0.2219736112698D+01
 0.2244448631032D+01 0.2269369552697D+01 0.2294497420105D+01 0.2319830566229D+01
 0.2345367101760D+01 0.2371104901497D+01 0.2397041589917D+01 0.2423174525866D+01
 0.2449500786324D+01 0.2476017149172D+01 0.2502720074897D+01 0.2529605687166D+01
 0.2556669752188D+01 0.2583907656782D+01 0.2611314385057D+01 0.2638884493617D+01
 0.2666612085166D+01 0.2694490780424D+01 0.2722513688206D+01 0.2750673373544D+01
 0.2778961823704D+01 0.2807370411940D+01 0.2835889858796D+01 0.2864510190805D+01
 0.2893220696334D+01 0.2922009878385D+01 0.2950865404096D+01 0.2979774050664D+01
 0.3008721647410D+01 0.3037693013653D+01 0.3066671892040D+01 0.3095640876942D+01
 0.3124581337478D+01 0.3153473334699D+01 0.3182295532391D+01 0.3211025100933D+01
 0.3239637613535D+01 0.3268106934162D+01 0.3296405096322D+01 0.3324502171841D+01
 0.3352366128621D+01 0.3379962676264D+01 0.3407255098331D+01 0.3434204069822D+01
 0.3460767458328D+01 0.3486900107073D+01 0.3512553597880D+01 0.3537675981135D+01
 0.3562211522696D+01
                                    0.0000000000000D+00
 1030 0.1267937800281D+00
 0.1119588337771D-11 0.1132493420716D-11 0.1145559536763D-11 0.1158789003866D-11
 0.1172210114964D-11 0.1185850742029D-11 0.1199712801800D-11 0.1213798266640D-11
 0.1228109146772D-11 0.1242647505835D-11 0.1257415597645D-11 0.1272415660983D-11
 0.1287650052789D-11 0.1303121131413D-11 0.1318831440150D-11 0.1334783485558D-11
 0.1350979925224D-11 0.1367423420581D-11 0.1384116829830D-11 0.1401062891326D-11
 0.1418264671676D-11 0.1435725083765D-11 0.1453447213085D-11 0.1471434226249D-11
 0.1489689279405D-11 0.1508215781586D-11 0.1527017057279D-11 0.1546096546295D-11
 0.1565457862221D-11 0.1585104558501D-11 0.1605040300804D-11 0.1625268958463D-11
 0.1645794249319D-11 0.1666620228356D-11 0.1687750892475D-11 0.1709190296333D-11
 0.1730942674372D-11 0.1753012260754D-11 0.1775403471488D-11 0.1798120752330D-11
 0.1821168532336D-11 0.1844551538151D-11 0.1868274477752D-11 0.1892342187711D-11
 0.1916759514597D-11 0.1941531500901D-11 0.1966663260806D-11 0.1992159960430D-11
 0.2018026885998D-11 0.2044269492732D-11 0.2070893234866D-11 0.2097903775931D-11
 0.2125306744930D-11 0.2153108100217D-11 0.2181313660997D-11 0.2209929561563D-11
 0.2238961873203D-11 0.2268416959213D-11 0.2298301157743D-11 0.2328621092806D-11
 0.2359383351868D-11 0.2390594614729D-11 0.2422261938443D-11 0.2454392198547D-11
 0.2486992628928D-11 0.2520070430818D-11 0.2553633258992D-11 0.2587688477252D-11
 0.2622243792266D-11 0.2657307181035D-11 0.2692886578008D-11 0.2728990160805D-11
 0.2765626117462D-11 0.2802803059623D-11 0.2840529601141D-11 0.2878814470675D-11
 0.2917666644038D-11 0.2957095301886D-11 0.2997109495900D-11 0.3037718951297D-11
 0.3078933207974D-11 0.3120762058991D-11 0.3163215659981D-11 0.3206304097047D-11
 0.3250037810044D-11 0.3294427340076D-11 0.3339483515655D-11 0.3385217338327D-11
 0.3431640056417D-11 0.3478763148144D-11 0.3526598068270D-11 0.3575156912907D-11
 0.3624451569296D-11 0.3674494556081D-11 0.3725298270022D-11 0.3776875658207D-11
 0.3829239631885D-11 0.3882403598023D-11 0.3936381144878D-11 0.3991186021632D-11
 0.4046832408442D-11 0.4103334562693D-11 0.4160707360787D-11 0.4218965353436D-11
 0.4278123990927D-11 0.4338199019596D-11 0.4399205785580D-11 0.4461160951122D-11
 0.4524080426958D-11 0.4587981459069D-11 0.4652880829623D-11 0.4718796178796D-11
 0.4785745273540D-11 0.4853746177222D-11 0.4922817347876D-11 0.4992977897180D-11
 0.5064246863715D-11 0.5136643869709D-11 0.5210189040523D-11 0.5284902832564D-11
 0.5360805891222D-11 0.5437919478371D-11 0.5516265674394D-11 0.5595865988326D-11
 0.5676743429691D-11 0.5758920766394D-11 0.5842421519071D-11 0.5927269558921D-11
 0.6013489657568D-11 0.6101106392031D-11 0.6190145324575D-11 0.6280632454356D-11
 0.6372593986311D-11 0.6466057353089D-11 0.6561050128937D-11 0.6657600208357D-11
 0.6755736218879D-11 0.6855487780224D-11 0.6956884785362D-11 0.7059957688573D-11
 0.7164737268991D-11 0.7271255917805D-11 0.7379545833475D-11 0.7489640383437D-11
 0.7601573020892D-11 0.7715378441210D-11 0.7831092156860D-11 0.7948749594740D-11
 0.8068388031014D-11 0.8190044619679D-11 0.8313758016253D-11 0.8439566840790D-11
 0.8567511354109D-11 0.8697632060442D-11 0.8829970897227D-11 0.8964570225659D-11
 0.9101473371352D-11 0.9240724588309D-11 0.9382369226322D-11 0.9526453762496D-11
 0.9673024951687D-11 0.9822130855476D-11 0.9973821206053D-11 0.1012814614472D-10
 0.1028515688888D-10 0.1044490573217D-10 0.1060744644990D-10 0.1077283386998D-10
 0.1094112362560D-10 0.1111237319115D-10 0.1128664000050D-10 0.1146398471687D-10
 0.1164446758182D-10 0.1182815098248D-10 0.1201509845602D-10 0.1220537440268D-10
 0.1239904582810D-10 0.1259618024797D-10 0.1279684659620D-10 0.1300111580180D-10
 0.1320906031065D-10 0.1342075357474D-10 0.1363627142250D-10 0.1385569068655D-10
 0.1407909022030D-10 0.1430655051005D-10 0.1453815398655D-10 0.1477398451935D-10
 0.1501412830360D-10 0.1525867307124D-10 0.1550770811223D-10 0.1576132617202D-10
 0.1601961948677D-10 0.1628268594981D-10 0.1655062165837D-10 0.1682352775674D-10
 0.1710150638538D-10 0.1738466215781D-10 0.1767310167233D-10 0.1796693469165D-10
 0.1826627305449D-10 0.1857123036812D-10 0.1888192397702D-10 0.1919847345363D-10
 0.1952100058114D-10 0.1984962976254D-10 0.2018448903596D-10 0.2052570904506D-10
 0.2087342283867D-10 0.2122776689578D-10 0.2158888079265D-10 0.2195690673060D-10
 0.2233199081895D-10 0.2271428229204D-10 0.2310393351600D-10 0.2350109995232D-10
 0.2390594140213D-10 0.2431862071874D-10 0.2473930460680D-10 0.2516816418936D-10
 0.2560537211145D-10 0.2605110853343D-10 0.2650555482270D-10 0.2696889804540D-10
 0.2744132848535D-10 0.2792304101263D-10 0.2841423556916D-10 0.2891511622931D-10
 0.2942589173548D-10 0.2994677530665D-10 0.3047798542476D-10 0.3101974556216D-10
 0.3157228377369D-10 0.3213583474253D-10 0.3271063698857D-10 0.3329693449654D-10
 0.3389497839676D-10 0.3450502385593D-10 0.3512733327038D-10 0.3576217394360D-10
 0.3640982033214D-10 0.3707055262057D-10 0.3774465699613D-10 0.3843242734082D-10
 0.3913416338430D-10 0.3985017265343D-10 0.4058077054844D-10 0.4132627572597D-10
 0.4208701924480D-10 0.4286333647593D-10 0.4365557227203D-10 0.4446407921801D-10
 0.4528921656699D-10 0.4613135454832D-10 0.4699086918277D-10 0.4786814786897D-10
 0.4876358507607D-10 0.4967758510925D-10 0.5061056194074D-10 0.5156293835491D-10
 0.5253514847415D-10 0.5352763499578D-10 0.5454085223666D-10 0.5557526430162D-10
 0.5663134551133D-10 0.5770958308065D-10 0.5881047378572D-10 0.5993452799574D-10
 0.6108226566444D-10 0.6225422099097D-10 0.6345093993969D-10 0.6467298036102D-10
 0.6592091454972D-10 0.6719532769778D-10 0.6849681941223D-10 0.6982600114868D-10
 0.7118350192529D-10 0.7256996235884D-10 0.7398604115565D-10 0.7543241056560D-10
 0.7690975848775D-10 0.7841879056088D-10 0.7996022855415D-10 0.8153480918325D-10
 0.8314328953548D-10 0.8478644326461D-10 0.8646506205544D-10 0.8817995703806D-10
 0.8993195766335D-10 0.9172191331239D-10 0.9355069422809D-10 0.9541918891180D-10
 0.9732830999285D-10 0.9927898855271D-10 0.1012721814658D-09 0.1033088640428D-09
 0.1053900395743D-09 0.1075167294371D-09 0.1096899844938D-09 0.1119108762885D-09
 0.1141805063092D-09 0.1164999975111D-09 0.1188705033375D-09 0.1212932006542D-09
 0.1237692983075D-09 0.1263000342802D-09 0.1288866704593D-09 0.1315305026471D-09
 0.1342328597238D-09 0.1369950971712D-09 0.1398186060646D-09 0.1427048090284D-09
 0.1456551653918D-09 0.1486711652084D-09 0.1517543382335D-09 0.1549062460325D-09
 0.1581284907818D-09 0.1614227124376D-09 0.1647905925548D-09 0.1682338453187D-09
 0.1717542329029D-09 0.1753535572079D-09 0.1790336650572D-09 0.1827964435461D-09
 0.1866438260304D-09 0.1905777980359D-09 0.1946003848301D-09 0.1987136612698D-09
 0.2029197574651D-09 0.2072208469088D-09 0.2116191649278D-09 0.2161169895483D-09
 0.2207166611199D-09 0.2254205722762D-09 0.2302311758573D-09 0.2351509791027D-09
 0.2401825564620D-09 0.2453285372047D-09 0.2505916162356D-09 0.2559745557866D-09
 0.2614801814989D-09 0.2671113850375D-09 0.2728711342829D-09 0.2787624619249D-09
 0.2847884776945D-09 0.2909523608436D-09 0.2972573740379D-09 0.3037068557517D-09
 0.3103042201537D-09 0.3170529699789D-09 0.3239566900106D-09 0.3310190510570D-09
 0.3382438131504D-09 0.3456348249740D-09 0.3531960303973D-09 0.3609314649324D-09
 0.3688452671148D-09 0.3769416697724D-09 0.3852250096815D-09 0.3936997294364D-09
 0.4023703763830D-09 0.4112416100045D-09 0.4203182001023D-09 0.4296050352319D-09
 0.4391071177828D-09 0.4488295686719D-09 0.4587776443237D-09 0.4689567124024D-09
 0.4793722869222D-09 0.4900299961311D-09 0.5009356197673D-09 0.5120950748635D-09
 0.5235144134461D-09 0.5351998360896D-09 0.5471577057857D-09 0.5593945232767D-09
 0.5719169570190D-09 0.5847318287190D-09 0.5978461295508D-09 0.6112670220839D-09
 0.6250018389198D-09 0.6390580918563D-09 0.6534434725781D-09 0.6681658631029D-09
 0.6832333278279D-09 0.6986541365682D-09 0.7144367578742D-09 0.7305898552350D-09
 0.7471223153135D-09 0.7640432312897D-09 0.7813619194722D-09 0.7990879278314D-09
 0.8172310237397D-09 0.8358012199805D-09 0.8548087724544D-09 0.8742641847550D-09
 0.8941782061753D-09 0.9145618632748D-09 0.9354264340143D-09 0.9567834870850D-09
 0.9786448585688D-09 0.1001022671477D-08 0.1023929349683D-08 0.1047377615509D-08
 0.1071380507883D-08 0.1095951365416D-08 0.1121103870298D-08 0.1146852026455D-08
 0.1173210160265D-08 0.1200192992937D-08 0.1227815561774D-08 0.1256093280041D-08
 0.1285041942122D-08 0.1314677728736D-08 0.1345017196077D-08 0.1376077328472D-08
 0.1407875493941D-08 0.1440429507188D-08 0.1473757604380D-08 0.1507878469429D-08
 0.1542811242620D-08 0.1578575511702D-08 0.1615191372019D-08 0.1652679391852D-08
 0.1691060624376D-08 0.1730356651742D-08 0.1770589595274D-08 0.1811782088423D-08
 0.1853957317651D-08 0.1897139057475D-08 0.1941351635457D-08 0.1986619986314D-08
 0.2032969639990D-08 0.2080426768406D-08 0.2129018151959D-08 0.2178771245681D-08
 0.2229714169228D-08 0.2281875719158D-08 0.2335285401392D-08 0.2389973436113D-08
 0.2445970783427D-08 0.2503309149227D-08 0.2562021028831D-08 0.2622139686850D-08
 0.2683699223769D-08 0.2746734544180D-08 0.2811281423893D-08 0.2877376502653D-08
 0.2945057314801D-08 0.3014362303419D-08 0.3085330864483D-08 0.3158003343126D-08
 0.3232421066649D-08 0.3308626366528D-08 0.3386662620951D-08 0.3466574260315D-08
 0.3548406793398D-08 0.3632206830443D-08 0.3718022154133D-08 0.3805901662937D-08
 0.3895895495177D-08 0.3988054966746D-08 0.4082432697662D-08 0.4179082537408D-08
 0.4278059693209D-08 0.4379420701853D-08 0.4483223479529D-08 0.4589527333965D-08
 0.4698393079834D-08 0.4809882937397D-08 0.4924060727784D-08 0.5040991753509D-08
 0.5160742976767D-08 0.5283382957793D-08 0.5408981915863D-08 0.5537611821851D-08
 0.5669346398312D-08 0.5804261142772D-08 0.5942433423836D-08 0.6083942471307D-08
 0.6228869471181D-08 0.6377297586337D-08 0.6529312027303D-08 0.6685000039119D-08
 0.6844451063123D-08 0.7007756665363D-08 0.7175010671706D-08 0.7346309235703D-08
 0.7521750793616D-08 0.7701436219571D-08 0.7885468888236D-08 0.8073954617932D-08
 0.8267001899776D-08 0.8464721799948D-08 0.8667228158544D-08 0.8874637574880D-08
 0.9087069481330D-08 0.9304646251509D-08 0.9527493258581D-08 0.9755738914073D-08
 0.9989514762242D-08 0.1022895560243D-07 0.1047419949506D-07 0.1072538789824D-07
 0.1098266571059D-07 0.1124618139037D-07 0.1151608698531D-07 0.1179253833956D-07
 0.1207569503350D-07 0.1236572058396D-07 0.1266278249797D-07 0.1296705235045D-07
 0.1327870600930D-07 0.1359792353143D-07 0.1392488940160D-07 0.1425979269350D-07
 0.1460282703178D-07 0.1495419078938D-07 0.1531408720642D-07 0.1568272446263D-07
 0.1606031589949D-07 0.1644708000236D-07 0.1684324064371D-07 0.1724902718464D-07
 0.1766467456225D-07 0.1809042350360D-07 0.1852652055766D-07 0.1897321836806D-07
 0.1943077577078D-07 0.1989945789989D-07 0.2037953634559D-07 0.2087128947822D-07
 0.2137500232460D-07 0.2189096698482D-07 0.2241948269617D-07 0.2296085595464D-07
 0.2351540088956D-07 0.2408343917589D-07 0.2466530046192D-07 0.2526132247951D-07
 0.2587185110095D-07 0.2649724086353D-07 0.2713785479876D-07 0.2779406493966D-07
 0.2846625238788D-07 0.2915480761693D-07 0.2986013062963D-07 0.3058263120461D-07
 0.3132272925411D-07 0.3208085485123D-07 0.3285744870367D-07 0.3365296225427D-07
 0.3446785804710D-07 0.3530260993775D-07 0.3615770339711D-07 0.3703363578750D-07
 0.3793091667765D-07 0.3885006810512D-07 0.3979162488347D-07 0.4075613498916D-07
 0.4174415976920D-07 0.4275627437929D-07 0.4379306803781D-07 0.4485514444150D-07
 0.4594312206878D-07 0.4705763452255D-07 0.4819933101782D-07 0.4936887660447D-07
 0.5056695275041D-07 0.5179425752450D-07 0.5305150617565D-07 0.5433943148234D-07
 0.5565878414182D-07 0.5701033342215D-07 0.5839486726716D-07 0.5981319307563D-07
 0.6126613802757D-07 0.6275454957549D-07 0.6427929594380D-07 0.6584126678753D-07
 0.6744137345787D-07 0.6908054976870D-07 0.7075975229955D-07 0.7247996135974D-07
 0.7424218105795D-07 0.7604744038744D-07 0.7789679342802D-07 0.7979132024379D-07
 0.8173212736652D-07 0.8372034854428D-07 0.8575714538742D-07 0.8784370790176D-07
 0.8998125556284D-07 0.9217103755049D-07 0.9441433393885D-07 0.9671245615290D-07
 0.9906674789502D-07 0.1014785857907D-06 0.1039493804182D-06 0.1064805770374D-06
 0.1090736562384D-06 0.1117301353645D-06 0.1144515687489D-06 0.1172395491150D-06
 0.1200957082898D-06 0.1230217183299D-06 0.1260192923351D-06 0.1290901855854D-06
 0.1322361965111D-06 0.1354591680107D-06 0.1387609879922D-06 0.1421435911474D-06
 0.1456089596557D-06 0.1491591244955D-06 0.1527961667721D-06 0.1565222187187D-06
 0.1603394652057D-06 0.1642501448888D-06 0.1682565515586D-06 0.1723610356771D-06
 0.1765660053685D-06 0.1808739283613D-06 0.1852873332294D-06 0.1898088108398D-06
 0.1944410160121D-06 0.1991866689272D-06 0.2040485571065D-06 0.2090295367336D-06
 0.2141325345194D-06 0.2193605494672D-06 0.2247166545836D-06 0.2302039988972D-06
 0.2358258091047D-06 0.2415853917633D-06 0.2474861350066D-06 0.2535315108853D-06
 0.2597250772156D-06 0.2660704798876D-06 0.2725714548983D-06 0.2792318307283D-06
 0.2860555306681D-06 0.2930465751510D-06 0.3002090841979D-06 0.3075472797167D-06
 0.3150654883624D-06 0.3227681441794D-06 0.3306597908209D-06 0.3387450850624D-06
 0.3470287987423D-06 0.3555158222005D-06 0.3642111676553D-06 0.3731199712060D-06
 0.3822474969594D-06 0.3915991393357D-06 0.4011804274634D-06 0.4109970274655D-06
 0.4210547468696D-06 0.4313595372463D-06 0.4419174986218D-06 0.4527348828579D-06
 0.4638180976322D-06 0.4751737101243D-06 0.4868084517923D-06 0.4987292214134D-06
 0.5109430901684D-06 0.5234573059119D-06 0.5362792974581D-06 0.5494166793165D-06
 0.5628772562442D-06 0.5766690283907D-06 0.5908001959166D-06 0.6052791647631D-06
 0.6201145511540D-06 0.6353151872730D-06 0.6508901269696D-06 0.6668486512778D-06
 0.6832002742287D-06 0.6999547488729D-06 0.7171220736641D-06 0.7347124983163D-06
 0.7527365307523D-06 0.7712049434213D-06 0.7901287803294D-06 0.8095193642313D-06
 0.8293883032262D-06 0.8497474989712D-06 0.8706091538374D-06 0.8919857787068D-06
 0.9138902014318D-06 0.9363355744441D-06 0.9593353840392D-06 0.9829034584687D-06
 0.1007053977034D-05 0.1031801479518D-05 0.1057160875853D-05 0.1083147454797D-05
 0.1109776895523D-05 0.1137065276824D-05 0.1165029087595D-05 0.1193685238826D-05
 0.1223051073274D-05 0.1253144378466D-05 0.1283983397400D-05 0.1315586841254D-05
 0.1347973902082D-05 0.1381164264623D-05 0.1415178121479D-05 0.1450036184819D-05
 0.1485759701472D-05 0.1522370467269D-05 0.1559890841458D-05 0.1598343762569D-05
 0.1637752763686D-05 0.1678141988964D-05 0.1719536210030D-05 0.1761960843805D-05
 0.1805441969163D-05 0.1850006346441D-05 0.1895681434781D-05 0.1942495412528D-05
 0.1990477197020D-05 0.2039656464646D-05 0.2090063672376D-05 0.2141730079343D-05
 0.2194687769655D-05 0.2248969675219D-05 0.2304609599191D-05 0.2361642242112D-05
 0.2420103225634D-05 0.2480029119250D-05 0.2541457467816D-05 0.2604426819049D-05
 0.2668976751649D-05 0.2735147905825D-05 0.2802982013608D-05 0.2872521930661D-05
 0.2943811667478D-05 0.3016896425618D-05 0.3091822630433D-05 0.3168637966897D-05
 0.3247391418443D-05 0.3328133303100D-05 0.3410915314222D-05 0.3495790561490D-05
 0.3582813613131D-05 0.3672040538055D-05 0.3763528953431D-05 0.3857338069062D-05
 0.3953528737655D-05 0.4052163502782D-05 0.4153306652083D-05 0.4257024269487D-05
 0.4363384290930D-05 0.4472456562334D-05 0.4584312896887D-05 0.4699027138525D-05
 0.4816675222288D-05 0.4937335244371D-05 0.5061087526158D-05 0.5188014686391D-05
 0.5318201715222D-05 0.5451736046467D-05 0.5588707640600D-05 0.5729209062167D-05
 0.5873335566372D-05 0.6021185185152D-05 0.6172858818926D-05 0.6328460330427D-05
 0.6488096641033D-05 0.6651877833501D-05 0.6819917257384D-05 0.6992331636701D-05
 0.7169241182836D-05 0.7350769715805D-05 0.7537044782609D-05 0.7728197785565D-05
 0.7924364114279D-05 0.8125683284278D-05 0.8332299077684D-05 0.8544359690617D-05
 0.8762017891313D-05 0.8985431176975D-05 0.9214761940942D-05 0.9450177648667D-05
 0.9691851016217D-05 0.9939960199357D-05 0.1019468898856D-04 0.1045622701464D-04
 0.1072476995949D-04 0.1100051977794D-04 0.1128368492958D-04 0.1157448061761D-04
 0.1187312904121D-04 0.1217985965467D-04 0.1249490944121D-04 0.1281852319790D-04
 0.1315095383103D-04 0.1349246266711D-04 0.1384331977451D-04 0.1420380430101D-04
 0.1457420482666D-04 0.1495481973183D-04 0.1534595758137D-04 0.1574793752488D-04
 0.1616108971872D-04 0.1658575576178D-04 0.1702228915791D-04 0.1747105579299D-04
 0.1793243443582D-04 0.1840681726683D-04 0.1889461042469D-04 0.1939623458074D-04
 0.1991212554310D-04 0.2044273488650D-04 0.2098853061202D-04 0.2154999783776D-04
 0.2212763952734D-04 0.2272197724527D-04 0.2333355195744D-04 0.2396292486204D-04
 0.2461067826890D-04 0.2527741651647D-04 0.2596376693627D-04 0.2667038086549D-04
 0.2739793470839D-04 0.2814713105235D-04 0.2891869983772D-04 0.2971339959051D-04
 0.3053201871380D-04 0.3137537684742D-04 0.3224432629700D-04 0.3313975353399D-04
 0.3406258077797D-04 0.3501376765911D-04 0.3599431296356D-04 0.3700525647773D-04
 0.3804768092643D-04 0.3912271400906D-04 0.4023153055629D-04 0.4137535478603D-04
 0.4255546269804D-04 0.4377318458658D-04 0.4502990769100D-04 0.4632707899553D-04
 0.4766620817920D-04 0.4904887073037D-04 0.5047671123257D-04 0.5195144683554D-04
 0.5347487091719D-04 0.5504885695635D-04 0.5667536262164D-04 0.5835643409386D-04
 0.6009421063485D-04 0.6189092941912D-04 0.6374893064510D-04 0.6567066294484D-04
 0.6765868910398D-04 0.6971569212445D-04 0.7184448163813D-04 0.7404800070387D-04
 0.7632933301320D-04 0.7869171051446D-04 0.8113852151867D-04 0.8367331926851D-04
 0.8629983105579D-04 0.8902196787081D-04 0.9184383467139D-04 0.9476974126714D-04
 0.9780421388416D-04 0.1009520074613D-03 0.1042181187119D-03 0.1076078000146D-03
 0.1111265741771D-03 0.1147802501612D-03 0.1185749398031D-03 0.1225170756150D-03
 0.1266134297507D-03 0.1308711342072D-03 0.1352977023513D-03 0.1399010518613D-03
 0.1446895292097D-03 0.1496719357705D-03 0.1548575556763D-03 0.1602561855724D-03
 0.1658781663771D-03 0.1717344172235D-03 0.1778364717283D-03 0.1841965167798D-03
 0.1908274340025D-03 0.1977428441464D-03 0.2049571545865D-03 0.2124856101830D-03
 0.2203443477657D-03 0.2285504545363D-03 0.2371220306407D-03 0.2460782563226D-03
 0.2554394639394D-03 0.2652272152777D-03 0.2754643845695D-03 0.2861752476730D-03
 0.2973855779193D-03 0.3091227491567D-03 0.3214158465861D-03 0.3342957860438D-03
 0.3477954423951D-03 0.3619497878303D-03 0.3767960408791D-03 0.3923738270488D-03
 0.4087253520510D-03 0.4258955887331D-03 0.4439324788532D-03 0.4628871509788D-03
 0.4828141559415D-03 0.5037717213477D-03 0.5258220268198D-03 0.5490315018441D-03
 0.5734711481690D-03 0.5992168890059D-03 0.6263499474210D-03 0.6549572565572D-03
 0.6851319046135D-03 0.7169736177353D-03 0.7505892843481D-03 0.7860935247500D-03
 0.8236093102159D-03 0.8632686362705D-03 0.9052132552190D-03 0.9495954736273D-03
 0.9965790209321D-03 0.1046339996055D-02 0.1099067899587D-02 0.1154966759890D-02
 0.1214256362342D-02 0.1277173591910D-02 0.1343973900350D-02 0.1414932910466D-02
 0.1490348171267D-02 0.1570541079289D-02 0.1655858983057D-02 0.1746677489451D-02
 0.1843402992835D-02 0.1946475450144D-02 0.2056371427576D-02 0.2173607447532D-02
 0.2298743667590D-02 0.2432387926882D-02 0.2575200199308D-02 0.2727897497443D-02
 0.2891259276162D-02 0.3066133390506D-02 0.3253442668790D-02 0.3454192169051D-02
 0.3669477194853D-02 0.3900492155630D-02 0.4148540366689D-02 0.4415044895557D-02
 0.4701560574048D-02 0.5009787309988D-02 0.5341584848765D-02 0.5698989153311D-02
 0.6084230591852D-02 0.6499754146212D-02 0.6948241879920D-02 0.7432637935493D-02
 0.7956176363867D-02 0.8522412127625D-02 0.9135255662998D-02 0.9799011434942D-02
 0.1051842097529D-01 0.1129871095785D-01 0.1214564693562D-01 0.1306559344786D-01
 0.1406558129689D-01 0.1515338290085D-01 0.1633759674867D-01 0.1762774212008D-01
 0.1903436539014D-01 0.2056915941466D-01 0.2224509769611D-01 0.2407658526027D-01
 0.2607962843773D-01 0.2827202604556D-01 0.3067358480772D-01 0.3330636224663D-01
 0.3619494072662D-01 0.3936673684353D-01 0.4285235094329D-01 0.4668596222252D-01
 0.5090577563585D-01 0.5555452771323D-01 0.6068005940101D-01 0.6633596519426D-01
 0.7258232915157D-01 0.7948655989983D-01 0.8712433847071D-01 0.9558069480266D-01
 0.1049512310167D+00 0.1153435121855D+00 0.1268786483045D+00 0.1396931009793D+00
 0.1539407153718D+00 0.1695652701587D+00 0.1864607419133D+00 0.2047270567362D+00
 0.2244732457232D+00 0.2458183377883D+00 0.2688923461350D+00 0.2938373584437D+00
 0.3208087419497D+00 0.3499764758134D+00 0.3815266245456D+00 0.4156629677624D+00
 0.4526088032196D+00 0.4926089419424D+00 0.5359319163276D+00 0.5828724243918D+00
 0.6337540358813D+00 0.6889321887797D+00 0.7487975078896D+00 0.8137794806295D+00
 0.8843505290451D+00 0.9610305213205D+00 0.1044391770785D+01 0.1135064575730D+01
 0.1233743359083D+01 0.1341193473602D+01 0.1458258745234D+01 0.1585869835413D+01
 0.1725053511738D+01 0.1876942926340D+01
    0    0
