 nspin  vdif :::::: Potentials for non-spin-polarized non-relativistic Va.      
    1   0.0000000000000D+00
 LSMS:           Va     z=  0.    xvalws=   0.12694
   0.                      2.65165   0. 0.2551299395533D+00
                 -0.1113096740000D+02 0.9751822497023D+00 1001 1030
 0.2132640007429D-04 0.2159742347755D-04 0.2187183344130D-04 0.2214967179402D-04
 0.2243096076361D-04 0.2271572377291D-04 0.2300400493744D-04 0.2329584891763D-04
 0.2359130085650D-04 0.2389040643133D-04 0.2419321180836D-04 0.2449976374495D-04
 0.2481010949079D-04 0.2512429684039D-04 0.2544237415637D-04 0.2576439037438D-04
 0.2609039499380D-04 0.2642043807310D-04 0.2675457027981D-04 0.2709284287295D-04
 0.2743530768719D-04 0.2778201721760D-04 0.2813302452705D-04 0.2848838335163D-04
 0.2884814802533D-04 0.2921237356629D-04 0.2958111559718D-04 0.2995443042613D-04
 0.3033237506761D-04 0.3071500714652D-04 0.3110238503765D-04 0.3149456778321D-04
 0.3189161510998D-04 0.3229358751208D-04 0.3270054618157D-04 0.3311255302327D-04
 0.3352967074716D-04 0.3395196274746D-04 0.3437949322963D-04 0.3481232714021D-04
 0.3525053021880D-04 0.3569416901490D-04 0.3614331084603D-04 0.3659802389935D-04
 0.3705837709965D-04 0.3752444026295D-04 0.3799628406930D-04 0.3847398000198D-04
 0.3895760041799D-04 0.3944721857885D-04 0.3994290859668D-04 0.4044474553056D-04
 0.4095280528065D-04 0.4146716471423D-04 0.4198790164468D-04 0.4251509475998D-04
 0.4304882380843D-04 0.4358916938668D-04 0.4413621313346D-04 0.4469003770766D-04
 0.4525072670489D-04 0.4581836477452D-04 0.4639303758971D-04 0.4697483184258D-04
 0.4756383533921D-04 0.4816013684929D-04 0.4876382632924D-04 0.4937499475450D-04
 0.4999373424490D-04 0.5062013803007D-04 0.5125430045399D-04 0.5189631705366D-04
 0.5254628447183D-04 0.5320430055368D-04 0.5387046434392D-04 0.5454487607391D-04
 0.5522763723192D-04 0.5591885048351D-04 0.5661861976433D-04 0.5732705029033D-04
 0.5804424854731D-04 0.5877032233121D-04 0.5950538074014D-04 0.6024953415717D-04
 0.6100289435925D-04 0.6176557448801D-04 0.6253768903391D-04 0.6331935392863D-04
 0.6411068637765D-04 0.6491180521842D-04 0.6572283058475D-04 0.6654388409605D-04
 0.6737508889487D-04 0.6821656958403D-04 0.6906845234161D-04 0.6993086477246D-04
 0.7080393612567D-04 0.7168779720974D-04 0.7258258036846D-04 0.7348841965645D-04
 0.7440545066978D-04 0.7533381068884D-04 0.7627363860517D-04 0.7722507516709D-04
 0.7818826265880D-04 0.7916334515263D-04 0.8015046850342D-04 0.8114978030620D-04
 0.8216142998901D-04 0.8318556874139D-04 0.8422234965046D-04 0.8527192763072D-04
 0.8633445947234D-04 0.8741010392366D-04 0.8849902158731D-04 0.8960137511706D-04
 0.9071732903110D-04 0.9184704997147D-04 0.9299070647481D-04 0.9414846923891D-04
 0.9532051096901D-04 0.9650700652478D-04 0.9770813287143D-04 0.9892406908387D-04
 0.1001549964505D-03 0.1014010985057D-03 0.1026625609362D-03 0.1039395716927D-03
 0.1052323211179D-03 0.1065410017358D-03 0.1078658084754D-03 0.1092069386689D-03
 0.1105645919664D-03 0.1119389704780D-03 0.1133302787814D-03 0.1147387239959D-03
 0.1161645156132D-03 0.1176078657970D-03 0.1190689892926D-03 0.1205481033582D-03
 0.1220454279622D-03 0.1235611857558D-03 0.1250956020445D-03 0.1266489049011D-03
 0.1282213251858D-03 0.1298130965992D-03 0.1314244555477D-03 0.1330556414108D-03
 0.1347068964837D-03 0.1363784659906D-03 0.1380705981436D-03 0.1397835441004D-03
 0.1415175581584D-03 0.1432728976733D-03 0.1450498231865D-03 0.1468485982195D-03
 0.1486694897060D-03 0.1505127677567D-03 0.1523787056857D-03 0.1542675802395D-03
 0.1561796714463D-03 0.1581152627948D-03 0.1600746411696D-03 0.1620580969908D-03
 0.1640659241215D-03 0.1660984201114D-03 0.1681558860683D-03 0.1702386266844D-03
 0.1723469504963D-03 0.1744811696834D-03 0.1766416002559D-03 0.1788285620639D-03
 0.1810423788655D-03 0.1832833782471D-03 0.1855518919402D-03 0.1878482555702D-03
 0.1901728089214D-03 0.1925258958313D-03 0.1949078644013D-03 0.1973190668583D-03
 0.1997598598406D-03 0.2022306042039D-03 0.2047316651931D-03 0.2072634125711D-03
 0.2098262205811D-03 0.2124204678978D-03 0.2150465379392D-03 0.2177048186668D-03
 0.2203957028773D-03 0.2231195880623D-03 0.2258768765102D-03 0.2286679754344D-03
 0.2314932970618D-03 0.2343532585316D-03 0.2372482820499D-03 0.2401787950049D-03
 0.2431452299769D-03 0.2461480248011D-03 0.2491876225957D-03 0.2522644718511D-03
 0.2553790266236D-03 0.2585317462727D-03 0.2617230960049D-03 0.2649535464984D-03
 0.2682235741277D-03 0.2715336611806D-03 0.2748842957765D-03 0.2782759718866D-03
 0.2817091895846D-03 0.2851844549187D-03 0.2887022801814D-03 0.2922631838352D-03
 0.2958676906414D-03 0.2995163318153D-03 0.3032096448992D-03 0.3069481740517D-03
 0.3107324700708D-03 0.3145630903618D-03 0.3184405991859D-03 0.3223655676051D-03
 0.3263385736384D-03 0.3303602024173D-03 0.3344310460214D-03 0.3385517038329D-03
 0.3427227825006D-03 0.3469448960772D-03 0.3512186659612D-03 0.3555447213053D-03
 0.3599236987028D-03 0.3643562426824D-03 0.3688430053795D-03 0.3733846471163D-03
 0.3779818360808D-03 0.3826352485333D-03 0.3873455691002D-03 0.3921134907289D-03
 0.3969397146691D-03 0.4018249507644D-03 0.4067699174385D-03 0.4117753420962D-03
 0.4168419605896D-03 0.4219705180024D-03 0.4271617684234D-03 0.4324164750295D-03
 0.4377354104190D-03 0.4431193563938D-03 0.4485691045704D-03 0.4540854557823D-03
 0.4596692209457D-03 0.4653212206993D-03 0.4710422856973D-03 0.4768332566038D-03
 0.4826949844512D-03 0.4886283305089D-03 0.4946341666428D-03 0.5007133752609D-03
 0.5068668493443D-03 0.5130954931141D-03 0.5194002214286D-03 0.5257819604544D-03
 0.5322416474961D-03 0.5387802315733D-03 0.5453986728778D-03 0.5520979434371D-03
 0.5588790272271D-03 0.5657429199191D-03 0.5726906296187D-03 0.5797231764385D-03
 0.5868415930420D-03 0.5940469245642D-03 0.6013402290268D-03 0.6087225770920D-03
 0.6161950527387D-03 0.6237587528813D-03 0.6314147878725D-03 0.6391642815946D-03
 0.6470083715526D-03 0.6549482092281D-03 0.6629849600167D-03 0.6711198034768D-03
 0.6793539335333D-03 0.6876885587947D-03 0.6961249023094D-03 0.7046642022659D-03
 0.7133077117278D-03 0.7220566992145D-03 0.7309124484833D-03 0.7398762590826D-03
 0.7489494463054D-03 0.7581333413017D-03 0.7674292917949D-03 0.7768386616056D-03
 0.7863628312662D-03 0.7960031981334D-03 0.8057611766168D-03 0.8156381980266D-03
 0.8256357116705D-03 0.8357551839869D-03 0.8459980995516D-03 0.8563659608854D-03
 0.8668602888384D-03 0.8774826228157D-03 0.8882345210613D-03 0.8991175603775D-03
 0.9101333372968D-03 0.9212834675152D-03 0.9325695863893D-03 0.9439933492905D-03
 0.9555564315517D-03 0.9672605292910D-03 0.9791073589185D-03 0.9910986577860D-03
 0.1003236184678D-02 0.1015521719428D-02 0.1027957063808D-02 0.1040544041404D-02
 0.1053284498026D-02 0.1066180302106D-02 0.1079233344594D-02 0.1092445539609D-02
 0.1105818824596D-02 0.1119355160481D-02 0.1133056532204D-02 0.1146924948782D-02
 0.1160962443673D-02 0.1175171075417D-02 0.1189552927070D-02 0.1204110107553D-02
 0.1218844751115D-02 0.1233759018365D-02 0.1248855095911D-02 0.1264135197014D-02
 0.1279601562160D-02 0.1295256458820D-02 0.1311102182197D-02 0.1327141055594D-02
 0.1343375430371D-02 0.1359807686598D-02 0.1376440233452D-02 0.1393275509376D-02
 0.1410315982340D-02 0.1427564150699D-02 0.1445022543090D-02 0.1462693718846D-02
 0.1480580268615D-02 0.1498684814471D-02 0.1517010010650D-02 0.1535558543434D-02
 0.1554333132021D-02 0.1573336528612D-02 0.1592571519105D-02 0.1612040923147D-02
 0.1631747594745D-02 0.1651694422750D-02 0.1671884331253D-02 0.1692320279734D-02
 0.1713005264034D-02 0.1733942316163D-02 0.1755134505333D-02 0.1776584937904D-02
 0.1798296758361D-02 0.1820273149164D-02 0.1842517331783D-02 0.1865032566847D-02
 0.1887822154597D-02 0.1910889435799D-02 0.1934237791373D-02 0.1957870644082D-02
 0.1981791457661D-02 0.2006003738724D-02 0.2030511036043D-02 0.2055316942047D-02
 0.2080425092718D-02 0.2105839168210D-02 0.2131562893684D-02 0.2157600039660D-02
 0.2183954422528D-02 0.2210629905265D-02 0.2237630397728D-02 0.2264959857543D-02
 0.2292622290568D-02 0.2320621751306D-02 0.2348962343529D-02 0.2377648221569D-02
 0.2406683589806D-02 0.2436072704055D-02 0.2465819871922D-02 0.2495929453418D-02
 0.2526405861864D-02 0.2557253564086D-02 0.2588477081426D-02 0.2620080990474D-02
 0.2652069923322D-02 0.2684448568547D-02 0.2717221671865D-02 0.2750394036816D-02
 0.2783970525401D-02 0.2817956058883D-02 0.2852355618515D-02 0.2887174246086D-02
 0.2922417044927D-02 0.2958089180514D-02 0.2994195881122D-02 0.3030742438902D-02
 0.3067734210280D-02 0.3105176617049D-02 0.3143075146958D-02 0.3181435354740D-02
 0.3220262862634D-02 0.3259563361376D-02 0.3299342611217D-02 0.3339606442262D-02
 0.3380360755884D-02 0.3421611525234D-02 0.3463364796224D-02 0.3505626688458D-02
 0.3548403395823D-02 0.3591701188143D-02 0.3635526411108D-02 0.3679885488172D-02
 0.3724784920538D-02 0.3770231289023D-02 0.3816231254230D-02 0.3862791558270D-02
 0.3909919025093D-02 0.3957620561923D-02 0.4005903159936D-02 0.4054773895700D-02
 0.4104239931772D-02 0.4154308518234D-02 0.4204986993088D-02 0.4256282783966D-02
 0.4308203408878D-02 0.4360756477545D-02 0.4413949692317D-02 0.4467790849108D-02
 0.4522287839234D-02 0.4577448649681D-02 0.4633281365149D-02 0.4689794168374D-02
 0.4746995342237D-02 0.4804893270183D-02 0.4863496437691D-02 0.4922813433846D-02
 0.4982852952287D-02 0.5043623792407D-02 0.5105134860866D-02 0.5167395173035D-02
 0.5230413853666D-02 0.5294200138931D-02 0.5358763377394D-02 0.5424113031607D-02
 0.5490258679143D-02 0.5557210014588D-02 0.5624976850192D-02 0.5693569118064D-02
 0.5762996871116D-02 0.5833270284765D-02 0.5904399658285D-02 0.5976395416420D-02
 0.6049268111123D-02 0.6123028422335D-02 0.6197687160705D-02 0.6273255268115D-02
 0.6349743819944D-02 0.6427164026372D-02 0.6505527233988D-02 0.6584844927820D-02
 0.6665128732849D-02 0.6746390415202D-02 0.6828641884783D-02 0.6911895196424D-02
 0.6996162551664D-02 0.7081456300564D-02 0.7167788944045D-02 0.7255173134815D-02
 0.7343621680034D-02 0.7433147542619D-02 0.7523763843397D-02 0.7615483863206D-02
 0.7708321044290D-02 0.7802288993172D-02 0.7897401481366D-02 0.7993672448727D-02
 0.8091116004582D-02 0.8189746430256D-02 0.8289578180991D-02 0.8390625887978D-02
 0.8492904360657D-02 0.8596428588885D-02 0.8701213745138D-02 0.8807275186646D-02
 0.8914628457487D-02 0.9023289291447D-02 0.9133273613636D-02 0.9244597543153D-02
 0.9357277395566D-02 0.9471329685092D-02 0.9586771127205D-02 0.9703618640403D-02
 0.9821889350010D-02 0.9941600589604D-02 0.1006276990371D-01 0.1018541505075D-01
 0.1030955400528D-01 0.1043520496102D-01 0.1056238633306D-01 0.1069111676080D-01
 0.1082141511070D-01 0.1095330047901D-01 0.1108679219450D-01 0.1122190982153D-01
 0.1135867316245D-01 0.1149710226096D-01 0.1163721740497D-01 0.1177903912917D-01
 0.1192258821877D-01 0.1206788571177D-01 0.1221495290253D-01 0.1236381134476D-01
 0.1251448285473D-01 0.1266698951429D-01 0.1282135367433D-01 0.1297759795776D-01
 0.1313574526340D-01 0.1329581876865D-01 0.1345784193310D-01 0.1362183850235D-01
 0.1378783251106D-01 0.1395584828658D-01 0.1412591045258D-01 0.1429804393260D-01
 0.1447227395365D-01 0.1464862605018D-01 0.1482712606733D-01 0.1500780016528D-01
 0.1519067482256D-01 0.1537577684046D-01 0.1556313334637D-01 0.1575277179821D-01
 0.1594471998846D-01 0.1613900604771D-01 0.1633565844931D-01 0.1653470601354D-01
 0.1673617791151D-01 0.1694010366946D-01 0.1714651317340D-01 0.1735543667330D-01
 0.1756690478738D-01 0.1778094850690D-01 0.1799759920049D-01 0.1821688861877D-01
 0.1843884889902D-01 0.1866351256981D-01 0.1889091255616D-01 0.1912108218355D-01
 0.1935405518375D-01 0.1958986569918D-01 0.1982854828787D-01 0.2007013792891D-01
 0.2031467002726D-01 0.2056218041901D-01 0.2081270537678D-01 0.2106628161472D-01
 0.2132294629425D-01 0.2158273702915D-01 0.2184569189150D-01 0.2211184941654D-01
 0.2238124860941D-01 0.2265392894966D-01 0.2292993039784D-01 0.2320929340108D-01
 0.2349205889910D-01 0.2377826833006D-01 0.2406796363664D-01 0.2436118727254D-01
 0.2465798220813D-01 0.2495839193699D-01 0.2526246048267D-01 0.2557023240431D-01
 0.2588175280408D-01 0.2619706733290D-01 0.2651622219787D-01 0.2683926416863D-01
 0.2716624058438D-01 0.2749719936036D-01 0.2783218899581D-01 0.2817125857997D-01
 0.2851445780016D-01 0.2886183694839D-01 0.2921344692928D-01 0.2956933926694D-01
 0.2992956611304D-01 0.3029418025428D-01 0.3066323511976D-01 0.3103678478944D-01
 0.3141488400129D-01 0.3179758815997D-01 0.3218495334475D-01 0.3257703631756D-01
 0.3297389453117D-01 0.3337558613820D-01 0.3378216999902D-01 0.3419370569038D-01
 0.3461025351471D-01 0.3503187450834D-01 0.3545863045071D-01 0.3589058387315D-01
 0.3632779806847D-01 0.3677033709991D-01 0.3721826581025D-01 0.3767164983213D-01
 0.3813055559662D-01 0.3859505034376D-01 0.3906520213199D-01 0.3954107984794D-01
 0.4002275321707D-01 0.4051029281343D-01 0.4100377006993D-01 0.4150325728907D-01
 0.4200882765332D-01 0.4252055523589D-01 0.4303851501146D-01 0.4356278286725D-01
 0.4409343561391D-01 0.4463055099738D-01 0.4517420770911D-01 0.4572448539862D-01
 0.4628146468455D-01 0.4684522716670D-01 0.4741585543794D-01 0.4799343309584D-01
 0.4857804475565D-01 0.4916977606192D-01 0.4976871370143D-01 0.5037494541588D-01
 0.5098856001427D-01 0.5160964738617D-01 0.5223829851511D-01 0.5287460549116D-01
 0.5351866152505D-01 0.5417056096135D-01 0.5483039929233D-01 0.5549827317222D-01
 0.5617428043046D-01 0.5685852008698D-01 0.5755109236594D-01 0.5825209871078D-01
 0.5896164179862D-01 0.5967982555550D-01 0.6040675517129D-01 0.6114253711545D-01
 0.6188727915200D-01 0.6264109035551D-01 0.6340408112702D-01 0.6417636321005D-01
 0.6495804970680D-01 0.6574925509479D-01 0.6655009524330D-01 0.6736068743035D-01
 0.6818115035987D-01 0.6901160417875D-01 0.6985217049462D-01 0.7070297239310D-01
 0.7156413445607D-01 0.7243578277963D-01 0.7331804499248D-01 0.7421105027430D-01
 0.7511492937489D-01 0.7602981463282D-01 0.7695583999466D-01 0.7789314103462D-01
 0.7884185497406D-01 0.7980212070157D-01 0.8077407879303D-01 0.8175787153179D-01
 0.8275364292989D-01 0.8376153874803D-01 0.8478170651778D-01 0.8581429556198D-01
 0.8685945701696D-01 0.8791734385426D-01 0.8898811090275D-01 0.9007191487106D-01
 0.9116891437014D-01 0.9227926993658D-01 0.9340314405528D-01 0.9454070118325D-01
 0.9569210777349D-01 0.9685753229877D-01 0.9803714527603D-01 0.9923111929104D-01
 0.1004396290232D+00 0.1016628512711D+00 0.1029009649773D+00 0.1041541512550D+00
 0.1054225934131D+00 0.1067064769837D+00 0.1080059897480D+00 0.1093213217636D+00
 0.1106526653918D+00 0.1120002153252D+00 0.1133641686158D+00 0.1147447247033D+00
 0.1161420854435D+00 0.1175564551374D+00 0.1189880405604D+00 0.1204370509922D+00
 0.1219036982465D+00 0.1233881967013D+00 0.1248907633295D+00 0.1264116177307D+00
 0.1279509821611D+00 0.1295090815667D+00 0.1310861436145D+00 0.1326823987252D+00
 0.1342980801060D+00 0.1359334237843D+00 0.1375886686401D+00 0.1392640564415D+00
 0.1409598318776D+00 0.1426762425943D+00 0.1444135392288D+00 0.1461719754455D+00
 0.1479518079716D+00 0.1497532966339D+00 0.1515767043946D+00 0.1534222973897D+00
 0.1552903449656D+00 0.1571811197175D+00 0.1590948975276D+00 0.1610319576041D+00
 0.1629925825202D+00 0.1649770582540D+00 0.1669856742285D+00 0.1690187233524D+00
 0.1710765020605D+00 0.1731593103558D+00 0.1752674518510D+00 0.1774012338109D+00
 0.1795609671954D+00 0.1817469667024D+00 0.1839595508118D+00 0.1861990418297D+00
 0.1884657659327D+00 0.1907600532136D+00 0.1930822377263D+00 0.1954326575325D+00
 0.1978116547481D+00 0.2002195755900D+00 0.2026567704237D+00 0.2051235938117D+00
 0.2076204045615D+00 0.2101475657749D+00 0.2127054448977D+00 0.2152944137690D+00
 0.2179148486726D+00 0.2205671303874D+00 0.2232516442392D+00 0.2259687801528D+00
 0.2287189327040D+00 0.2315025011737D+00 0.2343198896002D+00 0.2371715068344D+00
 0.2400577665936D+00 0.2429790875177D+00 0.2459358932232D+00 0.2489286123609D+00
 0.2519576786719D+00 0.2550235310448D+00 0.2581266135736D+00 0.2612673756160D+00
 0.2644462718518D+00 0.2676637623430D+00 0.2709203125925D+00 0.2742163936054D+00
 0.2775524819495D+00 0.2809290598168D+00 0.2843466150847D+00 0.2878056413797D+00
 0.2913066381391D+00 0.2948501106751D+00 0.2984365702387D+00 0.3020665340837D+00
 0.3057405255321D+00 0.3094590740392D+00 0.3132227152596D+00 0.3170319911138D+00
 0.3208874498546D+00 0.3247896461352D+00 0.3287391410760D+00 0.3327365023338D+00
 0.3367823041698D+00 0.3408771275193D+00 0.3450215600607D+00 0.3492161962864D+00
 0.3534616375721D+00 0.3577584922486D+00 0.3621073756724D+00 0.3665089102973D+00
 0.3709637257472D+00 0.3754724588870D+00 0.3800357538966D+00 0.3846542623429D+00
 0.3893286432537D+00 0.3940595631907D+00 0.3988476963241D+00 0.4036937245060D+00
 0.4085983373447D+00 0.4135622322798D+00 0.4185861146566D+00 0.4236706978005D+00
 0.4288167030930D+00 0.4340248600459D+00 0.4392959063770D+00 0.4446305880853D+00
 0.4500296595260D+00 0.4554938834863D+00 0.4610240312601D+00 0.4666208827236D+00
 0.4722852264099D+00 0.4780178595844D+00 0.4838195883192D+00 0.4896912275672D+00
 0.4956336012377D+00 0.5016475422683D+00 0.5077338927000D+00 0.5138935037496D+00
 0.5201272358822D+00 0.5264359588836D+00 0.5328205519318D+00 0.5392819036674D+00
 0.5458209122641D+00 0.5524384854981D+00 0.5591355408161D+00 0.5659130054034D+00
 0.5727718162503D+00 0.5797129202173D+00 0.5867372740996D+00 0.5938458446905D+00
 0.6010396088427D+00 0.6083195535286D+00 0.6156866758996D+00 0.6231419833424D+00
 0.6306864935349D+00 0.6383212344998D+00 0.6460472446559D+00 0.6538655728675D+00
 0.6617772784919D+00 0.6697834314239D+00 0.6778851121382D+00 0.6860834117295D+00
 0.6943794319488D+00 0.7027742852372D+00 0.7112690947575D+00 0.7198649944207D+00
 0.7285631289104D+00 0.7373646537028D+00 0.7462707350831D+00 0.7552825501576D+00
 0.7644012868617D+00 0.7736281439629D+00 0.7829643310596D+00 0.7924110685741D+00
 0.8019695877409D+00 0.8116411305888D+00 0.8214269499175D+00 0.8313283092683D+00
 0.8413464828869D+00 0.8514827556806D+00 0.8617384231683D+00 0.8721147914214D+00
 0.8826131769987D+00 0.8932349068711D+00 0.9039813183386D+00 0.9148537589373D+00
 0.9258535863371D+00 0.9369821682287D+00 0.9482408822002D+00 0.9596311156017D+00
 0.9711542653984D+00 0.9828117380115D+00 0.9946049491448D+00 0.1006535323599D+01
 0.1018604295068D+01 0.1030813305927D+01 0.1043163806994D+01 0.1055657257286D+01
 0.1068295123746D+01 0.1081078880962D+01 0.1094010010857D+01 0.1107090002364D+01
 0.1120320351078D+01 0.1133702558886D+01 0.1147238133567D+01 0.1160928588377D+01
 0.1174775441598D+01 0.1188780216063D+01 0.1202944438655D+01 0.1217269639764D+01
 0.1231757352726D+01 0.1246409113215D+01 0.1261226458606D+01 0.1276210927298D+01
 0.1291364057998D+01 0.1306687388957D+01 0.1322182457173D+01 0.1337850797535D+01
 0.1353693941925D+01 0.1369713418269D+01 0.1385910749527D+01 0.1402287452629D+01
 0.1418845037355D+01 0.1435585005141D+01 0.1452508847825D+01 0.1469618046323D+01
 0.1486914069223D+01 0.1504398371306D+01 0.1522072391982D+01 0.1539937553636D+01
 0.1557995259888D+01 0.1576246893746D+01 0.1594693815661D+01 0.1613337361477D+01
 0.1632178840256D+01 0.1651219531992D+01 0.1670460685190D+01 0.1689903514313D+01
 0.1709549197086D+01 0.1729398871649D+01 0.1749453633548D+01 0.1769714532564D+01
 0.1790182569356D+01 0.1810858691922D+01 0.1831743791859D+01 0.1852838700413D+01
 0.1874144184303D+01 0.1895660941318D+01 0.1917389595654D+01 0.1939330692999D+01
 0.1961484695327D+01 0.1983851975407D+01 0.2006432810989D+01 0.2029227378671D+01
 0.2052235747399D+01 0.2075457871607D+01 0.2098893583956D+01 0.2122542587655D+01
 0.2146404448338D+01 0.2170478585466D+01 0.2194764263231D+01 0.2219260580929D+01
 0.2243966462762D+01 0.2268880647045D+01 0.2294001674767D+01 0.2319327877483D+01
 0.2344857364468D+01 0.2370588009113D+01 0.2396517434496D+01 0.2422642998079D+01
 0.2448961775469D+01 0.2475470543196D+01 0.2502165760415D+01 0.2529043549488D+01
 0.2556099675347D+01 0.2583329523568D+01 0.2610728077055D+01 0.2638289891246D+01
 0.2666009067734D+01 0.2693879226173D+01 0.2721893474374D+01 0.2750044376433D+01
 0.2778323918749D+01 0.2806723473786D+01 0.2835233761391D+01 0.2863844807487D+01
 0.2892545899940D+01 0.2921325541364D+01 0.2950171398627D+01 0.2979070248795D+01
 0.3008007921200D+01 0.3036969235330D+01 0.3065937934170D+01 0.3094896612616D+01
 0.3123826640506D+01 0.3152708079830D+01 0.3181519595543D+01 0.3210238359442D+01
 0.3238839946428D+01 0.3267298222445D+01 0.3295585223299D+01 0.3323671023449D+01
 0.3351523593798D+01 0.3379108647342D+01 0.3406389471465D+01 0.3433326745450D+01
 0.3459878341665D+01 0.3485999108656D+01 0.3511640634153D+01 0.3536750975095D+01
 0.3561274404560D+01
                                    0.0000000000000D+00
 1030 0.1269439355469D+00
 0.1119857483641D-11 0.1132767213787D-11 0.1145838181401D-11 0.1159072500422D-11
 0.1172498561609D-11 0.1186144279322D-11 0.1200011560896D-11 0.1214102324924D-11
 0.1228418617405D-11 0.1242962480678D-11 0.1257736242733D-11 0.1272742076739D-11
 0.1287982361733D-11 0.1303459472791D-11 0.1319175899746D-11 0.1335134205879D-11
 0.1351337075941D-11 0.1367787110396D-11 0.1384487176760D-11 0.1401440095936D-11
 0.1418648812924D-11 0.1436116372443D-11 0.1453845729888D-11 0.1471840154664D-11
 0.1490102788047D-11 0.1508637046154D-11 0.1527446205946D-11 0.1546533807821D-11
 0.1565903328560D-11 0.1585558444575D-11 0.1605502791882D-11 0.1625740197496D-11
 0.1646274507997D-11 0.1667109655306D-11 0.1688249663630D-11 0.1709698652559D-11
 0.1731460819986D-11 0.1753540356018D-11 0.1775941773266D-11 0.1798669401555D-11
 0.1821727858591D-11 0.1845121743268D-11 0.1868855764310D-11 0.1892934862352D-11
 0.1917363719613D-11 0.1942147596091D-11 0.1967291400660D-11 0.1992800426441D-11
 0.2018680016570D-11 0.2044935510946D-11 0.2071572437840D-11 0.2098596399836D-11
 0.2126013189207D-11 0.2153828560877D-11 0.2182048483432D-11 0.2210679045095D-11
 0.2239726370309D-11 0.2269196804024D-11 0.2299096729197D-11 0.2329432677556D-11
 0.2360211216862D-11 0.2391439288238D-11 0.2423123582181D-11 0.2455271372032D-11
 0.2487889626881D-11 0.2520985733280D-11 0.2554567122541D-11 0.2588641439308D-11
 0.2623216252361D-11 0.2658299535884D-11 0.2693899316192D-11 0.2730023652344D-11
 0.2766680909860D-11 0.2803879608712D-11 0.2841628393153D-11 0.2879935982505D-11
 0.2918811364546D-11 0.2958263640969D-11 0.2998302178360D-11 0.3038936489825D-11
 0.3080176132057D-11 0.3122030979282D-11 0.3164511082509D-11 0.3207626616981D-11
 0.3251388056522D-11 0.3295805913426D-11 0.3340891193740D-11 0.3386654706743D-11
 0.3433107662665D-11 0.3480261719415D-11 0.3528128413389D-11 0.3576719626101D-11
 0.3626047440436D-11 0.3676124296874D-11 0.3726962653915D-11 0.3778575498339D-11
 0.3830975665015D-11 0.3884176798964D-11 0.3938192324797D-11 0.3993035970302D-11
 0.4048721973061D-11 0.4105264801958D-11 0.4162678879432D-11 0.4220979428880D-11
 0.4280181603892D-11 0.4340300816567D-11 0.4401353129648D-11 0.4463354652510D-11
 0.4526321778849D-11 0.4590271416470D-11 0.4655220493262D-11 0.4721186791467D-11
 0.4788187844201D-11 0.4856241997833D-11 0.4925367748117D-11 0.4995583917722D-11
 0.5066909874117D-11 0.5139365253788D-11 0.5212970050544D-11 0.5287744929663D-11
 0.5363710438853D-11 0.5440887970604D-11 0.5519299385165D-11 0.5598966682975D-11
 0.5679912378023D-11 0.5762159850568D-11 0.5845732281289D-11 0.5930653731771D-11
 0.6016948565088D-11 0.6104642174791D-11 0.6193759465002D-11 0.6284326995434D-11
 0.6376370970084D-11 0.6469918345021D-11 0.6564997202222D-11 0.6661635285493D-11
 0.6759861621433D-11 0.6859705462877D-11 0.6961196835471D-11 0.7064366263307D-11
 0.7169244943263D-11 0.7275864713474D-11 0.7384258060090D-11 0.7494458525826D-11
 0.7606499588092D-11 0.7720416274611D-11 0.7836243198369D-11 0.7954017171799D-11
 0.8073774320860D-11 0.8195552891200D-11 0.8319390898957D-11 0.8445327212277D-11
 0.8573402451923D-11 0.8703656781509D-11 0.8836132491097D-11 0.8970871778798D-11
 0.9107918165960D-11 0.9247316142668D-11 0.9389110775523D-11 0.9533348906827D-11
 0.9680077372131D-11 0.9829344485799D-11 0.9981199832512D-11 0.1013569315535D-10
 0.1029287674102D-10 0.1045280239974D-10 0.1061552418212D-10 0.1078109672446D-10
 0.1094957618054D-10 0.1112101958879D-10 0.1129548538409D-10 0.1147303337335D-10
 0.1165372478992D-10 0.1183762108205D-10 0.1202478672973D-10 0.1221528649334D-10
 0.1240918652594D-10 0.1260655517647D-10 0.1280746115175D-10 0.1301197576942D-10
 0.1322017155909D-10 0.1343212209323D-10 0.1364790342544D-10 0.1386759222225D-10
 0.1409126752607D-10 0.1431901083134D-10 0.1455090358804D-10 0.1478703036479D-10
 0.1502747753257D-10 0.1527233289425D-10 0.1552168579252D-10 0.1577562928943D-10
 0.1603425636072D-10 0.1629766406761D-10 0.1656594894232D-10 0.1683921322250D-10
 0.1711755787792D-10 0.1740108890671D-10 0.1768991240009D-10 0.1798413890896D-10
 0.1828387967037D-10 0.1858924938081D-10 0.1890036521397D-10 0.1921734692545D-10
 0.1954031638814D-10 0.1986939892533D-10 0.2020472283413D-10 0.2054641807921D-10
 0.2089461848559D-10 0.2124946039901D-10 0.2161108452509D-10 0.2197963340707D-10
 0.2235525256125D-10 0.2273809188703D-10 0.2312830385751D-10 0.2352604521745D-10
 0.2393147473128D-10 0.2434475665194D-10 0.2476605779139D-10 0.2519554879263D-10
 0.2563340411618D-10 0.2607980334660D-10 0.2653492783968D-10 0.2699896552553D-10
 0.2747210793371D-10 0.2795454889124D-10 0.2844648945364D-10 0.2894813477847D-10
 0.2945969272533D-10 0.2998137756527D-10 0.3051340839950D-10 0.3105600947205D-10
 0.3160940855210D-10 0.3217384126455D-10 0.3274954604857D-10 0.3333676817926D-10
 0.3393575901516D-10 0.3454677398640D-10 0.3517007657816D-10 0.3580593461110D-10
 0.3645462206549D-10 0.3711642129078D-10 0.3779161810863D-10 0.3848050839140D-10
 0.3918339075326D-10 0.3990057396939D-10 0.4063237295097D-10 0.4137911020439D-10
 0.4214111442157D-10 0.4291872290381D-10 0.4371228161401D-10 0.4452214308152D-10
 0.4534866798268D-10 0.4619222709557D-10 0.4705319738977D-10 0.4793196653863D-10
 0.4882893017181D-10 0.4974449398695D-10 0.5067907182340D-10 0.5163308929849D-10
 0.5260697876830D-10 0.5360118651077D-10 0.5461616633830D-10 0.5565238301328D-10
 0.5671031348968D-10 0.5779044432925D-10 0.5889327588202D-10 0.6001931590860D-10
 0.6116908823012D-10 0.6234312765298D-10 0.6354198159780D-10 0.6476620774682D-10
 0.6601638216011D-10 0.6729308882330D-10 0.6859693009608D-10 0.6992851882648D-10
 0.7128848358302D-10 0.7267746936254D-10 0.7409613448249D-10 0.7554515206498D-10
 0.7702521342004D-10 0.7853702411813D-10 0.8008130764736D-10 0.8165880452101D-10
 0.8327027207629D-10 0.8491648526258D-10 0.8659823706554D-10 0.8831634146098D-10
 0.9007162947687D-10 0.9186495253758D-10 0.9369718199015D-10 0.9556921021536D-10
 0.9748195060288D-10 0.9943633496153D-10 0.1014333257836D-09 0.1034738984219D-09
 0.1055590568897D-09 0.1076898289482D-09 0.1098672624708D-09 0.1120924376018D-09
 0.1143664529392D-09 0.1166904378278D-09 0.1190655437050D-09 0.1214929581590D-09
 0.1239738840398D-09 0.1265095650546D-09 0.1291012674947D-09 0.1317502910489D-09
 0.1344579637118D-09 0.1372256485272D-09 0.1400547340782D-09 0.1429466533198D-09
 0.1459028631142D-09 0.1489248573781D-09 0.1520141721706D-09 0.1551723721258D-09
 0.1584010632409D-09 0.1617018880078D-09 0.1650765293234D-09 0.1685267097879D-09
 0.1720541938612D-09 0.1756607880289D-09 0.1793483407703D-09 0.1831187462339D-09
 0.1869739463824D-09 0.1909159203878D-09 0.1949467066258D-09 0.1990683836657D-09
 0.2032830840962D-09 0.2075929877262D-09 0.2120003343577D-09 0.2165074080763D-09
 0.2211165538404D-09 0.2258301707633D-09 0.2306507159022D-09 0.2355807044339D-09
 0.2406227150597D-09 0.2457793835827D-09 0.2510534105599D-09 0.2564475666758D-09
 0.2619646804808D-09 0.2676076555933D-09 0.2733794607088D-09 0.2792831397126D-09
 0.2853218072988D-09 0.2914986518935D-09 0.2978169424726D-09 0.3042800243831D-09
 0.3108913211107D-09 0.3176543455229D-09 0.3245726889138D-09 0.3316500295786D-09
 0.3388901351207D-09 0.3462968645746D-09 0.3538741740604D-09 0.3616261049857D-09
 0.3695568052690D-09 0.3776705199845D-09 0.3859715941007D-09 0.3944644801522D-09
 0.4031537391631D-09 0.4120440392264D-09 0.4211401619843D-09 0.4304470010980D-09
 0.4399695813820D-09 0.4497130315103D-09 0.4596826158251D-09 0.4698837210451D-09
 0.4803218670364D-09 0.4910027040290D-09 0.5019320182858D-09 0.5131157402277D-09
 0.5245599414432D-09 0.5362708378290D-09 0.5482547970305D-09 0.5605183433365D-09
 0.5730681585196D-09 0.5859110818486D-09 0.5990541233987D-09 0.6125044555938D-09
 0.6262694347620D-09 0.6403565830417D-09 0.6547736130847D-09 0.6695284269992D-09
 0.6846291125092D-09 0.7000839525002D-09 0.7159014335108D-09 0.7320902434024D-09
 0.7486592914651D-09 0.7656176888945D-09 0.7829747755694D-09 0.8007401192442D-09
 0.8189235130084D-09 0.8375349934139D-09 0.8565848378686D-09 0.8760835753501D-09
 0.8960419828022D-09 0.9164711107179D-09 0.9373822671619D-09 0.9587870434287D-09
 0.9806973006267D-09 0.1003125199762D-08 0.1026083187279D-08 0.1049584022481D-08
 0.1073640760676D-08 0.1098266791238D-08 0.1123475813049D-08 0.1149281858933D-08
 0.1175699316432D-08 0.1202742914757D-08 0.1230427734825D-08 0.1258769230799D-08
 0.1287783229969D-08 0.1317485943423D-08 0.1347893985280D-08 0.1379024360749D-08
 0.1410894496908D-08 0.1443522237252D-08 0.1476925862121D-08 0.1511124112287D-08
 0.1546136154181D-08 0.1581981638647D-08 0.1618680696084D-08 0.1656253940325D-08
 0.1694722500974D-08 0.1734107989438D-08 0.1774432575071D-08 0.1815718952839D-08
 0.1857990368045D-08 0.1901270644039D-08 0.1945584176523D-08 0.1990955945128D-08
 0.2037411550483D-08 0.2084977218448D-08 0.2133679809092D-08 0.2183546825151D-08
 0.2234606454906D-08 0.2286887573105D-08 0.2340419752289D-08 0.2395233273677D-08
 0.2451359184277D-08 0.2508829260866D-08 0.2567676068770D-08 0.2627932964762D-08
 0.2689634116062D-08 0.2752814527716D-08 0.2817510043592D-08 0.2883757395041D-08
 0.2951594212598D-08 0.3021059021245D-08 0.3092191318083D-08 0.3165031532178D-08
 0.3239621099974D-08 0.3316002462332D-08 0.3394219077662D-08 0.3474315493791D-08
 0.3556337328697D-08 0.3640331309382D-08 0.3726345310207D-08 0.3814428373634D-08
 0.3904630729306D-08 0.3997003853934D-08 0.4091600448353D-08 0.4188474520709D-08
 0.4287681396017D-08 0.4389277744056D-08 0.4493321618396D-08 0.4599872488622D-08
 0.4708991286013D-08 0.4820740407847D-08 0.4935183780960D-08 0.5052386920793D-08
 0.5172416916142D-08 0.5295342477190D-08 0.5421234031995D-08 0.5550163692768D-08
 0.5682205354730D-08 0.5817434703477D-08 0.5955929299402D-08 0.6097768550317D-08
 0.6243033851296D-08 0.6391808550451D-08 0.6544178048037D-08 0.6700229826157D-08
 0.6860053516532D-08 0.7023740917925D-08 0.7191386077278D-08 0.7363085361610D-08
 0.7538937467509D-08 0.7719043490992D-08 0.7903507045910D-08 0.8092434227858D-08
 0.8285933765946D-08 0.8484117004504D-08 0.8687098062602D-08 0.8894993785853D-08
 0.9107923919810D-08 0.9326011128296D-08 0.9549381061262D-08 0.9778162443659D-08
 0.1001248715924D-07 0.1025249030496D-07 0.1049831027408D-07 0.1075008887573D-07
 0.1100797132020D-07 0.1127210644759D-07 0.1154264669575D-07 0.1181974821234D-07
 0.1210357101123D-07 0.1239427898203D-07 0.1269204001106D-07 0.1299702615302D-07
 0.1330941359967D-07 0.1362938289861D-07 0.1395711899224D-07 0.1429281136001D-07
 0.1463665409166D-07 0.1498884605249D-07 0.1534959094888D-07 0.1571909750205D-07
 0.1609757950063D-07 0.1648525603056D-07 0.1688235142017D-07 0.1728909559085D-07
 0.1770572409726D-07 0.1813247817944D-07 0.1856960499607D-07 0.1901735783855D-07
 0.1947599607541D-07 0.1994578552255D-07 0.2042699846574D-07 0.2091991385698D-07
 0.2142481744795D-07 0.2194200203459D-07 0.2247176751175D-07 0.2301442121609D-07
 0.2357027794572D-07 0.2413966021080D-07 0.2472289837036D-07 0.2532033099085D-07
 0.2593230482540D-07 0.2655917515532D-07 0.2720130597606D-07 0.2785907014606D-07
 0.2853284975227D-07 0.2922303610134D-07 0.2993003022298D-07 0.3065424288172D-07
 0.3139609495174D-07 0.3215601755125D-07 0.3293445244004D-07 0.3373185216014D-07
 0.3454868035599D-07 0.3538541199856D-07 0.3624253368480D-07 0.3712054407764D-07
 0.3801995386841D-07 0.3894128635415D-07 0.3988507767817D-07 0.4085187708039D-07
 0.4184224728132D-07 0.4285676478702D-07 0.4389602025065D-07 0.4496061876690D-07
 0.4605118034161D-07 0.4716834007590D-07 0.4831274875387D-07 0.4948507301224D-07
 0.5068599592396D-07 0.5191621725504D-07 0.5317645392980D-07 0.5446744052873D-07
 0.5578992951438D-07 0.5714469202359D-07 0.5853251786078D-07 0.5995421635916D-07
 0.6141061668295D-07 0.6290256833628D-07 0.6443094158552D-07 0.6599662824848D-07
 0.6760054181767D-07 0.6924361836309D-07 0.7092681676472D-07 0.7265111960592D-07
 0.7441753356526D-07 0.7622708994168D-07 0.7808084540413D-07 0.7997988259882D-07
 0.8192531069834D-07 0.8391826613544D-07 0.8595991336621D-07 0.8805144523110D-07
 0.9019408402705D-07 0.9238908210920D-07 0.9463772247647D-07 0.9694131968457D-07
 0.9930122069485D-07 0.1017188054588D-06 0.1041954879513D-06 0.1067327167483D-06
 0.1093319762381D-06 0.1119947871010D-06 0.1147227075955D-06 0.1175173341916D-06
 0.1203803026744D-06 0.1233132890257D-06 0.1263180104889D-06 0.1293962265494D-06
 0.1325497399878D-06 0.1357803980047D-06 0.1390900931535D-06 0.1424807646793D-06
 0.1459543995317D-06 0.1495130336040D-06 0.1531587528175D-06 0.1568936947465D-06
 0.1607200494029D-06 0.1646400607160D-06 0.1686560280334D-06 0.1727703074404D-06
 0.1769853129302D-06 0.1813035180427D-06 0.1857274573748D-06 0.1902597281127D-06
 0.1949029912697D-06 0.1996599737773D-06 0.2045334696544D-06 0.2095263419463D-06
 0.2146415244412D-06 0.2198820232888D-06 0.2252509189027D-06 0.2307513677630D-06
 0.2363866044202D-06 0.2421599431641D-06 0.2480747804991D-06 0.2541345966738D-06
 0.2603429578831D-06 0.2667035189917D-06 0.2732200248114D-06 0.2798963131330D-06
 0.2867363165226D-06 0.2937440650219D-06 0.3009236885498D-06 0.3082794191840D-06
 0.3158155940514D-06 0.3235366575743D-06 0.3314471644779D-06 0.3395517823946D-06
 0.3478552950005D-06 0.3563626043279D-06 0.3650787342817D-06 0.3740088336571D-06
 0.3831581786795D-06 0.3925321772723D-06 0.4021363714076D-06 0.4119764410484D-06
 0.4220582074549D-06 0.4323876364071D-06 0.4429708427180D-06 0.4538140932775D-06
 0.4649238108824D-06 0.4763065787671D-06 0.4879691442041D-06 0.4999184225314D-06
 0.5121615022625D-06 0.5247056482191D-06 0.5375583071983D-06 0.5507271117620D-06
 0.5642198857013D-06 0.5780446480273D-06 0.5922096189542D-06 0.6067232241392D-06
 0.6215941006907D-06 0.6368311018999D-06 0.6524433032782D-06 0.6684400082473D-06
 0.6848307533480D-06 0.7016253154664D-06 0.7188337165811D-06 0.7364662312305D-06
 0.7545333924476D-06 0.7730459984888D-06 0.7920151199150D-06 0.8114521063920D-06
 0.8313685941931D-06 0.8517765133334D-06 0.8726880951688D-06 0.8941158810844D-06
 0.9160727292738D-06 0.9385718241756D-06 0.9616266836237D-06 0.9852511697379D-06
 0.1009459495446D-05 0.1034266235531D-05 0.1059686335454D-05 0.1085735121078D-05
 0.1112428308728D-05 0.1139782015816D-05 0.1167812770999D-05 0.1196537525388D-05
 0.1225973663896D-05 0.1256139016195D-05 0.1287051869144D-05 0.1318730978651D-05
 0.1351195583006D-05 0.1384465414333D-05 0.1418560713167D-05 0.1453502241432D-05
 0.1489311297166D-05 0.1526009728097D-05 0.1563619947375D-05 0.1602164948219D-05
 0.1641668320199D-05 0.1682154265617D-05 0.1723647615233D-05 0.1766173846910D-05
 0.1809759102087D-05 0.1854430205303D-05 0.1900214681399D-05 0.1947140776344D-05
 0.1995237476799D-05 0.2044534530123D-05 0.2095062466598D-05 0.2146852620004D-05
 0.2199937151251D-05 0.2254349071351D-05 0.2310122265080D-05 0.2367291515089D-05
 0.2425892529058D-05 0.2485961964036D-05 0.2547537454917D-05 0.2610657641622D-05
 0.2675362197644D-05 0.2741691860974D-05 0.2809688463182D-05 0.2879394962881D-05
 0.2950855476551D-05 0.3024115313274D-05 0.3099221009895D-05 0.3176220365922D-05
 0.3255162481920D-05 0.3336097796820D-05 0.3419078127468D-05 0.3504156711244D-05
 0.3591388246566D-05 0.3680828937116D-05 0.3772536538240D-05 0.3866570401384D-05
 0.3962991524777D-05 0.4061862602679D-05 0.4163248076027D-05 0.4267214187169D-05
 0.4373829035513D-05 0.4483162633296D-05 0.4595286966598D-05 0.4710276055567D-05
 0.4828206017778D-05 0.4949155136301D-05 0.5073203924925D-05 0.5200435200598D-05
 0.5330934156419D-05 0.5464788435684D-05 0.5602088214926D-05 0.5742926280085D-05
 0.5887398114256D-05 0.6035601984742D-05 0.6187639033319D-05 0.6343613371443D-05
 0.6503632176138D-05 0.6667805794643D-05 0.6836247846781D-05 0.7009075336699D-05
 0.7186408764248D-05 0.7368372244433D-05 0.7555093630432D-05 0.7746704639335D-05
 0.7943340984178D-05 0.8145142514956D-05 0.8352253357121D-05 0.8564822062565D-05
 0.8783001764643D-05 0.9006950336964D-05 0.9236830562059D-05 0.9472810305168D-05
 0.9715062696423D-05 0.9963766317693D-05 0.1021910539838D-04 0.1048127002348D-04
 0.1075045634227D-04 0.1102686679298D-04 0.1131071033307D-04 0.1160220268159D-04
 0.1190156656691D-04 0.1220903199277D-04 0.1252483650911D-04 0.1284922549724D-04
 0.1318245246861D-04 0.1352477937287D-04 0.1387647692410D-04 0.1423782493641D-04
 0.1460911268010D-04 0.1499063924689D-04 0.1538271393798D-04 0.1578565666639D-04
 0.1619979837473D-04 0.1662548147818D-04 0.1706306032335D-04 0.1751290166865D-04
 0.1797538518726D-04 0.1845090399376D-04 0.1893986519478D-04 0.1944269046480D-04
 0.1995981665100D-04 0.2049169640294D-04 0.2103879883665D-04 0.2160161022684D-04
 0.2218063473251D-04 0.2277639516145D-04 0.2338943376522D-04 0.2402031307768D-04
 0.2466961679345D-04 0.2533795068852D-04 0.2602594358461D-04 0.2673424836742D-04
 0.2746354304798D-04 0.2821453188126D-04 0.2898794654069D-04 0.2978454735279D-04
 0.3060512459034D-04 0.3145049983836D-04 0.3232152742045D-04 0.3321909591051D-04
 0.3414412971243D-04 0.3509759072705D-04 0.3608048010640D-04 0.3709384009546D-04
 0.3813875597942D-04 0.3921635812262D-04 0.4032782412987D-04 0.4147438111281D-04
 0.4265730808115D-04 0.4387793846560D-04 0.4513766277754D-04 0.4643793140976D-04
 0.4778025759644D-04 0.4916622053454D-04 0.5059746867369D-04 0.5207572320225D-04
 0.5360278170890D-04 0.5518052207147D-04 0.5681090655119D-04 0.5849598612483D-04
 0.6023790506622D-04 0.6203890578525D-04 0.6390133395689D-04 0.6582764393334D-04
 0.6782040448682D-04 0.6988230487884D-04 0.7201616129223D-04 0.7422492364047D-04
 0.7651168279101D-04 0.7887967820860D-04 0.8133230607240D-04 0.8387312787312D-04
 0.8650587954045D-04 0.8923448112619D-04 0.9206304708120D-04 0.9499589717279D-04
 0.9803756807867D-04 0.1011928256980D-03 0.1044666782519D-03 0.1078643901984D-03
 0.1113914970328D-03 0.1150538210436D-03 0.1188574880699D-03 0.1228089453425D-03
 0.1269149804884D-03 0.1311827417766D-03 0.1356197596904D-03 0.1402339699202D-03
 0.1450337378965D-03 0.1500278849485D-03 0.1552257162326D-03 0.1606370505318D-03
 0.1662722520985D-03 0.1721422646549D-03 0.1782586477540D-03 0.1846336156240D-03
 0.1912800787462D-03 0.1982116883148D-03 0.2054428838442D-03 0.2129889441326D-03
 0.2208660418595D-03 0.2290913020964D-03 0.2376828650270D-03 0.2466599532154D-03
 0.2560429437782D-03 0.2658534458525D-03 0.2761143837785D-03 0.2868500864612D-03
 0.2980863833989D-03 0.3098507079301D-03 0.3221722083087D-03 0.3350818671846D-03
 0.3486126302726D-03 0.3627995449132D-03 0.3776799093611D-03 0.3932934337380D-03
 0.4096824135990D-03 0.4268919172040D-03 0.4449699876727D-03 0.4639678613097D-03
 0.4839402034747D-03 0.5049453635712D-03 0.5270456508125D-03 0.5503076325874D-03
 0.5748024574548D-03 0.6006062049854D-03 0.6278002648092D-03 0.6564717475939D-03
 0.6867139307901D-03 0.7186267423802D-03 0.7523172861210D-03 0.7879004121180D-03
 0.8254993370108D-03 0.8652463183571D-03 0.9072833884353D-03 0.9517631530400D-03
 0.9988496615330D-03 0.1048719355028D-02 0.1101562100245D-02 0.1157582317436D-02
 0.1217000211596D-02 0.1280053117164D-02 0.1346996967521D-02 0.1418107901742D-02
 0.1493684022453D-02 0.1574047320065D-02 0.1659545780405D-02 0.1750555694500D-02
 0.1847484191437D-02 0.1950772017451D-02 0.2060896587008D-02 0.2178375334460D-02
 0.2303769398165D-02 0.2437687672444D-02 0.2580791266827D-02 0.2733798416553D-02
 0.2897489893304D-02 0.3072714970828D-02 0.3260398006459D-02 0.3461545706708D-02
 0.3677255152990D-02 0.3908722672764D-02 0.4157253651262D-02 0.4424273390582D-02
 0.4711339135610D-02 0.5020153400790D-02 0.5352578748061D-02 0.5710654184608D-02
 0.6096613369944D-02 0.6512904845235D-02 0.6962214524208D-02 0.7447490715251D-02
 0.7971971977742D-02 0.8539218154537D-02 0.9153144965679D-02 0.9818062597894D-02
 0.1053871878008D-01 0.1132034689881D-01 0.1216871977938D-01 0.1309020984025D-01
 0.1409185642105D-01 0.1518144119072D-01 0.1636757266208D-01 0.1765978097618D-01
 0.1906862427594D-01 0.2060580816579D-01 0.2228431995712D-01 0.2411857962983D-01
 0.2612460970456D-01 0.2832022652039D-01 0.3072525575729D-01 0.3336177543491D-01
 0.3625439006857D-01 0.3943054017609D-01 0.4292085191751D-01 0.4675953231982D-01
 0.5098481630996D-01 0.5563947265732D-01 0.6077137693735D-01 0.6643416078029D-01
 0.7268794799245D-01 0.7960018965208D-01 0.8724661201550D-01 0.9571229305885D-01
 0.1050928857541D+00 0.1154960087856D+00 0.1270428284029D+00 0.1398698648993D+00
 0.1541310242501D+00 0.1697699287184D+00 0.1866803513534D+00 0.2049622056304D+00
 0.2247245037906D+00 0.2460862486227D+00 0.2691774187435D+00 0.2941400574264D+00
 0.3211294761276D+00 0.3503155850872D+00 0.3818843647359D+00 0.4160394931501D+00
 0.4530041464650D+00 0.4930229910186D+00 0.5363643880531D+00 0.5833228340914D+00
 0.6342216626389D+00 0.6894160356746D+00 0.7492962565232D+00 0.8142914391548D+00
 0.8848735728056D+00 0.9615620250790D+00 0.1044928531388D+01 0.1135602723888D+01
 0.1234278258783D+01 0.1341719607436D+01 0.1458769583720D+01 0.1586357688118D+01
 0.1725509357692D+01 0.1877356220902D+01
    0    0
