 nspin  vdif :::::: Potentials for non-spin-polarized non-relativistic Va.      
    1   0.0000000000000D+00
 LSMS:           Va     z=  0.    xvalws=   0.14340
   0.                      2.65165   0. 0.2551299395533D+00
                 -0.1113096740000D+02 0.9751822497023D+00 1001 1030
 0.2077232422314D-04 0.2103659424090D-04 0.2130416775661D-04 0.2157508559775D-04
 0.2184936906635D-04 0.2212704056929D-04 0.2240814319428D-04 0.2269272049457D-04
 0.2298081652857D-04 0.2327247587098D-04 0.2356774356810D-04 0.2386666523040D-04
 0.2416928696008D-04 0.2447565539275D-04 0.2478581771290D-04 0.2509982166491D-04
 0.2541771552261D-04 0.2573954814836D-04 0.2606536895839D-04 0.2639522792426D-04
 0.2672917567343D-04 0.2706726336720D-04 0.2740954279387D-04 0.2775606635611D-04
 0.2810688704780D-04 0.2846205854441D-04 0.2882163510470D-04 0.2918567165472D-04
 0.2955422378205D-04 0.2992734772042D-04 0.3030510038784D-04 0.3068753937626D-04
 0.3107472292641D-04 0.3146671006976D-04 0.3186356045533D-04 0.3226533448296D-04
 0.3267209328735D-04 0.3308389869302D-04 0.3350081332653D-04 0.3392290053931D-04
 0.3435022442291D-04 0.3478284987740D-04 0.3522084257068D-04 0.3566426895026D-04
 0.3611319628503D-04 0.3656769264584D-04 0.3702782691270D-04 0.3749366882576D-04
 0.3796528895438D-04 0.3844275870195D-04 0.3892615036764D-04 0.3941553708596D-04
 0.3991099294198D-04 0.4041259284455D-04 0.4092041267272D-04 0.4143452912056D-04
 0.4195501998110D-04 0.4248196383136D-04 0.4301544031130D-04 0.4355552990521D-04
 0.4410231421772D-04 0.4465587573502D-04 0.4521629799023D-04 0.4578366553565D-04
 0.4635806390568D-04 0.4693957972810D-04 0.4752830066605D-04 0.4812431540101D-04
 0.4872771376201D-04 0.4933858660252D-04 0.4995702596254D-04 0.5058312492700D-04
 0.5121697771855D-04 0.5185867974980D-04 0.5250832755475D-04 0.5316601881918D-04
 0.5383185250359D-04 0.5450592868519D-04 0.5518834866984D-04 0.5587921505295D-04
 0.5657863161855D-04 0.5728670341322D-04 0.5800353677857D-04 0.5872923938101D-04
 0.5946392015245D-04 0.6020768932567D-04 0.6096065858046D-04 0.6172294079883D-04
 0.6249465034239D-04 0.6327590296095D-04 0.6406681581133D-04 0.6486750738770D-04
 0.6567809773274D-04 0.6649870830516D-04 0.6732946203416D-04 0.6817048335582D-04
 0.6902189819403D-04 0.6988383406319D-04 0.7075641995873D-04 0.7163978648247D-04
 0.7253406581474D-04 0.7343939176461D-04 0.7435589971882D-04 0.7528372676513D-04
 0.7622301162872D-04 0.7717389468338D-04 0.7813651811243D-04 0.7911102574392D-04
 0.8009756317218D-04 0.8109627775966D-04 0.8210731867617D-04 0.8313083689260D-04
 0.8416698523416D-04 0.8521591833577D-04 0.8627779279768D-04 0.8735276701028D-04
 0.8844100136559D-04 0.8954265820053D-04 0.9065790182285D-04 0.9178689846656D-04
 0.9292981654973D-04 0.9408682635418D-04 0.9525810035813D-04 0.9644381303382D-04
 0.9764414107304D-04 0.9885926325230D-04 0.1000893605623D-03 0.1013346161436D-03
 0.1025952153820D-03 0.1038713459514D-03 0.1051631977892D-03 0.1064709630943D-03
 0.1077948364400D-03 0.1091350147763D-03 0.1104916973931D-03 0.1118650860838D-03
 0.1132553850155D-03 0.1146628008929D-03 0.1160875428781D-03 0.1175298227311D-03
 0.1189898547492D-03 0.1204678557806D-03 0.1219640454750D-03 0.1234786459573D-03
 0.1250118821726D-03 0.1265639817324D-03 0.1281351751179D-03 0.1297256954413D-03
 0.1313357788112D-03 0.1329656640827D-03 0.1346155930782D-03 0.1362858105457D-03
 0.1379765642241D-03 0.1396881048092D-03 0.1414206861042D-03 0.1431745649088D-03
 0.1449500012262D-03 0.1467472582103D-03 0.1485666021765D-03 0.1504083026695D-03
 0.1522726325364D-03 0.1541598679349D-03 0.1560702883597D-03 0.1580041767377D-03
 0.1599618193354D-03 0.1619435060570D-03 0.1639495301448D-03 0.1659801885497D-03
 0.1680357817813D-03 0.1701166140019D-03 0.1722229929962D-03 0.1743552303827D-03
 0.1765136415303D-03 0.1786985456545D-03 0.1809102658305D-03 0.1831491290174D-03
 0.1854154662643D-03 0.1877096124991D-03 0.1900319068141D-03 0.1923826923544D-03
 0.1947623165473D-03 0.1971711309128D-03 0.1996094912745D-03 0.2020777578379D-03
 0.2045762950826D-03 0.2071054719924D-03 0.2096656621213D-03 0.2122572432651D-03
 0.2148805981425D-03 0.2175361139316D-03 0.2202241825480D-03 0.2229452007065D-03
 0.2256995699030D-03 0.2284876964934D-03 0.2313099918437D-03 0.2341668722634D-03
 0.2370587591415D-03 0.2399860789311D-03 0.2429492633647D-03 0.2459487493421D-03
 0.2489849791249D-03 0.2520584002709D-03 0.2551694658720D-03 0.2583186344627D-03
 0.2615063701514D-03 0.2647331427286D-03 0.2679994276951D-03 0.2713057061996D-03
 0.2746524654276D-03 0.2780401983892D-03 0.2814694040347D-03 0.2849405875530D-03
 0.2884542600634D-03 0.2920109390092D-03 0.2956111481096D-03 0.2992554174938D-03
 0.3029442836238D-03 0.3066782895733D-03 0.3104579849775D-03 0.3142839262218D-03
 0.3181566762694D-03 0.3220768052218D-03 0.3260448898089D-03 0.3300615139722D-03
 0.3341272687294D-03 0.3382427521416D-03 0.3424085697230D-03 0.3466253342442D-03
 0.3508936659586D-03 0.3552141926510D-03 0.3595875497335D-03 0.3640143803912D-03
 0.3684953355923D-03 0.3730310741093D-03 0.3776222630323D-03 0.3822695772136D-03
 0.3869736999595D-03 0.3917353227678D-03 0.3965551455885D-03 0.4014338767892D-03
 0.4063722335907D-03 0.4113709416563D-03 0.4164307356023D-03 0.4215523591119D-03
 0.4267365646616D-03 0.4319841140638D-03 0.4372957782668D-03 0.4426723377668D-03
 0.4481145823775D-03 0.4536233115956D-03 0.4591993347436D-03 0.4648434707913D-03
 0.4705565488353D-03 0.4763394080239D-03 0.4821928975647D-03 0.4881178772900D-03
 0.4941152172173D-03 0.5001857980961D-03 0.5063305114151D-03 0.5125502593184D-03
 0.5188459552521D-03 0.5252185234414D-03 0.5316688995608D-03 0.5381980306676D-03
 0.5448068752423D-03 0.5514964034779D-03 0.5582675973732D-03 0.5651214509492D-03
 0.5720589702450D-03 0.5790811735018D-03 0.5861890914771D-03 0.5933837674022D-03
 0.6006662572484D-03 0.6080376297578D-03 0.6154989667423D-03 0.6230513631394D-03
 0.6306959273558D-03 0.6384337810715D-03 0.6462660598208D-03 0.6541939128464D-03
 0.6622185033556D-03 0.6703410088460D-03 0.6785626210309D-03 0.6868845461776D-03
 0.6953080052925D-03 0.7038342340763D-03 0.7124644835157D-03 0.7212000196573D-03
 0.7300421239698D-03 0.7389920936271D-03 0.7480512414609D-03 0.7572208963673D-03
 0.7665024035221D-03 0.7758971242449D-03 0.7854064366020D-03 0.7950317354409D-03
 0.8047744324961D-03 0.8146359567660D-03 0.8246177546235D-03 0.8347212900867D-03
 0.8449480449258D-03 0.8552995190186D-03 0.8657772305224D-03 0.8763827160403D-03
 0.8871175309178D-03 0.8979832493995D-03 0.9089814649757D-03 0.9201137903786D-03
 0.9313818581659D-03 0.9427873206798D-03 0.9543318505002D-03 0.9660171403993D-03
 0.9778449039182D-03 0.9898168752270D-03 0.1001934810013D-02 0.1014200485087D-02
 0.1026615698758D-02 0.1039182271640D-02 0.1051902046197D-02 0.1064776887379D-02
 0.1077808682963D-02 0.1090999343685D-02 0.1104350803509D-02 0.1117865019930D-02
 0.1131543974288D-02 0.1145389672241D-02 0.1159404143633D-02 0.1173589443080D-02
 0.1187947650292D-02 0.1202480870372D-02 0.1217191233906D-02 0.1232080897548D-02
 0.1247152044067D-02 0.1262406883050D-02 0.1277847650791D-02 0.1293476610924D-02
 0.1309296054689D-02 0.1325308301071D-02 0.1341515697577D-02 0.1357920619913D-02
 0.1374525473153D-02 0.1391332691356D-02 0.1408344738325D-02 0.1425564107987D-02
 0.1442993324434D-02 0.1460634942740D-02 0.1478491548829D-02 0.1496565760363D-02
 0.1514860226709D-02 0.1533377629711D-02 0.1552120683679D-02 0.1571092136068D-02
 0.1590294767847D-02 0.1609731393744D-02 0.1629404862843D-02 0.1649318058970D-02
 0.1669473901058D-02 0.1689875343540D-02 0.1710525376768D-02 0.1731427027776D-02
 0.1752583360270D-02 0.1773997475247D-02 0.1795672511629D-02 0.1817611646439D-02
 0.1839818095524D-02 0.1862295113731D-02 0.1885045995718D-02 0.1908074076239D-02
 0.1931382730479D-02 0.1954975375098D-02 0.1978855468141D-02 0.2003026509700D-02
 0.2027492042664D-02 0.2052255653013D-02 0.2077320970398D-02 0.2102691668818D-02
 0.2128371466718D-02 0.2154364128160D-02 0.2180673462870D-02 0.2207303326999D-02
 0.2234257623855D-02 0.2261540304017D-02 0.2289155366203D-02 0.2317106858176D-02
 0.2345398876581D-02 0.2374035568196D-02 0.2403021130339D-02 0.2432359811374D-02
 0.2462055911312D-02 0.2492113782766D-02 0.2522537831199D-02 0.2553332515868D-02
 0.2584502350105D-02 0.2616051902493D-02 0.2647985797121D-02 0.2680308714496D-02
 0.2713025392036D-02 0.2746140624869D-02 0.2779659266576D-02 0.2813586229943D-02
 0.2847926487346D-02 0.2882685071902D-02 0.2917867078272D-02 0.2953477662526D-02
 0.2989522044239D-02 0.3026005506097D-02 0.3062933395310D-02 0.3100311124178D-02
 0.3138144171083D-02 0.3176438080817D-02 0.3215198466118D-02 0.3254431007565D-02
 0.3294141455452D-02 0.3334335629906D-02 0.3375019421784D-02 0.3416198793993D-02
 0.3457879781872D-02 0.3500068494238D-02 0.3542771114557D-02 0.3585993901374D-02
 0.3629743189498D-02 0.3674025391061D-02 0.3718846996246D-02 0.3764214574046D-02
 0.3810134773676D-02 0.3856614325458D-02 0.3903660041503D-02 0.3951278816869D-02
 0.3999477630708D-02 0.4048263547158D-02 0.4097643716416D-02 0.4147625375638D-02
 0.4198215850417D-02 0.4249422555202D-02 0.4301252995048D-02 0.4353714766265D-02
 0.4406815557795D-02 0.4460563152179D-02 0.4514965426675D-02 0.4570030354611D-02
 0.4625766006354D-02 0.4682180550603D-02 0.4739282255694D-02 0.4797079490321D-02
 0.4855580725359D-02 0.4914794534907D-02 0.4974729597346D-02 0.5035394696817D-02
 0.5096798724472D-02 0.5158950679760D-02 0.5221859671645D-02 0.5285534920207D-02
 0.5349985757745D-02 0.5415221630100D-02 0.5481252098479D-02 0.5548086840209D-02
 0.5615735650643D-02 0.5684208444486D-02 0.5753515257030D-02 0.5823666246050D-02
 0.5894671692817D-02 0.5966542003954D-02 0.6039287712721D-02 0.6112919480773D-02
 0.6187448099671D-02 0.6262884492229D-02 0.6339239714575D-02 0.6416524957179D-02
 0.6494751546931D-02 0.6573930948913D-02 0.6654074767400D-02 0.6735194748527D-02
 0.6817302781045D-02 0.6900410898752D-02 0.6984531281877D-02 0.7069676259099D-02
 0.7155858309328D-02 0.7243090063258D-02 0.7331384305516D-02 0.7420753976581D-02
 0.7511212174322D-02 0.7602772156301D-02 0.7695447341415D-02 0.7789251312115D-02
 0.7884197816187D-02 0.7980300769017D-02 0.8077574255146D-02 0.8176032531098D-02
 0.8275690026703D-02 0.8376561347758D-02 0.8478661277798D-02 0.8582004780425D-02
 0.8686607001549D-02 0.8792483271573D-02 0.8899649107514D-02 0.9008120215454D-02
 0.9117912492807D-02 0.9229042030521D-02 0.9341525115584D-02 0.9455378233262D-02
 0.9570618069730D-02 0.9687261514254D-02 0.9805325661979D-02 0.9924827816103D-02
 0.1004578549052D-01 0.1016821641268D-01 0.1029213852572D-01 0.1041756999144D-01
 0.1054452919261D-01 0.1067303473617D-01 0.1080310545557D-01 0.1093476041363D-01
 0.1106801890532D-01 0.1120290046062D-01 0.1133942484744D-01 0.1147761207433D-01
 0.1161748239356D-01 0.1175905630415D-01 0.1190235455467D-01 0.1204739814635D-01
 0.1219420833645D-01 0.1234280664083D-01 0.1249321483749D-01 0.1264545496970D-01
 0.1279954934918D-01 0.1295552055940D-01 0.1311339145872D-01 0.1327318518423D-01
 0.1343492515448D-01 0.1359863507333D-01 0.1376433893332D-01 0.1393206101925D-01
 0.1410182591167D-01 0.1427365849039D-01 0.1444758393838D-01 0.1462362774507D-01
 0.1480181571058D-01 0.1498217394912D-01 0.1516472889282D-01 0.1534950729602D-01
 0.1553653623860D-01 0.1572584313026D-01 0.1591745571475D-01 0.1611140207334D-01
 0.1630771062961D-01 0.1650641015316D-01 0.1670752976385D-01 0.1691109893627D-01
 0.1711714750393D-01 0.1732570566393D-01 0.1753680398060D-01 0.1775047339086D-01
 0.1796674520825D-01 0.1818565112770D-01 0.1840722323011D-01 0.1863149398698D-01
 0.1885849626533D-01 0.1908826333249D-01 0.1932082886067D-01 0.1955622693252D-01
 0.1979449204529D-01 0.2003565911667D-01 0.2027976348941D-01 0.2052684093668D-01
 0.2077692766727D-01 0.2103006033089D-01 0.2128627602367D-01 0.2154561229314D-01
 0.2180810714444D-01 0.2207379904537D-01 0.2234272693200D-01 0.2261493021482D-01
 0.2289044878390D-01 0.2316932301529D-01 0.2345159377659D-01 0.2373730243308D-01
 0.2402649085366D-01 0.2431920141718D-01 0.2461547701827D-01 0.2491536107420D-01
 0.2521889753075D-01 0.2552613086864D-01 0.2583710611039D-01 0.2615186882674D-01
 0.2647046514315D-01 0.2679294174691D-01 0.2711934589353D-01 0.2744972541396D-01
 0.2778412872163D-01 0.2812260481940D-01 0.2846520330673D-01 0.2881197438690D-01
 0.2916296887456D-01 0.2951823820287D-01 0.2987783443147D-01 0.3024181025347D-01
 0.3061021900367D-01 0.3098311466645D-01 0.3136055188286D-01 0.3174258595973D-01
 0.3212927287692D-01 0.3252066929579D-01 0.3291683256762D-01 0.3331782074186D-01
 0.3372369257445D-01 0.3413450753683D-01 0.3455032582431D-01 0.3497120836509D-01
 0.3539721682873D-01 0.3582841363590D-01 0.3626486196690D-01 0.3670662577098D-01
 0.3715376977605D-01 0.3760635949777D-01 0.3806446124924D-01 0.3852814215075D-01
 0.3899747013960D-01 0.3947251398005D-01 0.3995334327302D-01 0.4044002846679D-01
 0.4093264086702D-01 0.4143125264717D-01 0.4193593685921D-01 0.4244676744394D-01
 0.4296381924203D-01 0.4348716800529D-01 0.4401689040694D-01 0.4455306405348D-01
 0.4509576749581D-01 0.4564508024065D-01 0.4620108276216D-01 0.4676385651363D-01
 0.4733348393987D-01 0.4791004848827D-01 0.4849363462196D-01 0.4908432783166D-01
 0.4968221464800D-01 0.5028738265461D-01 0.5089992050061D-01 0.5151991791357D-01
 0.5214746571258D-01 0.5278265582156D-01 0.5342558128276D-01 0.5407633627002D-01
 0.5473501610302D-01 0.5540171726027D-01 0.5607653739441D-01 0.5675957534544D-01
 0.5745093115548D-01 0.5815070608343D-01 0.5885900261962D-01 0.5957592450072D-01
 0.6030157672497D-01 0.6103606556720D-01 0.6177949859472D-01 0.6253198468266D-01
 0.6329363402963D-01 0.6406455817463D-01 0.6484487001214D-01 0.6563468380923D-01
 0.6643411522235D-01 0.6724328131330D-01 0.6806230056719D-01 0.6889129290914D-01
 0.6973037972180D-01 0.7057968386314D-01 0.7143932968401D-01 0.7230944304643D-01
 0.7319015134189D-01 0.7408158350972D-01 0.7498387005574D-01 0.7589714307159D-01
 0.7682153625317D-01 0.7775718492086D-01 0.7870422603868D-01 0.7966279823409D-01
 0.8063304181842D-01 0.8161509880673D-01 0.8260911293879D-01 0.8361522969987D-01
 0.8463359634137D-01 0.8566436190279D-01 0.8670767723269D-01 0.8776369501089D-01
 0.8883256977036D-01 0.8991445791964D-01 0.9100951776539D-01 0.9211790953522D-01
 0.9323979540109D-01 0.9437533950224D-01 0.9552470796928D-01 0.9668806894794D-01
 0.9786559262352D-01 0.9905745124498D-01 0.1002638191505D+00 0.1014848727915D+00
 0.1027207907593D+00 0.1039717538096D+00 0.1052379448896D+00 0.1065195491630D+00
 0.1078167540383D+00 0.1091297491937D+00 0.1104587266061D+00 0.1118038805775D+00
 0.1131654077636D+00 0.1145435072011D+00 0.1159383803372D+00 0.1173502310578D+00
 0.1187792657166D+00 0.1202256931650D+00 0.1216897247819D+00 0.1231715745033D+00
 0.1246714588536D+00 0.1261895969759D+00 0.1277262106637D+00 0.1292815243918D+00
 0.1308557653489D+00 0.1324491634697D+00 0.1340619514673D+00 0.1356943648665D+00
 0.1373466420375D+00 0.1390190242287D+00 0.1407117556019D+00 0.1424250832664D+00
 0.1441592573140D+00 0.1459145308541D+00 0.1476911600496D+00 0.1494894041533D+00
 0.1513095255438D+00 0.1531517897628D+00 0.1550164655525D+00 0.1569038248932D+00
 0.1588141430411D+00 0.1607476985675D+00 0.1627047733975D+00 0.1646856528488D+00
 0.1666906256731D+00 0.1687199840945D+00 0.1707740238514D+00 0.1728530442373D+00
 0.1749573481424D+00 0.1770872420954D+00 0.1792430363064D+00 0.1814250447092D+00
 0.1836335850054D+00 0.1858689787076D+00 0.1881315511839D+00 0.1904216317026D+00
 0.1927395534777D+00 0.1950856537139D+00 0.1974602736534D+00 0.1998637586222D+00
 0.2022964580771D+00 0.2047587256533D+00 0.2072509192127D+00 0.2097734008921D+00
 0.2123265371521D+00 0.2149106988270D+00 0.2175262611744D+00 0.2201736039259D+00
 0.2228531113376D+00 0.2255651722421D+00 0.2283101801000D+00 0.2310885330527D+00
 0.2339006339746D+00 0.2367468905275D+00 0.2396277152136D+00 0.2425435254302D+00
 0.2454947435250D+00 0.2484817968507D+00 0.2515051178215D+00 0.2545651439692D+00
 0.2576623180001D+00 0.2607970878523D+00 0.2639699067538D+00 0.2671812332804D+00
 0.2704315314151D+00 0.2737212706067D+00 0.2770509258303D+00 0.2804209776469D+00
 0.2838319122649D+00 0.2872842216009D+00 0.2907784033411D+00 0.2943149610041D+00
 0.2978944040030D+00 0.3015172477090D+00 0.3051840135144D+00 0.3088952288969D+00
 0.3126514274839D+00 0.3164531491175D+00 0.3203009399196D+00 0.3241953523576D+00
 0.3281369453106D+00 0.3321262841359D+00 0.3361639407356D+00 0.3402504936243D+00
 0.3443865279966D+00 0.3485726357948D+00 0.3528094157774D+00 0.3570974735880D+00
 0.3614374218239D+00 0.3658298801054D+00 0.3702754751461D+00 0.3747748408212D+00
 0.3793286182391D+00 0.3839374558108D+00 0.3886020093209D+00 0.3933229419980D+00
 0.3981009245855D+00 0.4029366354131D+00 0.4078307604675D+00 0.4127839934635D+00
 0.4177970359161D+00 0.4228705972110D+00 0.4280053946765D+00 0.4332021536543D+00
 0.4384616075717D+00 0.4437844980117D+00 0.4491715747851D+00 0.4546235960008D+00
 0.4601413281366D+00 0.4657255461103D+00 0.4713770333490D+00 0.4770965818596D+00
 0.4828849922985D+00 0.4887430740401D+00 0.4946716452459D+00 0.5006715329324D+00
 0.5067435730391D+00 0.5128886104945D+00 0.5191074992830D+00 0.5254011025105D+00
 0.5317702924682D+00 0.5382159506972D+00 0.5447389680505D+00 0.5513402447549D+00
 0.5580206904721D+00 0.5647812243571D+00 0.5716227751170D+00 0.5785462810672D+00
 0.5855526901866D+00 0.5926429601714D+00 0.5998180584868D+00 0.6070789624172D+00
 0.6144266591139D+00 0.6218621456421D+00 0.6293864290238D+00 0.6370005262806D+00
 0.6447054644720D+00 0.6525022807325D+00 0.6603920223058D+00 0.6683757465756D+00
 0.6764545210937D+00 0.6846294236051D+00 0.6929015420694D+00 0.7012719746786D+00
 0.7097418298715D+00 0.7183122263441D+00 0.7269842930551D+00 0.7357591692284D+00
 0.7446380043492D+00 0.7536219581570D+00 0.7627122006322D+00 0.7719099119781D+00
 0.7812162825966D+00 0.7906325130582D+00 0.8001598140662D+00 0.8097994064136D+00
 0.8195525209330D+00 0.8294203984403D+00 0.8394042896693D+00 0.8495054551997D+00
 0.8597251653750D+00 0.8700647002132D+00 0.8805253493071D+00 0.8911084117151D+00
 0.9018151958416D+00 0.9126470193070D+00 0.9236052088057D+00 0.9346910999526D+00
 0.9459060371171D+00 0.9572513732435D+00 0.9687284696579D+00 0.9803386958607D+00
 0.9920834293034D+00 0.1003964055150D+01 0.1015981966019D+01 0.1028138561714D+01
 0.1040435248927D+01 0.1052873440930D+01 0.1065454557240D+01 0.1078180023267D+01
 0.1091051269935D+01 0.1104069733283D+01 0.1117236854041D+01 0.1130554077174D+01
 0.1144022851403D+01 0.1157644628698D+01 0.1171420863737D+01 0.1185353013332D+01
 0.1199442535826D+01 0.1213690890446D+01 0.1228099536629D+01 0.1242669933299D+01
 0.1257403538108D+01 0.1272301806628D+01 0.1287366191503D+01 0.1302598141546D+01
 0.1317999100793D+01 0.1333570507489D+01 0.1349313793036D+01 0.1365230380864D+01
 0.1381321685246D+01 0.1397589110051D+01 0.1414034047417D+01 0.1430657876359D+01
 0.1447461961293D+01 0.1464447650479D+01 0.1481616274382D+01 0.1498969143933D+01
 0.1516507548704D+01 0.1534232754972D+01 0.1552146003678D+01 0.1570248508280D+01
 0.1588541452474D+01 0.1607025987798D+01 0.1625703231101D+01 0.1644574261866D+01
 0.1663640119394D+01 0.1682901799819D+01 0.1702360252966D+01 0.1722016379033D+01
 0.1741871025079D+01 0.1761924981327D+01 0.1782178977251D+01 0.1802633677450D+01
 0.1823289677285D+01 0.1844147498272D+01 0.1865207583216D+01 0.1886470291068D+01
 0.1907935891495D+01 0.1929604559133D+01 0.1951476367519D+01 0.1973551282678D+01
 0.1995829156337D+01 0.2018309718752D+01 0.2040992571121D+01 0.2063877177561D+01
 0.2086962856616D+01 0.2110248772275D+01 0.2133733924456D+01 0.2157417138947D+01
 0.2181297056742D+01 0.2205372122751D+01 0.2229640573839D+01 0.2254100426157D+01
 0.2278749461701D+01 0.2303585214078D+01 0.2328604953397D+01 0.2353805670249D+01
 0.2379184058703D+01 0.2404736498258D+01 0.2430459034675D+01 0.2456347359623D+01
 0.2482396789039D+01 0.2508602240133D+01 0.2534958206923D+01 0.2561458734216D+01
 0.2588097389903D+01 0.2614867235457D+01 0.2641760794505D+01 0.2668770019318D+01
 0.2695886255074D+01 0.2723100201722D+01 0.2750401873257D+01 0.2777780554210D+01
 0.2805224753129D+01 0.2832722152814D+01 0.2860259557034D+01 0.2887822833449D+01
 0.2915396852407D+01 0.2942965421275D+01 0.2970511213915D+01 0.2998015694887D+01
 0.3025459037904D+01 0.3052820038024D+01 0.3080076017014D+01 0.3107202721239D+01
 0.3134174211380D+01 0.3160962743197D+01 0.3187538638453D+01 0.3213870145047D+01
 0.3239923285245D+01 0.3265661690812D+01 0.3291046423671D+01 0.3316035780562D+01
 0.3340585079994D+01 0.3364646429548D+01 0.3388168471353D+01 0.3411096093944D+01
 0.3433370153701D+01
                                    0.0000000000000D+00
 1030 0.1434042834654D+00
 0.1148028724984D-11 0.1161375125334D-11 0.1174890655630D-11 0.1188577698502D-11
 0.1202465041065D-11 0.1216581166430D-11 0.1230928098824D-11 0.1245508016877D-11
 0.1260323112076D-11 0.1275375639785D-11 0.1290668030978D-11 0.1306202752521D-11
 0.1321982255399D-11 0.1338009243667D-11 0.1354286347979D-11 0.1370816389776D-11
 0.1387602125638D-11 0.1404646566480D-11 0.1421952748600D-11 0.1439523714936D-11
 0.1457362585580D-11 0.1475472664281D-11 0.1493857297668D-11 0.1512519852314D-11
 0.1531463788763D-11 0.1550692804773D-11 0.1570210440975D-11 0.1590020489244D-11
 0.1610126761439D-11 0.1630533219882D-11 0.1651243768718D-11 0.1672262579003D-11
 0.1693593757939D-11 0.1715241609826D-11 0.1737210516798D-11 0.1759504843915D-11
 0.1782129185420D-11 0.1805088123787D-11 0.1828386492160D-11 0.1852029012824D-11
 0.1876020674690D-11 0.1900366460289D-11 0.1925071486991D-11 0.1950140972053D-11
 0.1975580329639D-11 0.2001394841051D-11 0.2027590199888D-11 0.2054171967170D-11
 0.2081145993575D-11 0.2108518039143D-11 0.2136294176988D-11 0.2164480464178D-11
 0.2193083180730D-11 0.2222108617265D-11 0.2251563213648D-11 0.2281453668393D-11
 0.2311786648536D-11 0.2342569008779D-11 0.2373807707229D-11 0.2405509896370D-11
 0.2437682813276D-11 0.2470333807577D-11 0.2503470457291D-11 0.2537100530779D-11
 0.2571231668273D-11 0.2605871877599D-11 0.2641029453336D-11 0.2676712545468D-11
 0.2712929709056D-11 0.2749689222123D-11 0.2787000425114D-11 0.2824871712267D-11
 0.2863312515047D-11 0.2902331977702D-11 0.2941939571204D-11 0.2982145013356D-11
 0.3022958046500D-11 0.3064388846766D-11 0.3106447451652D-11 0.3149144424916D-11
 0.3192490261211D-11 0.3236495779573D-11 0.3281172150910D-11 0.3326530485612D-11
 0.3372582308718D-11 0.3419339212453D-11 0.3466813186050D-11 0.3515016315580D-11
 0.3563961137233D-11 0.3613660151262D-11 0.3664125999608D-11 0.3715372306273D-11
 0.3767412118186D-11 0.3820259071173D-11 0.3873927143460D-11 0.3928430439385D-11
 0.3983783662036D-11 0.4040001208515D-11 0.4097098395395D-11 0.4155090345954D-11
 0.4213992920531D-11 0.4273821824080D-11 0.4334593521414D-11 0.4396324572593D-11
 0.4459031769254D-11 0.4522732494564D-11 0.4587444260710D-11 0.4653185064247D-11
 0.4719973288794D-11 0.4787827530974D-11 0.4856766916441D-11 0.4926810823828D-11
 0.4997979086856D-11 0.5070291951837D-11 0.5143770115387D-11 0.5218434632005D-11
 0.5294306920733D-11 0.5371408954888D-11 0.5449763132664D-11 0.5529392277887D-11
 0.5610319575078D-11 0.5692569032895D-11 0.5776164704009D-11 0.5861131389786D-11
 0.5947494492409D-11 0.6035279527976D-11 0.6124513040059D-11 0.6215221805223D-11
 0.6307433235096D-11 0.6401175383598D-11 0.6496476678573D-11 0.6593366273109D-11
 0.6691874263409D-11 0.6792030567868D-11 0.6893866497084D-11 0.6997413442638D-11
 0.7102704077496D-11 0.7209771190889D-11 0.7318648497056D-11 0.7429370282435D-11
 0.7541971852683D-11 0.7656489005142D-11 0.7772958157400D-11 0.7891417160250D-11
 0.8011903952694D-11 0.8134457060572D-11 0.8259117227939D-11 0.8385924183205D-11
 0.8514919957073D-11 0.8646146889525D-11 0.8779648159226D-11 0.8915468209153D-11
 0.9053652208179D-11 0.9194245747432D-11 0.9337296758052D-11 0.9482853195769D-11
 0.9630963635617D-11 0.9781678811733D-11 0.9935050072113D-11 0.1009112978116D-10
 0.1024997131762D-10 0.1041162930278D-10 0.1057615990693D-10 0.1074362018557D-10
 0.1091406870045D-10 0.1108756438562D-10 0.1126416859493D-10 0.1144394363931D-10
 0.1162695299699D-10 0.1181326154846D-10 0.1200293580389D-10 0.1219604341071D-10
 0.1239265385758D-10 0.1259283780868D-10 0.1279666799609D-10 0.1300421800579D-10
 0.1321556370109D-10 0.1343078262699D-10 0.1364995314428D-10 0.1387315644994D-10
 0.1410047434883D-10 0.1433199218557D-10 0.1456779543803D-10 0.1480797258505D-10
 0.1505261348315D-10 0.1530181040880D-10 0.1555565703041D-10 0.1581424977827D-10
 0.1607768703067D-10 0.1634606937791D-10 0.1661949955309D-10 0.1689808241745D-10
 0.1718192549276D-10 0.1747113893229D-10 0.1776583454508D-10 0.1806612695742D-10
 0.1837213417700D-10 0.1868397592225D-10 0.1900177471989D-10 0.1932565627268D-10
 0.1965574833986D-10 0.1999218339410D-10 0.2033509402966D-10 0.2068461827755D-10
 0.2104089576542D-10 0.2140407073191D-10 0.2177428930058D-10 0.2215170142828D-10
 0.2253646136079D-10 0.2292872484711D-10 0.2332865254185D-10 0.2373640929661D-10
 0.2415216260345D-10 0.2457608367925D-10 0.2500834827906D-10 0.2544913598444D-10
 0.2589863060735D-10 0.2635702019238D-10 0.2682449668010D-10 0.2730125539995D-10
 0.2778749937461D-10 0.2828343348988D-10 0.2878926753797D-10 0.2930521723569D-10
 0.2983150264850D-10 0.3036834894262D-10 0.3091598626647D-10 0.3147465057226D-10
 0.3204458282888D-10 0.3262602958985D-10 0.3321924295534D-10 0.3382448129249D-10
 0.3444200896138D-10 0.3507209567436D-10 0.3571501828336D-10 0.3637105906655D-10
 0.3704050795548D-10 0.3772366048509D-10 0.3842081989441D-10 0.3913229700046D-10
 0.3985840714266D-10 0.4059947537782D-10 0.4135583521262D-10 0.4212782528833D-10
 0.4291579244951D-10 0.4372009303927D-10 0.4454109215803D-10 0.4537916148318D-10
 0.4623468173426D-10 0.4710804356777D-10 0.4799964579662D-10 0.4890989807294D-10
 0.4983921698279D-10 0.5078803138191D-10 0.5175677758464D-10 0.5274590611321D-10
 0.5375587295173D-10 0.5478714940314D-10 0.5584021425308D-10 0.5691556008665D-10
 0.5801368949240D-10 0.5913511759500D-10 0.6028037177300D-10 0.6144999025888D-10
 0.6264452513342D-10 0.6386454191284D-10 0.6511061991436D-10 0.6638334953885D-10
 0.6768333756070D-10 0.6901120316885D-10 0.7036758207368D-10 0.7175312280322D-10
 0.7316849215896D-10 0.7461436908824D-10 0.7609145204294D-10 0.7760045152020D-10
 0.7914210092823D-10 0.8071714560487D-10 0.8232635145399D-10 0.8397050039044D-10
 0.8565039559398D-10 0.8736685643399D-10 0.8912072430071D-10 0.9091285832863D-10
 0.9274413871748D-10 0.9461546698743D-10 0.9652776552871D-10 0.9848197955033D-10
 0.1004790759443D-09 0.1025200435620D-09 0.1046058963991D-09 0.1067376720003D-09
 0.1089164331638D-09 0.1111432669229D-09 0.1134192855955D-09 0.1157456294353D-09
 0.1181234668890D-09 0.1205539914594D-09 0.1230384245591D-09 0.1255780222386D-09
 0.1281740636023D-09 0.1308278634644D-09 0.1335407655483D-09 0.1363141432022D-09
 0.1391494092964D-09 0.1420480041824D-09 0.1450114065014D-09 0.1480411266693D-09
 0.1511387142678D-09 0.1543057550096D-09 0.1575438721186D-09 0.1608547289942D-09
 0.1642400251127D-09 0.1677015043243D-09 0.1712409514065D-09 0.1748601947962D-09
 0.1785611022873D-09 0.1823455934940D-09 0.1862156266644D-09 0.1901732138962D-09
 0.1942204083653D-09 0.1983593203929D-09 0.2025921015675D-09 0.2069209644013D-09
 0.2113481704946D-09 0.2158760315996D-09 0.2205069247781D-09 0.2252432735325D-09
 0.2300875675772D-09 0.2350423509990D-09 0.2401102339613D-09 0.2452938827835D-09
 0.2505960366762D-09 0.2560194938509D-09 0.2615671233928D-09 0.2672418570676D-09
 0.2730467074190D-09 0.2789847526453D-09 0.2850591446470D-09 0.2912731163771D-09
 0.2976299727266D-09 0.3041331036008D-09 0.3107859762495D-09 0.3175921407632D-09
 0.3245552397023D-09 0.3316789977608D-09 0.3389672291905D-09 0.3464238420163D-09
 0.3540528399672D-09 0.3618583200638D-09 0.3698444791757D-09 0.3780156165771D-09
 0.3863761363369D-09 0.3949305463398D-09 0.4036834647389D-09 0.4126396172444D-09
 0.4218038530318D-09 0.4311811305346D-09 0.4407765284838D-09 0.4505952504840D-09
 0.4606426299089D-09 0.4709241185425D-09 0.4814453106756D-09 0.4922119311624D-09
 0.5032298375181D-09 0.5145050449069D-09 0.5260436932674D-09 0.5378520950176D-09
 0.5499366926300D-09 0.5623040929433D-09 0.5749610760350D-09 0.5879145623724D-09
 0.6011716550483D-09 0.6147396281633D-09 0.6286259298947D-09 0.6428381864301D-09
 0.6573842127077D-09 0.6722720126870D-09 0.6875097832426D-09 0.7031059174077D-09
 0.7190690165134D-09 0.7354078863396D-09 0.7521315531974D-09 0.7692492504525D-09
 0.7867704468051D-09 0.8047048320357D-09 0.8230623407595D-09 0.8418531371427D-09
 0.8610876428812D-09 0.8807765249712D-09 0.9009307116828D-09 0.9215613961997D-09
 0.9426800490891D-09 0.9642984104378D-09 0.9864285064748D-09 0.1009082665362D-08
 0.1032273504717D-08 0.1056013951458D-08 0.1080317245432D-08 0.1105196957015D-08
 0.1130666972612D-08 0.1156741523373D-08 0.1183435184678D-08 0.1210762890297D-08
 0.1238739931588D-08 0.1267381979092D-08 0.1296705072668D-08 0.1326725650727D-08
 0.1357460552526D-08 0.1388927025514D-08 0.1421142722703D-08 0.1454125750881D-08
 0.1487894646285D-08 0.1522468387236D-08 0.1557866426120D-08 0.1594108685342D-08
 0.1631215572795D-08 0.1669207983969D-08 0.1708107337399D-08 0.1747935563832D-08
 0.1788715136129D-08 0.1830469060620D-08 0.1873220918935D-08 0.1916994852435D-08
 0.1961815599557D-08 0.2007708496980D-08 0.2054699516286D-08 0.2102815229814D-08
 0.2152082875196D-08 0.2202530361915D-08 0.2254186260319D-08 0.2307079853646D-08
 0.2361241117652D-08 0.2416700791062D-08 0.2473490334745D-08 0.2531641979215D-08
 0.2591188751573D-08 0.2652164473699D-08 0.2714603811401D-08 0.2778542241552D-08
 0.2844016137649D-08 0.2911062744247D-08 0.2979720212779D-08 0.3050027638308D-08
 0.3122025060999D-08 0.3195753488872D-08 0.3271254944088D-08 0.3348572468058D-08
 0.3427750148616D-08 0.3508833161690D-08 0.3591867761095D-08 0.3676901362770D-08
 0.3763982510802D-08 0.3853160947392D-08 0.3944487626758D-08 0.4038014749575D-08
 0.4133795763207D-08 0.4231885470450D-08 0.4332339972278D-08 0.4435216752302D-08
 0.4540574690851D-08 0.4648474114255D-08 0.4758976812972D-08 0.4872146094158D-08
 0.4988046806482D-08 0.5106745393640D-08 0.5228309887881D-08 0.5352810020708D-08
 0.5480317201962D-08 0.5610904607378D-08 0.5744647162410D-08 0.5881621668496D-08
 0.6021906784476D-08 0.6165583079609D-08 0.6312733095060D-08 0.6463441389173D-08
 0.6617794600560D-08 0.6775881454515D-08 0.6937792888124D-08 0.7103622020383D-08
 0.7273464254481D-08 0.7447417327255D-08 0.7625581388566D-08 0.7808058993992D-08
 0.7994955238118D-08 0.8186377738875D-08 0.8382436815923D-08 0.8583245422193D-08
 0.8788919318069D-08 0.8999577025316D-08 0.9215340056170D-08 0.9436332809361D-08
 0.9662682786466D-08 0.9894520551135D-08 0.1013197991738D-07 0.1037519792007D-07
 0.1062431496415D-07 0.1087947490095D-07 0.1114082508473D-07 0.1140851647111D-07
 0.1168270370832D-07 0.1196354522608D-07 0.1225120334437D-07 0.1254584433486D-07
 0.1284763853356D-07 0.1315676047897D-07 0.1347338890560D-07 0.1379770701145D-07
 0.1412990239320D-07 0.1447016727882D-07 0.1481869861798D-07 0.1517569811775D-07
 0.1554137247430D-07 0.1591593341105D-07 0.1629959784076D-07 0.1669258802299D-07
 0.1709513157047D-07 0.1750746174287D-07 0.1792981744835D-07 0.1836244347852D-07
 0.1880559065216D-07 0.1925951581493D-07 0.1972448222350D-07 0.2020075947700D-07
 0.2068862384922D-07 0.2118835832081D-07 0.2170025284552D-07 0.2222460442148D-07
 0.2276171737678D-07 0.2331190345222D-07 0.2387548201970D-07 0.2445278029399D-07
 0.2504413347037D-07 0.2564988494975D-07 0.2627038663830D-07 0.2690599890735D-07
 0.2755709102297D-07 0.2822404135302D-07 0.2890723741623D-07 0.2960707634045D-07
 0.3032396487757D-07 0.3105831978957D-07 0.3181056805254D-07 0.3258114707501D-07
 0.3337050503970D-07 0.3417910101262D-07 0.3500740537518D-07 0.3585590003611D-07
 0.3672507867820D-07 0.3761544705857D-07 0.3852752341976D-07 0.3946183861183D-07
 0.4041893653931D-07 0.4139937438242D-07 0.4240372305295D-07 0.4343256741559D-07
 0.4448650665675D-07 0.4556615465776D-07 0.4667214037516D-07 0.4780510814619D-07
 0.4896571811816D-07 0.5015464659301D-07 0.5137258656073D-07 0.5262024784077D-07
 0.5389835777210D-07 0.5520766148259D-07 0.5654892244246D-07 0.5792292269542D-07
 0.5933046361871D-07 0.6077236617137D-07 0.6224947145513D-07 0.6376264119261D-07
 0.6531275825816D-07 0.6690072726124D-07 0.6852747483174D-07 0.7019395043981D-07
 0.7190112692402D-07 0.7365000084085D-07 0.7544159329615D-07 0.7727695050104D-07
 0.7915714417950D-07 0.8108327248770D-07 0.8305646051846D-07 0.8507786102428D-07
 0.8714865499869D-07 0.8927005242551D-07 0.9144329294982D-07 0.9366964680731D-07
 0.9595041535813D-07 0.9828693187638D-07 0.1006805624456D-06 0.1031327067031D-06
 0.1056447985355D-06 0.1082183072819D-06 0.1108547382589D-06 0.1135556337554D-06
 0.1163225740530D-06 0.1191571782013D-06 0.1220611050101D-06 0.1250360541577D-06
 0.1280837671178D-06 0.1312060280602D-06 0.1344046651693D-06 0.1376815515153D-06
 0.1410386062145D-06 0.1444777956915D-06 0.1480011346330D-06 0.1516106873881D-06
 0.1553085690366D-06 0.1590969467442D-06 0.1629780410925D-06 0.1669541271325D-06
 0.1710275361402D-06 0.1752006566622D-06 0.1794759360742D-06 0.1838558822061D-06
 0.1883430643618D-06 0.1929401154396D-06 0.1976497329607D-06 0.2024746811617D-06
 0.2074177922963D-06 0.2124819684139D-06 0.2176701831988D-06 0.2229854836410D-06
 0.2284309918904D-06 0.2340099070687D-06 0.2397255072825D-06 0.2455811516512D-06
 0.2515802818840D-06 0.2577264250569D-06 0.2640231950756D-06 0.2704742951881D-06
 0.2770835200706D-06 0.2838547583621D-06 0.2907919945133D-06 0.2978993116537D-06
 0.3051808938793D-06 0.3126410286131D-06 0.3202841095392D-06 0.3281146389225D-06
 0.3361372304128D-06 0.3443566120137D-06 0.3527776287286D-06 0.3614052455566D-06
 0.3702445503229D-06 0.3793007574597D-06 0.3885792101438D-06 0.3980853842303D-06
 0.4078248914970D-06 0.4178034826031D-06 0.4280270514065D-06 0.4385016378401D-06
 0.4492334318154D-06 0.4602287771153D-06 0.4714941750284D-06 0.4830362886075D-06
 0.4948619467009D-06 0.5069781477050D-06 0.5193920646405D-06 0.5321110487561D-06
 0.5451426344320D-06 0.5584945440966D-06 0.5721746922476D-06 0.5861911910697D-06
 0.6005523551043D-06 0.6152667061033D-06 0.6303429790516D-06 0.6457901270081D-06
 0.6616173265055D-06 0.6778339839344D-06 0.6944497408398D-06 0.7114744801566D-06
 0.7289183322874D-06 0.7467916814897D-06 0.7651051723142D-06 0.7838697163520D-06
 0.8030964991055D-06 0.8227969868962D-06 0.8429829343885D-06 0.8636663914134D-06
 0.8848597111810D-06 0.9065755579837D-06 0.9288269149930D-06 0.9516270925948D-06
 0.9749897370490D-06 0.9989288390296D-06 0.1023458742623D-05 0.1048594154372D-05
 0.1074350153037D-05 0.1100742199130D-05 0.1127786144586D-05 0.1155498243449D-05
 0.1183895162298D-05 0.1212993990790D-05 0.1242812253060D-05 0.1273367919073D-05
 0.1304679416334D-05 0.1336765642128D-05 0.1369645975427D-05 0.1403340290247D-05
 0.1437868968453D-05 0.1473252913549D-05 0.1509513563849D-05 0.1546672907794D-05
 0.1584753497781D-05 0.1623778465115D-05 0.1663771537025D-05 0.1704757050643D-05
 0.1746759970798D-05 0.1789805906447D-05 0.1833921128095D-05 0.1879132586384D-05
 0.1925467928816D-05 0.1972955520797D-05 0.2021624463976D-05 0.2071504616585D-05
 0.2122626614514D-05 0.2175021891533D-05 0.2228722703247D-05 0.2283762147547D-05
 0.2340174189881D-05 0.2397993685525D-05 0.2457256405308D-05 0.2517999061707D-05
 0.2580259333841D-05 0.2644075894556D-05 0.2709488440066D-05 0.2776537716739D-05
 0.2845265552204D-05 0.2915714884690D-05 0.2987929795971D-05 0.3061955543097D-05
 0.3137838591903D-05 0.3215626652109D-05 0.3295368712528D-05 0.3377115078866D-05
 0.3460917410809D-05 0.3546828761720D-05 0.3634903620133D-05 0.3725197949405D-05
 0.3817769233576D-05 0.3912676520490D-05 0.4009980468538D-05 0.4109743393340D-05
 0.4212029319231D-05 0.4316904028109D-05 0.4424435112638D-05 0.4534692031787D-05
 0.4647746164831D-05 0.4763670872435D-05 0.4882541554475D-05 0.5004435712730D-05
 0.5129433016540D-05 0.5257615368342D-05 0.5389066972291D-05 0.5523874407337D-05
 0.5662126699026D-05 0.5803915397891D-05 0.5949334656689D-05 0.6098481314921D-05
 0.6251454981725D-05 0.6408358124941D-05 0.6569296162674D-05 0.6734377556850D-05
 0.6903713912846D-05 0.7077420079337D-05 0.7255614255614D-05 0.7438418100039D-05
 0.7625956843424D-05 0.7818359407029D-05 0.8015758524996D-05 0.8218290871374D-05
 0.8426097190168D-05 0.8639322435491D-05 0.8858115910566D-05 0.9082631415609D-05
 0.9313027402487D-05 0.9549467133667D-05 0.9792118846887D-05 0.1004115592817D-04
 0.1029675709101D-04 0.1055910656082D-04 0.1082839427139D-04 0.1110481606412D-04
 0.1138857389744D-04 0.1167987606696D-04 0.1197893743197D-04 0.1228597964999D-04
 0.1260123142585D-04 0.1292492876651D-04 0.1325731524856D-04 0.1359864229848D-04
 0.1394916947955D-04 0.1430916479963D-04 0.1467890501996D-04 0.1505867599216D-04
 0.1544877299420D-04 0.1584950109468D-04 0.1626117552370D-04 0.1668412206201D-04
 0.1711867745225D-04 0.1756518982183D-04 0.1802401912741D-04 0.1849553762109D-04
 0.1898013033169D-04 0.1947819557754D-04 0.1999014549156D-04 0.2051640657908D-04
 0.2105742029375D-04 0.2161364364859D-04 0.2218554984629D-04 0.2277362894666D-04
 0.2337838855839D-04 0.2400035456910D-04 0.2464007190685D-04 0.2529810533796D-04
 0.2597504030333D-04 0.2667148379502D-04 0.2738806527612D-04 0.2812543763932D-04
 0.2888427822262D-04 0.2966528986436D-04 0.3046920201721D-04 0.3129677191018D-04
 0.3214878577654D-04 0.3302606013771D-04 0.3392944315196D-04 0.3485981603097D-04
 0.3581809452775D-04 0.3680523050458D-04 0.3782221357447D-04 0.3887007283104D-04
 0.3994987866582D-04 0.4106274467927D-04 0.4220982969636D-04 0.4339233987838D-04
 0.4461153095720D-04 0.4586871057395D-04 0.4716524075819D-04 0.4850254052521D-04
 0.4988208861815D-04 0.5130542640260D-04 0.5277416090919D-04 0.5428996804887D-04
 0.5585459599922D-04 0.5746986878430D-04 0.5913769004205D-04 0.6086004700818D-04
 0.6263901472343D-04 0.6447676047360D-04 0.6637554847753D-04 0.6833774484962D-04
 0.7036582283503D-04 0.7246236835471D-04 0.7463008585819D-04 0.7687180453070D-04
 0.7919048484277D-04 0.8158922549875D-04 0.8407127078585D-04 0.8664001835753D-04
 0.8929902748352D-04 0.9205202778845D-04 0.9490292851659D-04 0.9785582835457D-04
 0.1009150258535D-03 0.1040850304836D-03 0.1073705743651D-03 0.1107766247270D-03
 0.1143083971408D-03 0.1179713695610D-03 0.1217712972738D-03 0.1257142287640D-03
 0.1298065225937D-03 0.1340548653648D-03 0.1384662908250D-03 0.1430482001946D-03
 0.1478083838337D-03 0.1527550442967D-03 0.1578968209115D-03 0.1632428159736D-03
 0.1688026226735D-03 0.1745863548834D-03 0.1806046789472D-03 0.1868688476025D-03
 0.1933907362101D-03 0.2001828814453D-03 0.2072585226462D-03 0.2146316460157D-03
 0.2223170318805D-03 0.2303303052589D-03 0.2386879899590D-03 0.2474075665246D-03
 0.2565075342587D-03 0.2660074777131D-03 0.2759281379295D-03 0.2862914888474D-03
 0.2971208192540D-03 0.3084408207450D-03 0.3202776821474D-03 0.3326591909398D-03
 0.3456148422325D-03 0.3591759559107D-03 0.3733758026139D-03 0.3882497392737D-03
 0.4038353550189D-03 0.4201726282571D-03 0.4373040959332D-03 0.4552750359290D-03
 0.4741336637647D-03 0.4939313447719D-03 0.5147228231011D-03 0.5365664689985D-03
 0.5595245459106D-03 0.5836634991936D-03 0.6090542682890D-03 0.6357726244266D-03
 0.6638995361552D-03 0.6935215651543D-03 0.7247312950670D-03 0.7576277963295D-03
 0.7923171302852D-03 0.8289128961467D-03 0.8675368248082D-03 0.9083194237866D-03
 0.9514006781123D-03 0.9969308123907D-03 0.1045071119818D-02 0.1095994864511D-02
 0.1149888264181D-02 0.1206951560841D-02 0.1267400188106D-02 0.1331466044506D-02
 0.1399398883136D-02 0.1471467829240D-02 0.1547963038293D-02 0.1629197508745D-02
 0.1715509064893D-02 0.1807262527125D-02 0.1904852088635D-02 0.2008703919713D-02
 0.2119279023132D-02 0.2237076366656D-02 0.2362636321618D-02 0.2496544439704D-02
 0.2639435603788D-02 0.2791998592488D-02 0.2954981102906D-02 0.3129195280787D-02
 0.3315523813218D-02 0.3514926645225D-02 0.3728448388730D-02 0.3957226500497D-02
 0.4202500314417D-02 0.4465621023858D-02 0.4748062720974D-02 0.5051434612731D-02
 0.5377494547781D-02 0.5728164004557D-02 0.6105544709224D-02 0.6511937072698D-02
 0.6949860659321D-02 0.7422076926000D-02 0.7931614500216D-02 0.8481797299178D-02
 0.9076275829978D-02 0.9719062053967D-02 0.1041456824704D-01 0.1116765034281D-01
 0.1198365630800D-01 0.1286848017087D-01 0.1382862240334D-01 0.1487125744965D-01
 0.1600430929792D-01 0.1723653610931D-01 0.1857762505425D-01 0.2003829865760D-01
 0.2163043412952D-01 0.2336719735698D-01 0.2526319345725D-01 0.2733463605251D-01
 0.2959953771953D-01 0.3207792440373D-01 0.3479207697068D-01 0.3776680350660D-01
 0.4102974647921D-01 0.4461172944280D-01 0.4854714862608D-01 0.5287441548796D-01
 0.5763645718446D-01 0.6288128286678D-01 0.6866262485349D-01 0.7504066500061D-01
 0.8208285806257D-01 0.8986486551801D-01 0.9847161525566D-01 0.1079985047211D+00
 0.1185527676401D+00 0.1302550273188D+00 0.1432410628202D+00 0.1576638241711D+00
 0.1736957018665D+00 0.1912813113385D+00 0.2103121150058D+00 0.2309044537926D+00
 0.2531855052447D+00 0.2772943701375D+00 0.3033832755854D+00 0.3316189075195D+00
 0.3621838868531D+00 0.3952784052853D+00 0.4311220385009D+00 0.4699557565464D+00
 0.5120441534123D+00 0.5576779203643D+00 0.6071765903638D+00 0.6608915840432D+00
 0.7192095911806D+00 0.7825563255031D+00 0.8514006949838D+00 0.9262594346264D+00
 0.1007702254121D+01 0.1096357558785D+01 0.1192918808880D+01 0.1298151589943D+01
 0.1412901475035D+01 0.1538102769277D+01 0.1674788237259D+01 0.1824099925730D+01
 0.1987301206780D+01 0.2165790181290D+01
    0    0
