 nspin  vdif :::::: Potentials for non-spin-polarized non-relativistic Va.      
    1   0.0000000000000D+00
 LSMS:           Va     z=  0.    xvalws=   0.12679
   0.                      2.65165   0. 0.2551193007259D+00
                 -0.1113096740000D+02 0.9751822497023D+00 1001 1030
 0.2132998158418D-04 0.2160104590790D-04 0.2187549726281D-04 0.2215337751480D-04
 0.2243470893824D-04 0.2271951493274D-04 0.2300783962369D-04 0.2329972769017D-04
 0.2359522427388D-04 0.2389437506100D-04 0.2419722623963D-04 0.2450382454318D-04
 0.2481421723750D-04 0.2512845214560D-04 0.2544657763377D-04 0.2576864260115D-04
 0.2609469658743D-04 0.2642478966804D-04 0.2675897251805D-04 0.2709729635854D-04
 0.2743981309216D-04 0.2778657518607D-04 0.2813763573812D-04 0.2849304844855D-04
 0.2885286770225D-04 0.2921714849633D-04 0.2958594646538D-04 0.2995931797253D-04
 0.3033731996174D-04 0.3072001012938D-04 0.3110744683598D-04 0.3149968911758D-04
 0.3189679674868D-04 0.3229883020475D-04 0.3270585070223D-04 0.3311792015149D-04
 0.3353510125947D-04 0.3395745743254D-04 0.3438505289901D-04 0.3481795261875D-04
 0.3525622231818D-04 0.3569992858157D-04 0.3614913873368D-04 0.3660392094184D-04
 0.3706434417922D-04 0.3753047828700D-04 0.3800239390323D-04 0.3848016254567D-04
 0.3896385659558D-04 0.3945354931830D-04 0.3994931483517D-04 0.4045122820978D-04
 0.4095936537107D-04 0.4147380320727D-04 0.4199461950777D-04 0.4252189302279D-04
 0.4305570344821D-04 0.4359613144058D-04 0.4414325866899D-04 0.4469716776080D-04
 0.4525794234381D-04 0.4582566708009D-04 0.4640042766299D-04 0.4698231078908D-04
 0.4757140427222D-04 0.4816779693444D-04 0.4877157871449D-04 0.4938284062115D-04
 0.5000167475404D-04 0.5062817439937D-04 0.5126243388595D-04 0.5190454878389D-04
 0.5255461575733D-04 0.5321273265542D-04 0.5387899854939D-04 0.5455351369604D-04
 0.5523637954454D-04 0.5592769884819D-04 0.5662757555195D-04 0.5733611484751D-04
 0.5805342324846D-04 0.5877960860325D-04 0.5951477996592D-04 0.6025904782045D-04
 0.6101252392717D-04 0.6177532143262D-04 0.6254755485892D-04 0.6332934010544D-04
 0.6412079453063D-04 0.6492203684385D-04 0.6573318727121D-04 0.6655436746576D-04
 0.6738570057607D-04 0.6822731121818D-04 0.6907932556679D-04 0.6994187131052D-04
 0.7081507768581D-04 0.7169907549435D-04 0.7259399717289D-04 0.7349997673339D-04
 0.7441714980964D-04 0.7534565373164D-04 0.7628562746016D-04 0.7723721162858D-04
 0.7820054865865D-04 0.7917578261353D-04 0.8016305938506D-04 0.8116252660421D-04
 0.8217433365332D-04 0.8319863184924D-04 0.8423557425012D-04 0.8528531579429D-04
 0.8634801331824D-04 0.8742382558105D-04 0.8851291324733D-04 0.8961543894222D-04
 0.9073156727952D-04 0.9186146487711D-04 0.9300530034196D-04 0.9416324436872D-04
 0.9533546971916D-04 0.9652215125227D-04 0.9772346601038D-04 0.9893959306796D-04
 0.1001707137264D-03 0.1014170115710D-03 0.1026786723472D-03 0.1039558840486D-03
 0.1052488370188D-03 0.1065577237871D-03 0.1078827393957D-03 0.1092240811109D-03
 0.1105819487179D-03 0.1119565443064D-03 0.1133480725190D-03 0.1147567404752D-03
 0.1161827577546D-03 0.1176263365397D-03 0.1190876915927D-03 0.1205670402076D-03
 0.1220646024168D-03 0.1235806009117D-03 0.1251152610215D-03 0.1266688108906D-03
 0.1282414813874D-03 0.1298335062344D-03 0.1314451219688D-03 0.1330765679239D-03
 0.1347280864877D-03 0.1363999229235D-03 0.1380923254478D-03 0.1398055453450D-03
 0.1415398369103D-03 0.1432954574970D-03 0.1450726677348D-03 0.1468717312454D-03
 0.1486929149601D-03 0.1505364890190D-03 0.1524027268036D-03 0.1542919051417D-03
 0.1562043041014D-03 0.1581402071764D-03 0.1600999013682D-03 0.1620836770809D-03
 0.1640918283355D-03 0.1661246525955D-03 0.1681824511305D-03 0.1702655286526D-03
 0.1723741937619D-03 0.1745087587086D-03 0.1766695395197D-03 0.1788568561531D-03
 0.1810710323506D-03 0.1833123958892D-03 0.1855812783854D-03 0.1878780156846D-03
 0.1902029475325D-03 0.1925564179037D-03 0.1949387748893D-03 0.1973503708371D-03
 0.1997915623952D-03 0.2022627105496D-03 0.2047641805588D-03 0.2072963423052D-03
 0.2098595700638D-03 0.2124542426658D-03 0.2150807434114D-03 0.2177394605286D-03
 0.2204307867244D-03 0.2231551196980D-03 0.2259128616956D-03 0.2287044201461D-03
 0.2315302071948D-03 0.2343906400951D-03 0.2372861412569D-03 0.2402171380518D-03
 0.2431840630825D-03 0.2461873543661D-03 0.2492274550766D-03 0.2523048137461D-03
 0.2554198845032D-03 0.2585731268744D-03 0.2617650061030D-03 0.2649959929383D-03
 0.2682665638965D-03 0.2715772013249D-03 0.2749283933745D-03 0.2783206341641D-03
 0.2817544238357D-03 0.2852302686112D-03 0.2887486807492D-03 0.2923101788716D-03
 0.2959152878596D-03 0.2995645389687D-03 0.3032584698657D-03 0.3069976248952D-03
 0.3107825548040D-03 0.3146138171813D-03 0.3184919763824D-03 0.3224176035875D-03
 0.3263912769024D-03 0.3304135815187D-03 0.3344851097184D-03 0.3386064609347D-03
 0.3427782419205D-03 0.3470010668351D-03 0.3512755573062D-03 0.3556023424280D-03
 0.3599820590513D-03 0.3644153517006D-03 0.3689028727727D-03 0.3734452825780D-03
 0.3780432494371D-03 0.3826974498358D-03 0.3874085684817D-03 0.3921772983641D-03
 0.3970043409205D-03 0.4018904062005D-03 0.4068362126838D-03 0.4118424878339D-03
 0.4169099677566D-03 0.4220393976255D-03 0.4272315316967D-03 0.4324871332142D-03
 0.4378069750102D-03 0.4431918389672D-03 0.4486425168068D-03 0.4541598095750D-03
 0.4597445284087D-03 0.4653974939192D-03 0.4711195369368D-03 0.4769114983934D-03
 0.4827742294276D-03 0.4887085914901D-03 0.4947154565268D-03 0.5007957071281D-03
 0.5069502365698D-03 0.5131799489743D-03 0.5194857595670D-03 0.5258685946448D-03
 0.5323293917257D-03 0.5388690998443D-03 0.5454886795137D-03 0.5521891028477D-03
 0.5589713540801D-03 0.5658364290528D-03 0.5727853359207D-03 0.5798190951658D-03
 0.5869387394077D-03 0.5941453143302D-03 0.6014398778030D-03 0.6088235008645D-03
 0.6162972675887D-03 0.6238622750576D-03 0.6315196339969D-03 0.6392704683775D-03
 0.6471159159054D-03 0.6550571282886D-03 0.6630952711231D-03 0.6712315241554D-03
 0.6794670816184D-03 0.6878031522207D-03 0.6962409593345D-03 0.7047817412711D-03
 0.7134267513979D-03 0.7221772584172D-03 0.7310345463021D-03 0.7399999148630D-03
 0.7490746796072D-03 0.7582601720199D-03 0.7675577399741D-03 0.7769687475233D-03
 0.7864945755007D-03 0.7961366215238D-03 0.8058963000326D-03 0.8157750430076D-03
 0.8257742996424D-03 0.8358955368232D-03 0.8461402393888D-03 0.8565099099970D-03
 0.8670060699415D-03 0.8776302588275D-03 0.8883840351042D-03 0.8992689759925D-03
 0.9102866782239D-03 0.9214387577586D-03 0.9327268503358D-03 0.9441526115628D-03
 0.9557177171420D-03 0.9674238633367D-03 0.9792727669840D-03 0.9912661657793D-03
 0.1003405818677D-02 0.1015693505983D-02 0.1028131029728D-02 0.1040720213754D-02
 0.1053462904399D-02 0.1066360970181D-02 0.1079416302481D-02 0.1092630815843D-02
 0.1106006447992D-02 0.1119545160197D-02 0.1133248937707D-02 0.1147119790005D-02
 0.1161159750910D-02 0.1175370879158D-02 0.1189755258386D-02 0.1204314997663D-02
 0.1219052231880D-02 0.1233969121886D-02 0.1249067854607D-02 0.1264350643856D-02
 0.1279819730466D-02 0.1295477382228D-02 0.1311325894884D-02 0.1327367591994D-02
 0.1343604825520D-02 0.1360039975820D-02 0.1376675452538D-02 0.1393513694540D-02
 0.1410557170323D-02 0.1427808378553D-02 0.1445269848351D-02 0.1462944139571D-02
 0.1480833843287D-02 0.1498941582039D-02 0.1517270010498D-02 0.1535821815473D-02
 0.1554599716601D-02 0.1573606466638D-02 0.1592844851887D-02 0.1612317692526D-02
 0.1632027843192D-02 0.1651978193091D-02 0.1672171666885D-02 0.1692611224646D-02
 0.1713299862511D-02 0.1734240613439D-02 0.1755436546761D-02 0.1776890769709D-02
 0.1798606427002D-02 0.1820586702110D-02 0.1842834816711D-02 0.1865354032155D-02
 0.1888147649247D-02 0.1911219009303D-02 0.1934571493975D-02 0.1958208526392D-02
 0.1982133571153D-02 0.2006350135334D-02 0.2030861768544D-02 0.2055672063648D-02
 0.2080784657177D-02 0.2106203230231D-02 0.2131931508521D-02 0.2157973263146D-02
 0.2184332311311D-02 0.2211012516509D-02 0.2238017789459D-02 0.2265352088411D-02
 0.2293019419853D-02 0.2321023839176D-02 0.2349369450942D-02 0.2378060409982D-02
 0.2407100921486D-02 0.2436495242070D-02 0.2466247680070D-02 0.2496362596371D-02
 0.2526844404914D-02 0.2557697573441D-02 0.2588926624150D-02 0.2620536134312D-02
 0.2652530736916D-02 0.2684915121291D-02 0.2717694034078D-02 0.2750872279651D-02
 0.2784454720949D-02 0.2818446279934D-02 0.2852851938848D-02 0.2887676740405D-02
 0.2922925788721D-02 0.2958604250318D-02 0.2994717354338D-02 0.3031270393871D-02
 0.3068268726378D-02 0.3105717774479D-02 0.3143623027065D-02 0.3181990039658D-02
 0.3220824435619D-02 0.3260131906821D-02 0.3299918214164D-02 0.3340189189144D-02
 0.3380950734013D-02 0.3422208823050D-02 0.3463969503179D-02 0.3506238895019D-02
 0.3549023193898D-02 0.3592328670295D-02 0.3636161671422D-02 0.3680528621562D-02
 0.3725436023347D-02 0.3770890458473D-02 0.3816898589044D-02 0.3863467158186D-02
 0.3910602991039D-02 0.3958312996045D-02 0.4006604165718D-02 0.4055483577886D-02
 0.4104958396340D-02 0.4155035872411D-02 0.4205723345430D-02 0.4257028244390D-02
 0.4308958088716D-02 0.4361520489122D-02 0.4414723149607D-02 0.4468573867558D-02
 0.4523080535474D-02 0.4578251142007D-02 0.4634093772991D-02 0.4690616612999D-02
 0.4747827945851D-02 0.4805736156808D-02 0.4864349733004D-02 0.4923677264842D-02
 0.4983727447418D-02 0.5044509081964D-02 0.5106031076632D-02 0.5168302448194D-02
 0.5231332323184D-02 0.5295129939408D-02 0.5359704647087D-02 0.5425065910446D-02
 0.5491223308816D-02 0.5558186538302D-02 0.5625965413179D-02 0.5694569867175D-02
 0.5764009954966D-02 0.5834295853868D-02 0.5905437864910D-02 0.5977446414698D-02
 0.6050332056983D-02 0.6124105473944D-02 0.6198777477675D-02 0.6274359012372D-02
 0.6350861155065D-02 0.6428295118131D-02 0.6506672250274D-02 0.6586004038533D-02
 0.6666302109522D-02 0.6747578232082D-02 0.6829844317819D-02 0.6913112423809D-02
 0.6997394753729D-02 0.7082703660139D-02 0.7169051645752D-02 0.7256451365675D-02
 0.7344915629518D-02 0.7434457402244D-02 0.7525089807238D-02 0.7616826127464D-02
 0.7709679807786D-02 0.7803664456919D-02 0.7898793849067D-02 0.7995081926402D-02
 0.8092542800878D-02 0.8191190756263D-02 0.8291040250236D-02 0.8392105916811D-02
 0.8494402568025D-02 0.8597945196347D-02 0.8702748977008D-02 0.8808829269894D-02
 0.8916201621913D-02 0.9024881769485D-02 0.9134885640793D-02 0.9246229357723D-02
 0.9358929238647D-02 0.9473001800782D-02 0.9588463762441D-02 0.9705332045438D-02
 0.9823623777992D-02 0.9943356296652D-02 0.1006454714911D-01 0.1018721409698D-01
 0.1031137511810D-01 0.1043704840926D-01 0.1056425238890D-01 0.1069300569982D-01
 0.1082332721171D-01 0.1095523602423D-01 0.1108875146962D-01 0.1122389311579D-01
 0.1136068076833D-01 0.1149913447485D-01 0.1163927452670D-01 0.1178112146228D-01
 0.1192469607038D-01 0.1207001939282D-01 0.1221711272784D-01 0.1236599763279D-01
 0.1251669592791D-01 0.1266922969901D-01 0.1282362130091D-01 0.1297989336066D-01
 0.1313806878095D-01 0.1329817074336D-01 0.1346022271184D-01 0.1362424843591D-01
 0.1379027195479D-01 0.1395831759989D-01 0.1412840999953D-01 0.1430057408141D-01
 0.1447483507719D-01 0.1465121852585D-01 0.1482975027719D-01 0.1501045649578D-01
 0.1519336366525D-01 0.1537849859131D-01 0.1556588840632D-01 0.1575556057322D-01
 0.1594754288902D-01 0.1614186348969D-01 0.1633855085361D-01 0.1653763380602D-01
 0.1673914152316D-01 0.1694310353679D-01 0.1714954973814D-01 0.1735851038246D-01
 0.1757001609357D-01 0.1778409786805D-01 0.1800078708037D-01 0.1822011548642D-01
 0.1844211522945D-01 0.1866681884395D-01 0.1889425926045D-01 0.1912446981065D-01
 0.1935748423220D-01 0.1959333667345D-01 0.1983206169880D-01 0.2007369429355D-01
 0.2031826986878D-01 0.2056582426715D-01 0.2081639376752D-01 0.2107001509078D-01
 0.2132672540488D-01 0.2158656233026D-01 0.2184956394573D-01 0.2211576879358D-01
 0.2238521588562D-01 0.2265794470869D-01 0.2293399523024D-01 0.2321340790472D-01
 0.2349622367903D-01 0.2378248399878D-01 0.2407223081418D-01 0.2436550658626D-01
 0.2466235429315D-01 0.2496281743632D-01 0.2526694004685D-01 0.2557476669217D-01
 0.2588634248199D-01 0.2620171307588D-01 0.2652092468888D-01 0.2684402409899D-01
 0.2717105865374D-01 0.2750207627722D-01 0.2783712547680D-01 0.2817625535090D-01
 0.2851951559533D-01 0.2886695651137D-01 0.2921862901240D-01 0.2957458463209D-01
 0.2993487553107D-01 0.3029955450541D-01 0.3066867499385D-01 0.3104229108591D-01
 0.3142045752933D-01 0.3180322973876D-01 0.3219066380327D-01 0.3258281649494D-01
 0.3297974527680D-01 0.3338150831188D-01 0.3378816447077D-01 0.3419977334108D-01
 0.3461639523596D-01 0.3503809120248D-01 0.3546492303107D-01 0.3589695326435D-01
 0.3633424520628D-01 0.3677686293142D-01 0.3722487129442D-01 0.3767833593924D-01
 0.3813732330899D-01 0.3860190065556D-01 0.3907213604952D-01 0.3954809839000D-01
 0.4002985741469D-01 0.4051748371001D-01 0.4101104872197D-01 0.4151062476571D-01
 0.4201628503680D-01 0.4252810362154D-01 0.4304615550815D-01 0.4357051659723D-01
 0.4410126371335D-01 0.4463847461585D-01 0.4518222801052D-01 0.4573260356111D-01
 0.4628968190048D-01 0.4685354464305D-01 0.4742427439626D-01 0.4800195477280D-01
 0.4858667040294D-01 0.4917850694627D-01 0.4977755110535D-01 0.5038389063722D-01
 0.5099761436690D-01 0.5161881219993D-01 0.5224757513615D-01 0.5288399528192D-01
 0.5352816586460D-01 0.5418018124560D-01 0.5484013693433D-01 0.5550812960194D-01
 0.5618425709570D-01 0.5686861845297D-01 0.5756131391599D-01 0.5826244494606D-01
 0.5897211423878D-01 0.5969042573851D-01 0.6041748465427D-01 0.6115339747420D-01
 0.6189827198161D-01 0.6265221727060D-01 0.6341534376194D-01 0.6418776321904D-01
 0.6496958876422D-01 0.6576093489558D-01 0.6656191750306D-01 0.6737265388563D-01
 0.6819326276839D-01 0.6902386431962D-01 0.6986458016881D-01 0.7071553342339D-01
 0.7157684868779D-01 0.7244865208033D-01 0.7333107125272D-01 0.7422423540783D-01
 0.7512827531860D-01 0.7604332334725D-01 0.7696951346445D-01 0.7790698126857D-01
 0.7885586400572D-01 0.7981630058901D-01 0.8078843161963D-01 0.8177239940650D-01
 0.8276834798713D-01 0.8377642314880D-01 0.8479677244903D-01 0.8582954523765D-01
 0.8687489267800D-01 0.8793296776895D-01 0.8900392536725D-01 0.9008792220946D-01
 0.9118511693515D-01 0.9229567010952D-01 0.9341974424659D-01 0.9455750383318D-01
 0.9570911535178D-01 0.9687474730540D-01 0.9805457024187D-01 0.9924875677765D-01
 0.1004574816238D+00 0.1016809216104D+00 0.1029192557122D+00 0.1041726650750D+00
 0.1054413330407D+00 0.1067254451746D+00 0.1080251892918D+00 0.1093407554840D+00
 0.1106723361471D+00 0.1120201260090D+00 0.1133843221569D+00 0.1147651240664D+00
 0.1161627336298D+00 0.1175773551847D+00 0.1190091955442D+00 0.1204584640254D+00
 0.1219253724801D+00 0.1234101353253D+00 0.1249129695730D+00 0.1264340948621D+00
 0.1279737334895D+00 0.1295321104415D+00 0.1311094534262D+00 0.1327059929062D+00
 0.1343219621308D+00 0.1359575971701D+00 0.1376131369475D+00 0.1392888232746D+00
 0.1409849008851D+00 0.1427016174697D+00 0.1444392237112D+00 0.1461979733199D+00
 0.1479781230697D+00 0.1497799328343D+00 0.1516036656243D+00 0.1534495876236D+00
 0.1553179682278D+00 0.1572090800818D+00 0.1591231991179D+00 0.1610606045953D+00
 0.1630215791388D+00 0.1650064087785D+00 0.1670153829905D+00 0.1690487947368D+00
 0.1711069405067D+00 0.1731901203578D+00 0.1752986379585D+00 0.1774328006299D+00
 0.1795929193890D+00 0.1817793089915D+00 0.1839922879756D+00 0.1862321787068D+00
 0.1884993074216D+00 0.1907940042735D+00 0.1931166033782D+00 0.1954674428597D+00
 0.1978468648968D+00 0.2002552157706D+00 0.2026928459113D+00 0.2051601099470D+00
 0.2076573667517D+00 0.2101849794946D+00 0.2127433156895D+00 0.2153327472449D+00
 0.2179536505143D+00 0.2206064063478D+00 0.2232914001429D+00 0.2260090218970D+00
 0.2287596662600D+00 0.2315437325871D+00 0.2343616249926D+00 0.2372137524039D+00
 0.2401005286162D+00 0.2430223723477D+00 0.2459797072950D+00 0.2489729621895D+00
 0.2520025708545D+00 0.2550689722613D+00 0.2581726105880D+00 0.2613139352774D+00
 0.2644934010960D+00 0.2677114681930D+00 0.2709686021600D+00 0.2742652740922D+00
 0.2776019606482D+00 0.2809791441123D+00 0.2843973124558D+00 0.2878569593997D+00
 0.2913585844777D+00 0.2949026930993D+00 0.2984897966142D+00 0.3021204123764D+00
 0.3057950638094D+00 0.3095142804714D+00 0.3132785981213D+00 0.3170885587853D+00
 0.3209447108237D+00 0.3248476089982D+00 0.3287978145395D+00 0.3327958952161D+00
 0.3368424254026D+00 0.3409379861493D+00 0.3450831652514D+00 0.3492785573190D+00
 0.3535247638481D+00 0.3578223932909D+00 0.3621720611272D+00 0.3665743899364D+00
 0.3710300094685D+00 0.3755395567178D+00 0.3801036759944D+00 0.3847230189979D+00
 0.3893982448904D+00 0.3941300203702D+00 0.3989190197456D+00 0.4037659250090D+00
 0.4086714259116D+00 0.4136362200372D+00 0.4186610128779D+00 0.4237465179082D+00
 0.4288934566606D+00 0.4341025588002D+00 0.4393745622007D+00 0.4447102130189D+00
 0.4501102657708D+00 0.4555754834063D+00 0.4611066373847D+00 0.4667045077501D+00
 0.4723698832060D+00 0.4781035611912D+00 0.4839063479534D+00 0.4897790586243D+00
 0.4957225172943D+00 0.5017375570853D+00 0.5078250202254D+00 0.5139857581214D+00
 0.5202206314316D+00 0.5265305101379D+00 0.5329162736174D+00 0.5393788107135D+00
 0.5459190198055D+00 0.5525378088786D+00 0.5592360955922D+00 0.5660148073474D+00
 0.5728748813539D+00 0.5798172646956D+00 0.5868429143944D+00 0.5939527974742D+00
 0.6011478910220D+00 0.6084291822486D+00 0.6157976685478D+00 0.6232543575526D+00
 0.6308002671917D+00 0.6384364257426D+00 0.6461638718833D+00 0.6539836547418D+00
 0.6618968339436D+00 0.6699044796565D+00 0.6780076726328D+00 0.6862075042496D+00
 0.6945050765450D+00 0.7029015022531D+00 0.7113979048340D+00 0.7199954185016D+00
 0.7286951882478D+00 0.7374983698626D+00 0.7464061299504D+00 0.7554196459430D+00
 0.7645401061067D+00 0.7737687095461D+00 0.7831066662026D+00 0.7925551968479D+00
 0.8021155330725D+00 0.8117889172675D+00 0.8215766026018D+00 0.8314798529924D+00
 0.8414999430679D+00 0.8516381581259D+00 0.8618957940823D+00 0.8722741574136D+00
 0.8827745650907D+00 0.8933983445048D+00 0.9041468333840D+00 0.9150213797008D+00
 0.9260233415696D+00 0.9371540871342D+00 0.9484149944443D+00 0.9598074513205D+00
 0.9713328552081D+00 0.9829926130166D+00 0.9947881409484D+00 0.1006720864312D+01
 0.1018792217319D+01 0.1031003642873D+01 0.1043356592330D+01 0.1055852525255D+01
 0.1068492909151D+01 0.1081279219176D+01 0.1094212937834D+01 0.1107295554651D+01
 0.1120528565827D+01 0.1133913473863D+01 0.1147451787169D+01 0.1161145019640D+01
 0.1174994690211D+01 0.1189002322382D+01 0.1203169443714D+01 0.1217497585291D+01
 0.1231988281152D+01 0.1246643067692D+01 0.1261463483021D+01 0.1276451066284D+01
 0.1291607356950D+01 0.1306933894049D+01 0.1322432215371D+01 0.1338103856611D+01
 0.1353950350476D+01 0.1369973225730D+01 0.1386174006187D+01 0.1402554209650D+01
 0.1419115346785D+01 0.1435858919933D+01 0.1452786421854D+01 0.1469899334400D+01
 0.1487199127118D+01 0.1504687255759D+01 0.1522365160726D+01 0.1540234265413D+01
 0.1558295974465D+01 0.1576551671937D+01 0.1595002719343D+01 0.1613650453609D+01
 0.1632496184897D+01 0.1651541194321D+01 0.1670786731523D+01 0.1690234012122D+01
 0.1709884215019D+01 0.1729738479547D+01 0.1749797902466D+01 0.1770063534785D+01
 0.1790536378413D+01 0.1811217382617D+01 0.1832107440277D+01 0.1853207383943D+01
 0.1874517981654D+01 0.1896039932536D+01 0.1917773862140D+01 0.1939720317522D+01
 0.1961879762042D+01 0.1984252569867D+01 0.2006839020165D+01 0.2029639290957D+01
 0.2052653452632D+01 0.2075881461075D+01 0.2099323150407D+01 0.2122978225310D+01
 0.2146846252895D+01 0.2170926654108D+01 0.2195218694633D+01 0.2219721475257D+01
 0.2244433921680D+01 0.2269354773708D+01 0.2294482573824D+01 0.2319815655067D+01
 0.2345352128193D+01 0.2371089868063D+01 0.2397026499209D+01 0.2423159380532D+01
 0.2449485589063D+01 0.2476001902725D+01 0.2502704782045D+01 0.2529590350724D+01
 0.2556654375000D+01 0.2583892241710D+01 0.2611298934980D+01 0.2638869011416D+01
 0.2666596573722D+01 0.2694475242604D+01 0.2722498126858D+01 0.2750657791483D+01
 0.2778946223706D+01 0.2807354796723D+01 0.2835874231018D+01 0.2864494553044D+01
 0.2893205051079D+01 0.2921994228022D+01 0.2950849750893D+01 0.2979758396759D+01
 0.3008705994796D+01 0.3037677364163D+01 0.3066656247334D+01 0.3095625238490D+01
 0.3124565706550D+01 0.3153457712346D+01 0.3182279919439D+01 0.3211009497965D+01
 0.3239622020883D+01 0.3268091351898D+01 0.3296389524251D+01 0.3324486609498D+01
 0.3352350575268D+01 0.3379947130896D+01 0.3407239559681D+01 0.3434188536377D+01
 0.3460751928346D+01 0.3486884578613D+01 0.3512538068841D+01 0.3537660449299D+01
 0.3562195985792D+01
                                    0.0000000000000D+00
 1030 0.1267938425504D+00
 0.1119445862824D-11 0.1132349420849D-11 0.1145414008472D-11 0.1158641899383D-11
 0.1172061438098D-11 0.1185700481134D-11 0.1199560918545D-11 0.1213644737969D-11
 0.1227953868894D-11 0.1242490563450D-11 0.1257256927883D-11 0.1272255228352D-11
 0.1287487837164D-11 0.1302957108283D-11 0.1318665589085D-11 0.1334615737806D-11
 0.1350810282803D-11 0.1367251888134D-11 0.1383943280911D-11 0.1400887437846D-11
 0.1418087188305D-11 0.1435545577589D-11 0.1453265601691D-11 0.1471250538289D-11
 0.1489503501886D-11 0.1508027822051D-11 0.1526826928094D-11 0.1545904255992D-11
 0.1565263258889D-11 0.1584907698784D-11 0.1604841172902D-11 0.1625067464306D-11
 0.1645590416394D-11 0.1666414012703D-11 0.1687542208477D-11 0.1708979207058D-11
 0.1730729078074D-11 0.1752796110019D-11 0.1775184786747D-11 0.1797899458399D-11
 0.1820944623140D-11 0.1844324977870D-11 0.1868045250879D-11 0.1892110199919D-11
 0.1916524764168D-11 0.1941294006054D-11 0.1966422856357D-11 0.1991916696022D-11
 0.2017780735308D-11 0.2044020387487D-11 0.2070641102093D-11 0.2097648674061D-11
 0.2125048592196D-11 0.2152846844447D-11 0.2181049279984D-11 0.2209661997479D-11
 0.2238691108317D-11 0.2268142940265D-11 0.2298023832582D-11 0.2328340437976D-11
 0.2359099262870D-11 0.2390307165748D-11 0.2421970986703D-11 0.2454097698132D-11
 0.2486694554354D-11 0.2519768839714D-11 0.2553327941960D-11 0.2587379447063D-11
 0.2621931105437D-11 0.2656990690343D-11 0.2692566226091D-11 0.2728665929305D-11
 0.2765297956319D-11 0.2802470958857D-11 0.2840193515457D-11 0.2878474266066D-11
 0.2917322313559D-11 0.2956746675845D-11 0.2996756742833D-11 0.3037361876094D-11
 0.3078571843543D-11 0.3120396318043D-11 0.3162845408121D-11 0.3205929361931D-11
 0.3249658483549D-11 0.3294043406686D-11 0.3339094981902D-11 0.3384824049059D-11
 0.3431242022184D-11 0.3478360187971D-11 0.3526190262871D-11 0.3574744073492D-11
 0.3624033740894D-11 0.3674071571264D-11 0.3724870108004D-11 0.3776442352885D-11
 0.3828801016425D-11 0.3881959632242D-11 0.3935931823470D-11 0.3990731160887D-11
 0.4046371971936D-11 0.4102868541089D-11 0.4160235562676D-11 0.4218487893642D-11
 0.4277640728449D-11 0.4337709758309D-11 0.4398710574222D-11 0.4460659601831D-11
 0.4523573006393D-11 0.4587467830222D-11 0.4652360966906D-11 0.4718269949317D-11
 0.4785212646906D-11 0.4853206972287D-11 0.4922271616041D-11 0.4992425441593D-11
 0.5063687585795D-11 0.5136077826753D-11 0.5209616106969D-11 0.5284322785657D-11
 0.5360218849303D-11 0.5437325331312D-11 0.5515664165320D-11 0.5595257077968D-11
 0.5676126953328D-11 0.5758296814247D-11 0.5841789904458D-11 0.5926630396546D-11
 0.6012842474449D-11 0.6100451282767D-11 0.6189482205842D-11 0.6279961106565D-11
 0.6371914598678D-11 0.6465369611390D-11 0.6560353887815D-11 0.6656895332369D-11
 0.6755022872805D-11 0.6854765568436D-11 0.6956153720355D-11 0.7059217409712D-11
 0.7163988129281D-11 0.7270497581271D-11 0.7378778354046D-11 0.7488863210504D-11
 0.7600786455778D-11 0.7714582118570D-11 0.7830285945476D-11 0.7947933552662D-11
 0.8067561998321D-11 0.8189208506354D-11 0.8312911342021D-11 0.8438709854537D-11
 0.8566643787407D-11 0.8696754056669D-11 0.8829082156186D-11 0.8963670417562D-11
 0.9100562466542D-11 0.9239802433883D-11 0.9381435892553D-11 0.9525508630397D-11
 0.9672068266691D-11 0.9821162463125D-11 0.9972841011770D-11 0.1012715390025D-10
 0.1028415219807D-10 0.1044388883395D-10 0.1060641732083D-10 0.1077179167587D-10
 0.1094006863741D-10 0.1111130493648D-10 0.1128555885477D-10 0.1146289010306D-10
 0.1164335951456D-10 0.1182702932714D-10 0.1201396266598D-10 0.1220422476787D-10
 0.1239788202486D-10 0.1259500181537D-10 0.1279565403688D-10 0.1299990818074D-10
 0.1320783772509D-10 0.1341951610752D-10 0.1363501875394D-10 0.1385442243453D-10
 0.1407780628103D-10 0.1430525072667D-10 0.1453683828006D-10 0.1477265261052D-10
 0.1501277973827D-10 0.1525730761179D-10 0.1550632624071D-10 0.1575992667393D-10
 0.1601820317321D-10 0.1628125181333D-10 0.1654916995198D-10 0.1682205808497D-10
 0.1710001818882D-10 0.1738315580868D-10 0.1767157637412D-10 0.1796539072960D-10
 0.1826470986972D-10 0.1856964796178D-10 0.1888032195614D-10 0.1919685161176D-10
 0.1951935863373D-10 0.1984796703577D-10 0.2018280580665D-10 0.2052400459082D-10
 0.2087169769661D-10 0.2122602032304D-10 0.2158711252174D-10 0.2195511644474D-10
 0.2233017873116D-10 0.2271244716184D-10 0.2310207514464D-10 0.2349921873160D-10
 0.2390403666516D-10 0.2431669258206D-10 0.2473735278092D-10 0.2516618721834D-10
 0.2560337124741D-10 0.2604908296530D-10 0.2650350353826D-10 0.2696682087649D-10
 0.2743922580579D-10 0.2792091220677D-10 0.2841207989403D-10 0.2891293416314D-10
 0.2942368210940D-10 0.2994453760734D-10 0.3047571994865D-10 0.3101745189911D-10
 0.3156996194865D-10 0.3213348336408D-10 0.3270825602855D-10 0.3329452436332D-10
 0.3389253747721D-10 0.3450255262521D-10 0.3512483127655D-10 0.3575964050602D-10
 0.3640725489244D-10 0.3706795487392D-10 0.3774202669083D-10 0.3842976430899D-10
 0.3913146754301D-10 0.3984744275554D-10 0.4057800615832D-10 0.4132347731742D-10
 0.4208418527904D-10 0.4286046707569D-10 0.4365266673794D-10 0.4446113659193D-10
 0.4528623748836D-10 0.4612833827022D-10 0.4698781379108D-10 0.4786505444473D-10
 0.4876045263149D-10 0.4967441321945D-10 0.5060735044424D-10 0.5155968578611D-10
 0.5253185484909D-10 0.5352430031592D-10 0.5453747487197D-10 0.5557184479409D-10
 0.5662788228489D-10 0.5770607572377D-10 0.5880692252887D-10 0.5993093181666D-10
 0.6107862416701D-10 0.6225053314250D-10 0.6344720480426D-10 0.6466919792966D-10
 0.6591708423976D-10 0.6719144953206D-10 0.6849289161769D-10 0.6982202359426D-10
 0.7117947291961D-10 0.7256588323887D-10 0.7398191007190D-10 0.7542822601843D-10
 0.7690552060489D-10 0.7841449869302D-10 0.7995588185806D-10 0.8153040780028D-10
 0.8313883188830D-10 0.8478192873101D-10 0.8646049051105D-10 0.8817532687304D-10
 0.8992726836754D-10 0.9171716363911D-10 0.9354588299497D-10 0.9541431649979D-10
 0.9732337546802D-10 0.9927399076740D-10 0.1012671183896D-09 0.1033037376660D-09
 0.1053848462448D-09 0.1075114705337D-09 0.1096846569741D-09 0.1119054812810D-09
 0.1141750399935D-09 0.1164944612815D-09 0.1188648951458D-09 0.1212875204506D-09
 0.1237635455368D-09 0.1262942051818D-09 0.1288807666634D-09 0.1315245234775D-09
 0.1342268024915D-09 0.1369889614890D-09 0.1398123917468D-09 0.1426985139839D-09
 0.1456487882798D-09 0.1486647058005D-09 0.1517477942482D-09 0.1548996174862D-09
 0.1581217758853D-09 0.1614159112592D-09 0.1647837015794D-09 0.1682268642499D-09
 0.1717471586951D-09 0.1753463923131D-09 0.1790264055879D-09 0.1827890892067D-09
 0.1866363766294D-09 0.1905702509105D-09 0.1945927367006D-09 0.1987059132248D-09
 0.2029119075632D-09 0.2072128960528D-09 0.2116111081595D-09 0.2161088271719D-09
 0.2207083902161D-09 0.2254121935690D-09 0.2302226853485D-09 0.2351423765867D-09
 0.2401738379263D-09 0.2453197045502D-09 0.2505826668920D-09 0.2559654889049D-09
 0.2614709924860D-09 0.2671020767773D-09 0.2728617003296D-09 0.2787529035895D-09
 0.2847787906573D-09 0.2909425451850D-09 0.2972474266452D-09 0.3036967746930D-09
 0.3102940040303D-09 0.3170426178971D-09 0.3239461997670D-09 0.3310084189790D-09
 0.3382330394124D-09 0.3456239038919D-09 0.3531849635769D-09 0.3609202489746D-09
 0.3688339003362D-09 0.3769301506321D-09 0.3852133360982D-09 0.3936878941149D-09
 0.4023583819572D-09 0.4112294519863D-09 0.4203058775542D-09 0.4295925439682D-09
 0.4390944577826D-09 0.4488167374234D-09 0.4587646378561D-09 0.4689435275374D-09
 0.4793589194389D-09 0.4900164481066D-09 0.5009218869682D-09 0.5120811512579D-09
 0.5235002985384D-09 0.5351855299206D-09 0.5471432039713D-09 0.5593798198688D-09
 0.5719020476811D-09 0.5847167136087D-09 0.5978308070127D-09 0.6112514878716D-09
 0.6249860908249D-09 0.6390421227593D-09 0.6534272854701D-09 0.6681494464056D-09
 0.6832166848667D-09 0.6986372627514D-09 0.7144196431898D-09 0.7305725035572D-09
 0.7471047169479D-09 0.7640253883151D-09 0.7813438286813D-09 0.7990695813090D-09
 0.8172124194402D-09 0.8357823520581D-09 0.8547896372972D-09 0.8742447767050D-09
 0.8941585255595D-09 0.9145419007687D-09 0.9354061924972D-09 0.9567629563712D-09
 0.9786240316957D-09 0.1001001548189D-08 0.1023907924636D-08 0.1047355888616D-08
 0.1071358463210D-08 0.1095929010415D-08 0.1121081188402D-08 0.1146829014545D-08
 0.1173186824874D-08 0.1200169316537D-08 0.1227791545040D-08 0.1256068915497D-08
 0.1285017222727D-08 0.1314652649976D-08 0.1344991752288D-08 0.1376051509580D-08
 0.1407849297926D-08 0.1440402928653D-08 0.1473730637605D-08 0.1507851110920D-08
 0.1542783472998D-08 0.1578547343436D-08 0.1615162787363D-08 0.1652650377633D-08
 0.1691031180920D-08 0.1730326773249D-08 0.1770559271406D-08 0.1811751312410D-08
 0.1853926088315D-08 0.1897107354856D-08 0.1941319466253D-08 0.1986587329394D-08
 0.2032936492280D-08 0.2080393122716D-08 0.2128984002067D-08 0.2178736584786D-08
 0.2229678983521D-08 0.2281839995817D-08 0.2335249139336D-08 0.2389936623374D-08
 0.2445933406759D-08 0.2503271208144D-08 0.2561982506059D-08 0.2622100576917D-08
 0.2683659504831D-08 0.2746694218894D-08 0.2811240477565D-08 0.2877334928644D-08
 0.2945015091809D-08 0.3014319434413D-08 0.3085287330832D-08 0.3157959132902D-08
 0.3232376157524D-08 0.3308580765851D-08 0.3386616306433D-08 0.3466527217779D-08
 0.3548359013003D-08 0.3632158306908D-08 0.3717972851292D-08 0.3805851581954D-08
 0.3895844621528D-08 0.3988003299373D-08 0.4082380201372D-08 0.4179029208571D-08
 0.4278005526693D-08 0.4379365663065D-08 0.4483167552746D-08 0.4589470509890D-08
 0.4698335332045D-08 0.4809824268315D-08 0.4924001119191D-08 0.5040931181193D-08
 0.5160681419298D-08 0.5283320396378D-08 0.5408918340821D-08 0.5537547216546D-08
 0.5669280738614D-08 0.5804194409927D-08 0.5942365586025D-08 0.6083873521522D-08
 0.6228799392007D-08 0.6377226343161D-08 0.6529239612641D-08 0.6684926425570D-08
 0.6844376220954D-08 0.7007680576827D-08 0.7174933327744D-08 0.7346230584041D-08
 0.7521670830435D-08 0.7701354925827D-08 0.7885386214164D-08 0.8073870566857D-08
 0.8266916408669D-08 0.8464634881773D-08 0.8667139768447D-08 0.8874547674396D-08
 0.9086978050332D-08 0.9304553269784D-08 0.9527398677683D-08 0.9755642703767D-08
 0.9989416901507D-08 0.1022885605661D-07 0.1047409824756D-07 0.1072528488931D-07
 0.1098256092516D-07 0.1124607478265D-07 0.1151597855155D-07 0.1179242800234D-07
 0.1207558277586D-07 0.1236560635646D-07 0.1266266625453D-07 0.1296693409401D-07
 0.1327858564514D-07 0.1359780105635D-07 0.1392476477135D-07 0.1425966585403D-07
 0.1460269793167D-07 0.1495405939517D-07 0.1531395344483D-07 0.1568258833824D-07
 0.1606017733226D-07 0.1644693896257D-07 0.1684309707839D-07 0.1724888102256D-07
 0.1766452577931D-07 0.1809027199861D-07 0.1852636631040D-07 0.1897306132665D-07
 0.1943061588452D-07 0.1989929507379D-07 0.2037937057529D-07 0.2087112064999D-07
 0.2137483041198D-07 0.2189079190279D-07 0.2241930437342D-07 0.2296067436008D-07
 0.2351521594249D-07 0.2408325080373D-07 0.2466510858428D-07 0.2526112702247D-07
 0.2587165204201D-07 0.2649703804253D-07 0.2713764818286D-07 0.2779385444456D-07
 0.2846603794332D-07 0.2915458914489D-07 0.2985990803333D-07 0.3058240440927D-07
 0.3132249814057D-07 0.3208061934810D-07 0.3285720872281D-07 0.3365271770998D-07
 0.3446760883873D-07 0.3530235595870D-07 0.3615744455969D-07 0.3703337198333D-07
 0.3793064781208D-07 0.3884979405077D-07 0.3979134551084D-07 0.4075585021580D-07
 0.4174386949376D-07 0.4275597846487D-07 0.4379276637631D-07 0.4485483688977D-07
 0.4594280849102D-07 0.4705731483306D-07 0.4819900505056D-07 0.4936854426810D-07
 0.5056661384818D-07 0.5179391194864D-07 0.5305115379547D-07 0.5433907211052D-07
 0.5565841766788D-07 0.5700995966519D-07 0.5839448606380D-07 0.5981280426809D-07
 0.6126574146554D-07 0.6275414509995D-07 0.6427888338083D-07 0.6584084595756D-07
 0.6744094420814D-07 0.6908011183191D-07 0.7075930556998D-07 0.7247950560701D-07
 0.7424171609530D-07 0.7604696594355D-07 0.7789630940054D-07 0.7979082635182D-07
 0.8173162345286D-07 0.8371983434506D-07 0.8575662068660D-07 0.8784317249265D-07
 0.8998070914490D-07 0.9217047988781D-07 0.9441376485555D-07 0.9671187530123D-07
 0.9906615507031D-07 0.1014779807378D-06 0.1039487628215D-06 0.1064799465831D-06
 0.1090730128335D-06 0.1117294785124D-06 0.1144508982306D-06 0.1172388646665D-06
 0.1200950095301D-06 0.1230210049785D-06 0.1260185639862D-06 0.1290894420065D-06
 0.1322354373132D-06 0.1354583928026D-06 0.1387601964770D-06 0.1421427829001D-06
 0.1456081343446D-06 0.1491582817357D-06 0.1527953061154D-06 0.1565213398347D-06
 0.1603385676765D-06 0.1642492282320D-06 0.1682556154077D-06 0.1723600794553D-06
 0.1765650287533D-06 0.1808729309389D-06 0.1852863143809D-06 0.1898077701269D-06
 0.1944399529654D-06 0.1991855830319D-06 0.2040474478304D-06 0.2090284035145D-06
 0.2141313768821D-06 0.2193593667180D-06 0.2247154462890D-06 0.2302027644248D-06
 0.2358245478878D-06 0.2415841030665D-06 0.2474848183342D-06 0.2535301654893D-06
 0.2597237025421D-06 0.2660690751602D-06 0.2725700194594D-06 0.2792303638803D-06
 0.2860540317025D-06 0.2930450433482D-06 0.3002075187202D-06 0.3075456797199D-06
 0.3150638532629D-06 0.3227664730699D-06 0.3306580828349D-06 0.3387433393251D-06
 0.3470270142725D-06 0.3555139984043D-06 0.3642093033891D-06 0.3731180655610D-06
 0.3822455489689D-06 0.3915971480440D-06 0.4011783918924D-06 0.4109949465992D-06
 0.4210526194986D-06 0.4313573625022D-06 0.4419152752177D-06 0.4527326097798D-06
 0.4638157735778D-06 0.4751713340644D-06 0.4868060223554D-06 0.4987267373835D-06
 0.5109405503507D-06 0.5234547089740D-06 0.5362766419253D-06 0.5494139638881D-06
 0.5628744795645D-06 0.5766661888773D-06 0.5907972922973D-06 0.6052761955097D-06
 0.6201115145380D-06 0.6353120817530D-06 0.6508869510326D-06 0.6668454030912D-06
 0.6831969521494D-06 0.6999513513117D-06 0.7171185986274D-06 0.7347089442024D-06
 0.7527328954842D-06 0.7712012251120D-06 0.7901249770225D-06 0.8095154738600D-06
 0.8293843238046D-06 0.8497434283050D-06 0.8706049897828D-06 0.8919815190752D-06
 0.9138858438392D-06 0.9363311166511D-06 0.9593308237001D-06 0.9828987930542D-06
 0.1007049204035D-05 0.1031796596385D-05 0.1057155879839D-05 0.1083142343387D-05
 0.1109771665846D-05 0.1137059926031D-05 0.1165023613029D-05 0.1193679637186D-05
 0.1223045341717D-05 0.1253138513910D-05 0.1283977396414D-05 0.1315580700757D-05
 0.1347967618463D-05 0.1381157834859D-05 0.1415171541821D-05 0.1450029451655D-05
 0.1485752811180D-05 0.1522363415932D-05 0.1559883625356D-05 0.1598336377346D-05
 0.1637745205420D-05 0.1678134253603D-05 0.1719528293374D-05 0.1761952741225D-05
 0.1805433676353D-05 0.1849997858494D-05 0.1895672747293D-05 0.1942486520554D-05
 0.1990468095403D-05 0.2039647148614D-05 0.2090054136491D-05 0.2141720318363D-05
 0.2194677777819D-05 0.2248959446934D-05 0.2304599129222D-05 0.2361631523976D-05
 0.2420092253355D-05 0.2480017886835D-05 0.2541445968944D-05 0.2604415046737D-05
 0.2668964699602D-05 0.2735135566999D-05 0.2802969381139D-05 0.2872508997033D-05
 0.2943798425499D-05 0.3016882867940D-05 0.3091808748866D-05 0.3168623753654D-05
 0.3247376864943D-05 0.3328118401228D-05 0.3410900055605D-05 0.3495774937320D-05
 0.3582797613866D-05 0.3672024154919D-05 0.3763512176287D-05 0.3857320888681D-05
 0.3953511143775D-05 0.4052145485009D-05 0.4153288199892D-05 0.4257005372206D-05
 0.4363364937593D-05 0.4472436741216D-05 0.4584292596255D-05 0.4699006346365D-05
 0.4816653926655D-05 0.4937313432329D-05 0.5061065184886D-05 0.5187991802933D-05
 0.5318178274966D-05 0.5451712036205D-05 0.5588683045453D-05 0.5729183867630D-05
 0.5873309757240D-05 0.6021158745675D-05 0.6172831733383D-05 0.6328432582081D-05
 0.6488068213092D-05 0.6651848709084D-05 0.6819887418438D-05 0.6992301064319D-05
 0.7169209859332D-05 0.7350737621473D-05 0.7537011897460D-05 0.7728164089393D-05
 0.7924329586347D-05 0.8125647903504D-05 0.8332262821072D-05 0.8544322536442D-05
 0.8761979816032D-05 0.8985392156314D-05 0.9214721951000D-05 0.9450136663834D-05
 0.9691809010890D-05 0.9939917146558D-05 0.1019464486070D-04 0.1045618178352D-04
 0.1072472359630D-04 0.1100047225280D-04 0.1128363621207D-04 0.1157443067643D-04
 0.1187307784326D-04 0.1217980716709D-04 0.1249485562931D-04 0.1281846802677D-04
 0.1315089726460D-04 0.1349240466753D-04 0.1384326030333D-04 0.1420374331808D-04
 0.1457414229244D-04 0.1495475560403D-04 0.1534589181593D-04 0.1574787007879D-04
 0.1616102054450D-04 0.1658568481335D-04 0.1702221638650D-04 0.1747098114829D-04
 0.1793235786732D-04 0.1840673872106D-04 0.1889452984587D-04 0.1939615191333D-04
 0.1991204072902D-04 0.2044264786534D-04 0.2098844132130D-04 0.2154990621571D-04
 0.2212754550719D-04 0.2272188075962D-04 0.2333345293599D-04 0.2396282323199D-04
 0.2461057395670D-04 0.2527730944489D-04 0.2596365702640D-04 0.2667026803544D-04
 0.2739781887373D-04 0.2814701212543D-04 0.2891857772855D-04 0.2971327420582D-04
 0.3053188995670D-04 0.3137524462029D-04 0.3224419049525D-04 0.3313961405180D-04
 0.3406243750757D-04 0.3501362048518D-04 0.3599416176969D-04 0.3700510114186D-04
 0.3804752132280D-04 0.3912255000796D-04 0.4023136202206D-04 0.4137518158020D-04
 0.4255528467733D-04 0.4377300160051D-04 0.4502971958493D-04 0.4632688560970D-04
 0.4766600934731D-04 0.4904866628093D-04 0.5047650098687D-04 0.5195123060844D-04
 0.5347464851722D-04 0.5504862818385D-04 0.5667512727248D-04 0.5835619195228D-04
 0.6009396147854D-04 0.6189067301760D-04 0.6374866675915D-04 0.6567039132531D-04
 0.6765840949363D-04 0.6971540425440D-04 0.7184418522810D-04 0.7404769546611D-04
 0.7632901864318D-04 0.7869138670033D-04 0.8113818793396D-04 0.8367297557384D-04
 0.8629947689580D-04 0.8902160287967D-04 0.9184345846661D-04 0.9476935344819D-04
 0.9780381403575D-04 0.1009515951501D-03 0.1042176934875D-03 0.1076073614045D-03
 0.1111261216908D-03 0.1147797832873D-03 0.1185744580054D-03 0.1225165783371D-03
 0.1266129164100D-03 0.1308706041962D-03 0.1352971550324D-03 0.1399004865722D-03
 0.1446889452572D-03 0.1496713324291D-03 0.1548569321881D-03 0.1602555411444D-03
 0.1658775001768D-03 0.1717337283846D-03 0.1778357593416D-03 0.1841957798903D-03
 0.1908266716140D-03 0.1977420552154D-03 0.2049563380156D-03 0.2124847648243D-03
 0.2203434724166D-03 0.2285495479305D-03 0.2371210914546D-03 0.2460772831649D-03
 0.2554384553478D-03 0.2652261697190D-03 0.2754633004312D-03 0.2861741232621D-03
 0.2973844114557D-03 0.3091215387677D-03 0.3214145903040D-03 0.3342944817949D-03
 0.3477940880001D-03 0.3619483809969D-03 0.3767945791906D-03 0.3923723079574D-03
 0.4087237728767D-03 0.4258939466507D-03 0.4439307708817D-03 0.4628853739773D-03
 0.4828123065971D-03 0.5037697961602D-03 0.5258200221021D-03 0.5490294136971D-03
 0.5734689724787D-03 0.5992146214269D-03 0.6263475833570D-03 0.6549547911581D-03
 0.6851293327457D-03 0.7169709339747D-03 0.7505864829546D-03 0.7860905996490D-03
 0.8236062549829D-03 0.8632654441034D-03 0.9052099189166D-03 0.9495919855626D-03
 0.9965753730247D-03 0.1046336179745D-02 0.1099063905806D-02 0.1154962579024D-02
 0.1214251984197D-02 0.1277169005683D-02 0.1343969094582D-02 0.1414927873002D-02
 0.1490342889210D-02 0.1570535538963D-02 0.1655853169951D-02 0.1746671388159D-02
 0.1843396587018D-02 0.1946468722459D-02 0.2056364359615D-02 0.2173600019760D-02
 0.2298735859274D-02 0.2432379716024D-02 0.2575191562560D-02 0.2727888410037D-02
 0.2891249711822D-02 0.3066123321361D-02 0.3253432065293D-02 0.3454180999871D-02
 0.3669465426800D-02 0.3900479753542D-02 0.4148527293339D-02 0.4415031111557D-02
 0.4701546037747D-02 0.5009771977371D-02 0.5341568673357D-02 0.5698972086110D-02
 0.6084212581214D-02 0.6499735137797D-02 0.6948221816639D-02 0.7432616757447D-02
 0.7956154008344D-02 0.8522388529105D-02 0.9135230753221D-02 0.9798985142935D-02
 0.1051839322758D-01 0.1129868167862D-01 0.1214561604703D-01 0.1306556087042D-01
 0.1406554694995D-01 0.1515334670324D-01 0.1633755861951D-01 0.1762770197980D-01
 0.1903432316167D-01 0.2056911502499D-01 0.2224505107812D-01 0.2407653635501D-01
 0.2607957719714D-01 0.2827197243567D-01 0.3067352881269D-01 0.3330630387342D-01
 0.3619488001052D-01 0.3936667385505D-01 0.4285228579596D-01 0.4668589508255D-01
 0.5090570673317D-01 0.5555445735501D-01 0.6067998798744D-01 0.6633589323705D-01
 0.7258225729623D-01 0.7948648895164D-01 0.8712426942569D-01 0.9558062888354D-01
 0.1049511697163D+00 0.1153434573168D+00 0.1268786020601D+00 0.1396930660019D+00
 0.1539406948371D+00 0.1695652688849D+00 0.1864607666951D+00 0.2047271155850D+00
 0.2244733480298D+00 0.2458184945070D+00 0.2688925699907D+00 0.2938376641643D+00
 0.3208091465295D+00 0.3499769988084D+00 0.3815272884081D+00 0.4156637982158D+00
 0.4526098296817D+00 0.4926101980058D+00 0.5359334402978D+00 0.5828742598951D+00
 0.6337562325537D+00 0.6889348030401D+00 0.7488006038175D+00 0.8137831309545D+00
 0.8843548162656D+00 0.9610355389644D+00 0.1044397624848D+01 0.1135071386276D+01
 0.1233751262095D+01 0.1341202623034D+01 0.1458269315361D+01 0.1585882023489D+01
 0.1725067540990D+01 0.1876959049382D+01
    0    0
