Source Code Version           : : Develop                                       
System Description            : AuPd, 001 surface                               
Number of Atoms in Unit Cell  : 64                                              
Number of Atomic Species      : 3                                               
Number of Atoms in Each Type  : 22(Au), 26(Pd), 16(Va)                          
Unit Cell Volume (au^3)       : 0.67500000D+04                                  
Average Atomic Volume (au^3)  : 105.46875                                       
Energy Offset                 : -22912                                          
=======================================================================================
    Iter     Energy      3PV     Efermi   Rms_rho    Rms_pot   Mix  Alg  Alpha 
---------------------------------------------------------------------------------------
**       1  -0.638073  2850.130  0.45345  0.693E-03  0.412E+00  pot  B   0.1000
         2   0.133444  2852.055  0.44547  0.144E-01  0.120E+01  pot  B   0.1000
         3  -0.394517  2851.439  0.43187  0.158E-01  0.780E+00  pot  B   0.1000
         4  -0.680842  2854.421  0.42187  0.859E-02  0.229E+00  pot  B   0.1000
         5  -0.707048  2854.591  0.41187  0.391E-03  0.118E+00  pot  B   0.1000
         6  -0.735711  2853.121  0.40187  0.173E-02  0.468E-01  pot  B   0.1000
         7  -0.737262  2851.359  0.39187  0.192E-02  0.129E+00  pot  B   0.1000
         8  -0.741280  2851.649  0.38187  0.242E-02  0.334E-01  pot  B   0.1000
         9  -0.741149  2851.329  0.37187  0.151E-03  0.421E-01  pot  B   0.1000
        10  -0.737825  2851.344  0.36187  0.804E-03  0.211E-01  pot  B   0.1000
        11  -0.753315  2850.936  0.35187  0.326E-03  0.216E-01  pot  B   0.1000
        12  -0.756654  2851.132  0.34187  0.298E-03  0.909E-02  pot  B   0.1000
        13  -0.715238  2848.456  0.31276  0.687E-02  0.463E+00  pot  B   0.1000
        14  -0.781377  2848.495  0.30715  0.455E-02  0.199E+00  pot  B   0.1000
        15  -0.771176  2848.422  0.31034  0.521E-03  0.239E+00  pot  B   0.1000
        16  -0.757925  2848.290  0.31269  0.594E-03  0.286E+00  pot  B   0.1000
        17  -0.767456  2848.323  0.31120  0.856E-03  0.235E+00  pot  B   0.1000
        18  -0.771314  2848.335  0.31087  0.471E-03  0.219E+00  pot  B   0.1000
        19  -0.764303  2848.295  0.31270  0.482E-03  0.241E+00  pot  B   0.1000
        20  -0.767579  2848.284  0.31210  0.310E-03  0.225E+00  pot  B   0.1000
        21  -0.769137  2848.328  0.31204  0.850E-04  0.220E+00  pot  B   0.1000
        22  -0.767172  2848.314  0.31253  0.821E-04  0.226E+00  pot  B   0.1000
        23  -0.763328  2848.222  0.31560  0.215E-03  0.240E+00  pot  B   0.1000
        24  -0.702873  2854.739  0.30560  0.464E-02  0.122E+00  pot  B   0.1000
        25  -0.774726  2849.621  0.28214  0.702E-02  0.322E+00  pot  B   0.1000
        26  -0.817324  2849.707  0.27593  0.522E-02  0.648E-01  pot  B   0.1000
        27  -0.818189  2849.762  0.27494  0.139E-03  0.596E-01  pot  B   0.1000
        28  -0.817124  2849.803  0.27462  0.658E-03  0.701E-01  pot  B   0.1000
        29  -0.795364  2850.120  0.27226  0.308E-02  0.243E+00  pot  B   0.1000
        30  -0.801684  2850.254  0.26818  0.455E-03  0.214E+00  pot  B   0.1000
        31  -0.808439  2850.326  0.26569  0.598E-03  0.178E+00  pot  B   0.1000
        32  -0.813749  2850.354  0.26388  0.602E-03  0.144E+00  pot  B   0.1000
        33  -0.818531  2850.459  0.26097  0.678E-03  0.106E+00  pot  B   0.1000
        34  -0.821402  2850.644  0.25797  0.547E-03  0.768E-01  pot  B   0.1000
        35  -0.824353  2851.044  0.25306  0.103E-02  0.248E-01  pot  B   0.1000
        36  -0.824147  2851.005  0.25448  0.184E-03  0.251E-01  pot  B   0.1000
        37  -0.824308  2851.029  0.25479  0.189E-03  0.135E-01  pot  B   0.1000
        38  -0.824354  2851.059  0.25462  0.739E-04  0.126E-01  pot  B   0.1000
        39  -0.824389  2851.082  0.25473  0.124E-03  0.600E-02  pot  B   0.1000
        40  -0.824396  2851.094  0.25472  0.285E-04  0.455E-02  pot  B   0.1000
        41  -0.824374  2851.118  0.25486  0.901E-04  0.838E-03  pot  B   0.1000
        42  -0.824354  2851.105  0.25508  0.355E-04  0.115E-02  pot  B   0.1000
        43  -0.824347  2851.103  0.25513  0.566E-05  0.552E-03  pot  B   0.1000
        44  -0.824346  2851.102  0.25512  0.763E-05  0.224E-03  pot  B   0.1000
        45  -0.824345  2851.103  0.25511  0.887E-05  0.691E-03  pot  B   0.1000
        46  -0.824344  2851.104  0.25512  0.480E-05  0.551E-03  pot  B   0.1000
        47  -0.824345  2851.105  0.25511  0.241E-05  0.358E-03  pot  B   0.1000
        48  -0.824345  2851.104  0.25513  0.494E-05  0.440E-04  pot  B   0.1000
        49  -0.824345  2851.105  0.25513  0.250E-06  0.310E-04  pot  B   0.1000
        50  -0.824345  2851.105  0.25513  0.350E-06  0.265E-04  pot  B   0.1000
**      51  -0.824345  2851.105  0.25513  0.145E-11  0.265E-04  pot  B   0.1000
        52  -0.824345  2851.105  0.25513  0.187E-05  0.134E-03  pot  B   0.1000
        53  -0.824345  2851.105  0.25513  0.135E-05  0.130E-04  pot  B   0.1000
        54  -0.824345  2851.105  0.25513  0.715E-07  0.162E-04  pot  B   0.1000
        55  -0.824345  2851.105  0.25513  0.248E-06  0.776E-05  pot  B   0.1000
        56  -0.824346  2851.105  0.25512  0.120E-06  0.823E-05  pot  B   0.1000
        57  -0.824346  2851.105  0.25512  0.144E-06  0.652E-05  pot  B   0.1000
        58  -0.824346  2851.105  0.25512  0.207E-06  0.685E-05  pot  B   0.1000
        59  -0.824346  2851.105  0.25512  0.929E-07  0.854E-06  pot  B   0.1000
        60  -0.824346  2851.105  0.25512  0.444E-07  0.319E-05  pot  B   0.1000
        61  -0.824346  2851.105  0.25512  0.266E-07  0.118E-05  pot  B   0.1000
        62  -0.824346  2851.105  0.25512  0.317E-07  0.136E-05  pot  B   0.1000
        63  -0.824346  2851.105  0.25512  0.167E-07  0.279E-06  pot  B   0.1000
        64  -0.824346  2851.105  0.25512  0.505E-08  0.437E-06  pot  B   0.1000
        65  -0.824346  2851.105  0.25512  0.409E-08  0.167E-06  pot  B   0.1000
        66  -0.824346  2851.105  0.25512  0.376E-08  0.782E-07  pot  B   0.1000
