Source Code Version           : : Develop                                       
System Description            : Cu, fcc structure                               
Number of Atoms in Unit Cell  : 1                                               
Number of Atomic Species      : 1                                               
Number of Atoms in Each Type  : 1(Cu)                                           
Unit Cell Volume (au^3)       : 0.75190750D+02                                  
Average Atomic Volume (au^3)  : 75.19075                                        
Energy Offset                 : -3281                                           
=======================================================================================
    Iter     Energy      3PV     Efermi   Rms_rho    Rms_pot   Mix  Alg  Alpha 
---------------------------------------------------------------------------------------
**       1  -0.632321  34.97797  0.67360  0.259E-03  0.564E-02  pot  B   0.1000
         2  -0.627596  33.83870  0.68152  0.328E-03  0.163E-02  pot  B   0.1000
         3  -0.630222  34.40331  0.67758  0.139E-03  0.654E-03  pot  B   0.1000
         4  -0.631426  34.72468  0.67606  0.767E-04  0.140E-03  pot  B   0.1000
         5  -0.631416  34.72282  0.67626  0.551E-06  0.142E-03  pot  B   0.1000
         6  -0.631349  34.71053  0.67662  0.310E-05  0.165E-03  pot  B   0.1000
         7  -0.631285  34.70846  0.67705  0.238E-05  0.197E-03  pot  B   0.1000
         8  -0.631299  34.70588  0.67697  0.647E-06  0.201E-03  pot  B   0.1000
         9  -0.631285  34.70247  0.67702  0.858E-06  0.209E-03  pot  B   0.1000
        10  -0.631281  34.70126  0.67702  0.304E-06  0.211E-03  pot  B   0.1000
        11  -0.631333  34.71508  0.67689  0.356E-05  0.182E-03  pot  B   0.1000
        12  -0.630342  34.78766  0.67747  0.203E-04  0.488E-04  pot  B   0.1000
        13  -0.631422  34.73788  0.67677  0.147E-04  0.135E-03  pot  B   0.1000
        14  -0.631399  34.74887  0.67666  0.286E-05  0.113E-03  pot  B   0.1000
        15  -0.631509  34.75768  0.67651  0.225E-05  0.936E-04  pot  B   0.1000
        16  -0.631693  34.80048  0.67614  0.110E-04  0.507E-05  pot  B   0.1000
        17  -0.631680  34.79701  0.67616  0.911E-06  0.118E-04  pot  B   0.1000
        18  -0.631688  34.79877  0.67614  0.450E-06  0.820E-05  pot  B   0.1000
        19  -0.631687  34.79823  0.67615  0.139E-06  0.930E-05  pot  B   0.1000
        20  -0.631686  34.79875  0.67614  0.133E-06  0.831E-05  pot  B   0.1000
        21  -0.631686  34.79897  0.67614  0.609E-07  0.788E-05  pot  B   0.1000
        22  -0.631676  34.79944  0.67615  0.133E-06  0.701E-05  pot  B   0.1000
        23  -0.631706  34.79795  0.67613  0.415E-06  0.982E-05  pot  B   0.1000
        24  -0.631707  34.79529  0.67615  0.687E-06  0.151E-04  pot  B   0.1000
        25  -0.631719  34.79405  0.67614  0.331E-06  0.176E-04  pot  B   0.1000
        26  -0.631733  34.79631  0.67612  0.575E-06  0.130E-04  pot  B   0.1000
        27  -0.631635  34.80245  0.67618  0.170E-05  0.140E-05  pot  B   0.1000
        28  -0.631635  34.80218  0.67618  0.670E-07  0.191E-05  pot  B   0.1000
        29  -0.631643  34.80173  0.67617  0.138E-06  0.270E-05  pot  B   0.1000
        30  -0.631915  34.79181  0.67598  0.299E-05  0.216E-04  pot  B   0.1000
        31  -0.631839  34.79457  0.67606  0.794E-06  0.166E-04  pot  B   0.1000
        32  -0.631813  34.79574  0.67606  0.333E-06  0.145E-04  pot  B   0.1000
        33  -0.631858  34.79412  0.67603  0.474E-06  0.173E-04  pot  B   0.1000
        34  -0.632006  34.78815  0.67594  0.188E-05  0.291E-04  pot  B   0.1000
        35  -0.631832  34.79438  0.67607  0.198E-05  0.170E-04  pot  B   0.1000
        36  -0.631812  34.79528  0.67606  0.262E-06  0.154E-04  pot  B   0.1000
        37  -0.631618  34.80355  0.67620  0.249E-05  0.792E-06  pot  B   0.1000
        38  -0.631518  34.80750  0.67623  0.124E-05  0.870E-05  pot  B   0.1000
        39  -0.631122  34.82756  0.67654  0.611E-05  0.459E-04  pot  B   0.1000
        40  -0.631548  34.80839  0.67625  0.559E-05  0.109E-04  pot  B   0.1000
        41  -0.633238  34.74000  0.67528  0.195E-04  0.120E-03  pot  B   0.1000
        42  -0.636055  34.60441  0.67343  0.389E-04  0.374E-03  pot  B   0.1000
        43  -0.678809  34.59039  0.67843  0.375E-03  0.225E-02  pot  B   0.1000
**      44  -0.632321  34.97797  0.67360  0.259E-03  0.564E-02  pot  S   0.1000
        45  -0.627596  33.83870  0.68152  0.328E-03  0.163E-02  pot  S   0.1000
        46  -0.630222  34.40331  0.67758  0.139E-03  0.654E-03  pot  S   0.1000
        47  -0.630923  34.58986  0.67711  0.444E-04  0.348E-03  pot  S   0.1000
        48  -0.631319  34.69559  0.67648  0.255E-04  0.180E-03  pot  S   0.1000
        49  -0.631513  34.74955  0.67611  0.131E-04  0.104E-03  pot  S   0.1000
        50  -0.631611  34.77741  0.67594  0.686E-05  0.734E-04  pot  S   0.1000
        51  -0.631662  34.79179  0.67588  0.363E-05  0.623E-04  pot  S   0.1000
        52  -0.631687  34.79910  0.67587  0.194E-05  0.567E-04  pot  S   0.1000
        53  -0.631700  34.80269  0.67587  0.105E-05  0.520E-04  pot  S   0.1000
        54  -0.631706  34.80437  0.67589  0.598E-06  0.475E-04  pot  S   0.1000
        55  -0.631709  34.80506  0.67590  0.371E-06  0.431E-04  pot  S   0.1000
        56  -0.631709  34.80525  0.67592  0.260E-06  0.389E-04  pot  S   0.1000
        57  -0.631709  34.80521  0.67594  0.205E-06  0.350E-04  pot  S   0.1000
        58  -0.631709  34.80506  0.67596  0.173E-06  0.315E-04  pot  S   0.1000
        59  -0.631708  34.80487  0.67597  0.151E-06  0.282E-04  pot  S   0.1000
        60  -0.631708  34.80467  0.67599  0.133E-06  0.253E-04  pot  S   0.1000
        61  -0.631707  34.80448  0.67600  0.118E-06  0.227E-04  pot  S   0.1000
        62  -0.631707  34.80430  0.67601  0.106E-06  0.204E-04  pot  S   0.1000
        63  -0.631706  34.80414  0.67602  0.943E-07  0.183E-04  pot  S   0.1000
        64  -0.631706  34.80399  0.67603  0.842E-07  0.164E-04  pot  S   0.1000
        65  -0.631705  34.80386  0.67604  0.752E-07  0.147E-04  pot  S   0.1000
        66  -0.631705  34.80375  0.67605  0.672E-07  0.132E-04  pot  S   0.1000
        67  -0.631704  34.80365  0.67605  0.600E-07  0.118E-04  pot  S   0.1000
        68  -0.631704  34.80356  0.67606  0.537E-07  0.106E-04  pot  S   0.1000
        69  -0.631704  34.80348  0.67607  0.480E-07  0.948E-05  pot  S   0.1000
        70  -0.631704  34.80341  0.67607  0.429E-07  0.849E-05  pot  S   0.1000
        71  -0.631703  34.80334  0.67608  0.383E-07  0.761E-05  pot  S   0.1000
        72  -0.631703  34.80329  0.67608  0.343E-07  0.683E-05  pot  S   0.1000
        73  -0.631703  34.80324  0.67608  0.306E-07  0.612E-05  pot  S   0.1000
        74  -0.631703  34.80320  0.67609  0.274E-07  0.548E-05  pot  S   0.1000
        75  -0.631703  34.80316  0.67609  0.245E-07  0.492E-05  pot  S   0.1000
        76  -0.631703  34.80313  0.67609  0.219E-07  0.441E-05  pot  S   0.1000
        77  -0.631703  34.80310  0.67609  0.196E-07  0.395E-05  pot  S   0.1000
        78  -0.631702  34.80307  0.67609  0.175E-07  0.354E-05  pot  S   0.1000
        79  -0.631702  34.80305  0.67610  0.157E-07  0.317E-05  pot  S   0.1000
        80  -0.631702  34.80303  0.67610  0.140E-07  0.284E-05  pot  S   0.1000
        81  -0.631702  34.80301  0.67610  0.125E-07  0.255E-05  pot  S   0.1000
        82  -0.631702  34.80300  0.67610  0.112E-07  0.229E-05  pot  S   0.1000
        83  -0.631702  34.80298  0.67610  0.100E-07  0.205E-05  pot  S   0.1000
        84  -0.631702  34.80297  0.67610  0.897E-08  0.184E-05  pot  S   0.1000
        85  -0.631702  34.80296  0.67610  0.803E-08  0.165E-05  pot  S   0.1000
        86  -0.631702  34.80295  0.67610  0.718E-08  0.148E-05  pot  S   0.1000
        87  -0.631702  34.80294  0.67611  0.643E-08  0.132E-05  pot  S   0.1000
        88  -0.631702  34.80293  0.67611  0.575E-08  0.119E-05  pot  S   0.1000
        89  -0.631702  34.80293  0.67611  0.515E-08  0.106E-05  pot  S   0.1000
        90  -0.631702  34.80292  0.67611  0.461E-08  0.955E-06  pot  S   0.1000
        91  -0.631702  34.80292  0.67611  0.412E-08  0.855E-06  pot  S   0.1000
        92  -0.631702  34.80291  0.67611  0.369E-08  0.768E-06  pot  S   0.1000
        93  -0.631702  34.80291  0.67611  0.330E-08  0.688E-06  pot  S   0.1000
        94  -0.631702  34.80290  0.67611  0.296E-08  0.616E-06  pot  S   0.1000
        95  -0.631702  34.80290  0.67611  0.265E-08  0.554E-06  pot  S   0.1000
        96  -0.631702  34.80290  0.67611  0.237E-08  0.496E-06  pot  S   0.1000
        97  -0.631702  34.80290  0.67611  0.212E-08  0.445E-06  pot  S   0.1000
        98  -0.631702  34.80289  0.67611  0.190E-08  0.399E-06  pot  S   0.1000
        99  -0.631702  34.80289  0.67611  0.170E-08  0.357E-06  pot  S   0.1000
       100  -0.631702  34.80289  0.67611  0.152E-08  0.320E-06  pot  S   0.1000
       101  -0.631702  34.80289  0.67611  0.136E-08  0.287E-06  pot  S   0.1000
       102  -0.631702  34.80289  0.67611  0.122E-08  0.259E-06  pot  S   0.1000
       103  -0.631702  34.80289  0.67611  0.109E-08  0.231E-06  pot  S   0.1000
**     104  -0.632321  34.97797  0.67360  0.259E-03  0.564E-02  pot  B   0.1000
       105  -0.627596  33.83870  0.68152  0.328E-03  0.163E-02  pot  B   0.1000
       106  -0.630222  34.40331  0.67758  0.139E-03  0.654E-03  pot  B   0.1000
       107  -0.631426  34.72468  0.67606  0.767E-04  0.140E-03  pot  B   0.1000
       108  -0.631416  34.72282  0.67626  0.551E-06  0.142E-03  pot  B   0.1000
       109  -0.631349  34.71056  0.67662  0.310E-05  0.165E-03  pot  B   0.1000
       110  -0.631303  34.70757  0.67703  0.241E-05  0.198E-03  pot  B   0.1000
       111  -0.631295  34.70574  0.67697  0.446E-06  0.202E-03  pot  B   0.1000
       112  -0.631281  34.70202  0.67702  0.930E-06  0.210E-03  pot  B   0.1000
       113  -0.631287  34.70335  0.67700  0.343E-06  0.207E-03  pot  B   0.1000
       114  -0.631329  34.71320  0.67691  0.254E-05  0.186E-03  pot  B   0.1000
       115  -0.631438  34.73906  0.67668  0.666E-05  0.133E-03  pot  B   0.1000
       116  -0.631487  34.75089  0.67657  0.304E-05  0.108E-03  pot  B   0.1000
       117  -0.631519  34.75855  0.67650  0.197E-05  0.923E-04  pot  B   0.1000
       118  -0.631599  34.77768  0.67633  0.492E-05  0.525E-04  pot  B   0.1000
       119  -0.631701  34.80271  0.67611  0.643E-05  0.422E-06  pot  B   0.1000
       120  -0.631702  34.80289  0.67611  0.447E-07  0.127E-06  pot  B   0.1000
       121  -0.631703  34.80311  0.67611  0.561E-07  0.488E-06  pot  B   0.1000
       122  -0.631703  34.80316  0.67611  0.121E-07  0.559E-06  pot  B   0.1000
       123  -0.631702  34.80294  0.67611  0.556E-07  0.112E-06  pot  B   0.1000
       124  -0.631702  34.80286  0.67611  0.204E-07  0.518E-07  pot  B   0.1000
       125  -0.631702  34.80288  0.67611  0.658E-08  0.345E-07  pot  B   0.1000
       126  -0.631702  34.80288  0.67611  0.807E-10  0.144E-07  pot  B   0.1000
