Source Code Version           : : v1.3.4                                        
System Description            : Cu, fcc structure                               
Number of Atoms in Unit Cell  : 1                                               
Number of Atomic Species      : 1                                               
Number of Atoms in Each Type  : 1(Cu)                                           
Unit Cell Volume (au^3)       : 0.71874000D+02                                  
Average Atomic Volume (au^3)  : 71.87400                                        
Energy Offset                 : -3275                                           
=======================================================================================
    Iter     Energy      3PV     Efermi   Rms_rho    Rms_pot   Mix  Alg  Alpha 
---------------------------------------------------------------------------------------
**       1  -0.770945   0.10713  0.69569  0.383E-03  0.133E-01  pot  B   0.1000
         2  -0.782012  -0.21916  0.71918  0.129E-03  0.116E-01  pot  B   0.1000
         3  -0.829671   0.11414  0.81610  0.445E-03  0.143E-02  pot  B   0.1000
         4  -0.743247   2.80196  0.77630  0.104E-02  0.509E-02  pot  B   0.1000
         5  -0.792671   0.13642  0.78563  0.785E-03  0.171E-03  pot  B   0.1000
         6  -0.780431   0.54290  0.79613  0.156E-03  0.928E-03  pot  B   0.1000
         7  -0.773926   0.68657  0.79360  0.693E-04  0.128E-02  pot  B   0.1000
         8  -0.773814   0.75604  0.79412  0.186E-04  0.142E-02  pot  B   0.1000
         9  -0.767044   1.36330  0.78605  0.172E-03  0.286E-02  pot  B   0.1000
        10  -0.772480   1.35672  0.78684  0.471E-04  0.284E-02  pot  B   0.1000
        11  -0.780464   0.59118  0.80051  0.219E-03  0.109E-02  pot  B   0.1000
        12  -0.774034   0.52647  0.79409  0.600E-04  0.925E-03  pot  B   0.1000
        13  -0.780250   0.13755  0.80301  0.121E-03  0.548E-04  pot  B   0.1000
        14  -0.773078   0.37653  0.79313  0.857E-04  0.583E-03  pot  B   0.1000
        15  -0.777266   0.11601  0.80541  0.933E-04  0.107E-03  pot  B   0.1000
        16  -0.763639   0.54096  0.79898  0.159E-03  0.926E-03  pot  B   0.1000
        17  -0.768087   0.22024  0.79957  0.105E-03  0.228E-03  pot  B   0.1000
        18  -0.768426   0.28535  0.79838  0.181E-04  0.371E-03  pot  B   0.1000
        19  -0.768709   0.30812  0.79858  0.662E-05  0.422E-03  pot  B   0.1000
        20  -0.768407   0.30675  0.79857  0.964E-06  0.418E-03  pot  B   0.1000
        21  -0.768411   0.30375  0.79858  0.985E-06  0.414E-03  pot  B   0.1000
        22  -0.766255   0.31070  0.79836  0.570E-05  0.431E-03  pot  B   0.1000
        23  -0.770721   0.23925  0.79938  0.198E-04  0.275E-03  pot  B   0.1000
        24  -0.771762   0.25230  0.79926  0.541E-05  0.301E-03  pot  B   0.1000
        25  -0.771861   0.23953  0.79950  0.363E-05  0.269E-03  pot  B   0.1000
        26  -0.771840   0.23689  0.79947  0.106E-05  0.265E-03  pot  B   0.1000
        27  -0.772425   0.21956  0.79973  0.457E-05  0.226E-03  pot  B   0.1000
        28  -0.774477   0.09431  0.80118  0.336E-04  0.592E-04  pot  B   0.1000
        29  -0.774363   0.10855  0.80104  0.411E-05  0.419E-04  pot  B   0.1000
        30  -0.774336   0.11422  0.80101  0.186E-05  0.398E-04  pot  B   0.1000
        31  -0.774309   0.11655  0.80098  0.211E-05  0.452E-04  pot  B   0.1000
        32  -0.774380   0.10950  0.80107  0.325E-05  0.580E-04  pot  B   0.1000
        33  -0.773602   0.11796  0.80112  0.488E-05  0.471E-04  pot  B   0.1000
        34  -0.769990   0.18221  0.80165  0.227E-04  0.114E-03  pot  B   0.1000
**      35  -0.771709   0.10185  0.69558  0.384E-03  0.334E-02  pot  B   0.1000
        36  -0.771691   0.12241  0.69522  0.542E-05  0.301E-02  pot  B   0.1000
        37  -0.771551   0.20728  0.69466  0.224E-04  0.133E-03  pot  B   0.1000
        38  -0.771552   0.17300  0.69483  0.864E-05  0.722E-04  pot  B   0.1000
        39  -0.771551   0.15539  0.69496  0.444E-05  0.407E-04  pot  B   0.1000
        40  -0.771550   0.14008  0.69507  0.389E-05  0.130E-04  pot  B   0.1000
        41  -0.771550   0.13688  0.69514  0.128E-05  0.134E-05  pot  B   0.1000
        42  -0.771549   0.13666  0.69515  0.528E-07  0.140E-05  pot  B   0.1000
        43  -0.771551   0.13626  0.69515  0.109E-06  0.548E-06  pot  B   0.1000
        44  -0.771549   0.13652  0.69515  0.690E-07  0.124E-06  pot  B   0.1000
        45  -0.771548   0.13654  0.69515  0.280E-07  0.199E-06  pot  B   0.1000
        46  -0.771545   0.13653  0.69515  0.955E-07  0.552E-06  pot  B   0.1000
        47  -0.771545   0.13653  0.69515  0.819E-07  0.268E-06  pot  B   0.1000
        48  -0.771539   0.13657  0.69515  0.141E-06  0.811E-06  pot  B   0.1000
        49  -0.771547   0.13659  0.69515  0.222E-06  0.216E-06  pot  B   0.1000
        50  -0.771547   0.13649  0.69515  0.398E-07  0.848E-07  pot  B   0.1000
        51  -0.771546   0.13651  0.69515  0.428E-08  0.799E-07  pot  B   0.1000
        52  -0.771540   0.13650  0.69515  0.191E-06  0.823E-06  pot  B   0.1000
        53  -0.771538   0.13650  0.69515  0.617E-07  0.107E-05  pot  B   0.1000
        54  -0.771538   0.13650  0.69515  0.807E-08  0.104E-05  pot  B   0.1000
        55  -0.771539   0.13651  0.69515  0.625E-07  0.794E-06  pot  B   0.1000
        56  -0.771535   0.13651  0.69515  0.120E-06  0.127E-05  pot  B   0.1000
**      57  -0.773882   0.12496  0.69318  0.385E-03  0.334E-02  pot  B   0.1000
        58  -0.773866   0.12715  0.69317  0.578E-06  0.301E-02  pot  B   0.1000
        59  -0.773726   0.13891  0.69317  0.340E-05  0.214E-04  pot  B   0.1000
        60  -0.773725   0.13410  0.69321  0.122E-05  0.127E-04  pot  B   0.1000
        61  -0.773725   0.13161  0.69322  0.635E-06  0.815E-05  pot  B   0.1000
        62  -0.773724   0.12728  0.69326  0.113E-05  0.308E-05  pot  B   0.1000
        63  -0.773723   0.12964  0.69326  0.540E-06  0.363E-06  pot  B   0.1000
        64  -0.773724   0.12918  0.69326  0.110E-06  0.754E-06  pot  B   0.1000
        65  -0.773726   0.12925  0.69326  0.563E-07  0.128E-06  pot  B   0.1000
        66  -0.773725   0.12924  0.69326  0.458E-08  0.941E-07  pot  B   0.1000
