System Description            : Cu, fcc structure                               
Number of Atoms in Unit Cell  : 1                                               
Number of Atomic Species      : 1                                               
Number of Atoms in Each Type  : 1(Cu)                                           
Energy Offset                 : -3275                                           
=======================================================================================
    Iter     Energy      3PV     Efermi   Rms_rho    Rms_pot   Mix  Alg  Alpha 
---------------------------------------------------------------------------------------
**       1  -0.769506   0.07330  0.65327  0.223E-03  0.648E-02  pot  B   0.1000
         2  -0.768968  -0.19824  0.65217  0.145E-03  0.347E-03  pot  B   0.1000
         3  -0.769006  -0.09191  0.65137  0.254E-04  0.185E-03  pot  B   0.1000
         4  -0.769026   0.02543  0.65070  0.280E-04  0.792E-04  pot  B   0.1000
         5  -0.769024   0.03271  0.65097  0.412E-05  0.630E-05  pot  B   0.1000
         6  -0.769023   0.03281  0.65101  0.103E-06  0.554E-05  pot  B   0.1000
         7  -0.769023   0.03155  0.65099  0.358E-06  0.156E-05  pot  B   0.1000
         8  -0.769024   0.03421  0.65097  0.690E-06  0.500E-05  pot  B   0.1000
         9  -0.769024   0.03200  0.65098  0.566E-06  0.514E-06  pot  B   0.1000
        10  -0.769023   0.03180  0.65098  0.519E-07  0.105E-06  pot  B   0.1000
        11  -0.769023   0.03169  0.65098  0.281E-07  0.123E-06  pot  B   0.1000
        12  -0.769023   0.03175  0.65098  0.137E-07  0.481E-08  pot  B   0.1000
        13  -0.769023   0.03175  0.65098  0.357E-09  0.420E-08  pot  B   0.1000
**      14  -0.769506   0.07330  0.65327  0.223E-03  0.648E-02  pot  B   0.1000
        15  -0.771060  -0.23540  0.65181  0.877E-04  0.442E-03  pot  B   0.1000
        16  -0.771112  -0.11342  0.65045  0.293E-04  0.235E-03  pot  B   0.1000
        17  -0.771142   0.02120  0.64902  0.324E-04  0.182E-04  pot  B   0.1000
        18  -0.771136   0.02190  0.64693  0.174E-05  0.747E-05  pot  B   0.1000
        19  -0.771119   0.03279  0.64623  0.361E-05  0.263E-04  pot  B   0.1000
        20  -0.771119   0.05373  0.64643  0.552E-05  0.655E-04  pot  B   0.1000
        21  -0.771116   0.03033  0.64653  0.602E-05  0.186E-04  pot  B   0.1000
        22  -0.771115   0.02346  0.64654  0.178E-05  0.484E-05  pot  B   0.1000
        23  -0.771115   0.02307  0.64654  0.101E-06  0.408E-05  pot  B   0.1000
        24  -0.771115   0.02192  0.64655  0.298E-06  0.173E-05  pot  B   0.1000
        25  -0.771115   0.02106  0.64655  0.221E-06  0.105E-07  pot  B   0.1000
        26  -0.771115   0.02104  0.64655  0.591E-08  0.360E-07  pot  B   0.1000
        27  -0.771115   0.02104  0.64655  0.372E-09  0.387E-07  pot  B   0.1000
        28  -0.771115   0.02104  0.64655  0.102E-08  0.304E-07  pot  B   0.1000
        29  -0.771115   0.02106  0.64655  0.333E-08  0.558E-08  pot  B   0.1000
**      30  -0.769506   0.07330  0.65327  0.223E-03  0.648E-02  pot  B   0.1000
        31  -0.769496  -0.22094  0.65194  0.147E-03  0.384E-03  pot  B   0.1000
        32  -0.769541  -0.10430  0.65086  0.279E-04  0.200E-03  pot  B   0.1000
        33  -0.769564   0.02319  0.64999  0.306E-04  0.674E-04  pot  B   0.1000
        34  -0.769558   0.02914  0.64954  0.362E-05  0.719E-05  pot  B   0.1000
        35  -0.769558   0.02903  0.64904  0.318E-06  0.311E-05  pot  B   0.1000
        36  -0.769558   0.02851  0.64835  0.212E-06  0.121E-05  pot  B   0.1000
        37  -0.769556   0.02913  0.64727  0.201E-06  0.136E-05  pot  B   0.1000
        38  -0.769552   0.02890  0.64542  0.713E-07  0.738E-06  pot  B   0.1000
        39  -0.769544   0.02993  0.64272  0.293E-06  0.268E-05  pot  B   0.1000
        40  -0.769535   0.03461  0.64137  0.140E-05  0.117E-04  pot  B   0.1000
        41  -0.769537   0.03893  0.64182  0.134E-05  0.202E-04  pot  B   0.1000
        42  -0.769536   0.03747  0.64174  0.445E-06  0.173E-04  pot  B   0.1000
        43  -0.769537   0.03771  0.64176  0.773E-07  0.178E-04  pot  B   0.1000
        44  -0.769537   0.03758  0.64176  0.379E-07  0.175E-04  pot  B   0.1000
        45  -0.769537   0.03743  0.64176  0.363E-07  0.172E-04  pot  B   0.1000
        46  -0.769537   0.03733  0.64176  0.281E-07  0.170E-04  pot  B   0.1000
        47  -0.769536   0.03700  0.64176  0.843E-07  0.163E-04  pot  B   0.1000
        48  -0.769536   0.03644  0.64176  0.144E-06  0.152E-04  pot  B   0.1000
        49  -0.769536   0.03703  0.64176  0.153E-06  0.164E-04  pot  B   0.1000
        50  -0.769537   0.03905  0.64175  0.521E-06  0.205E-04  pot  B   0.1000
        51  -0.769537   0.03971  0.64175  0.174E-06  0.218E-04  pot  B   0.1000
        52  -0.769537   0.03939  0.64175  0.824E-07  0.212E-04  pot  B   0.1000
        53  -0.769536   0.03467  0.64178  0.122E-05  0.116E-04  pot  B   0.1000
        54  -0.769535   0.03065  0.64180  0.104E-05  0.346E-05  pot  B   0.1000
        55  -0.769534   0.02956  0.64180  0.283E-06  0.128E-05  pot  B   0.1000
        56  -0.769534   0.02907  0.64180  0.126E-06  0.303E-06  pot  B   0.1000
        57  -0.769535   0.02890  0.64180  0.438E-07  0.696E-07  pot  B   0.1000
        58  -0.769535   0.02890  0.64180  0.876E-09  0.610E-07  pot  B   0.1000
        59  -0.769535   0.02891  0.64180  0.215E-08  0.415E-07  pot  B   0.1000
        60  -0.769536   0.02891  0.64180  0.126E-08  0.293E-07  pot  B   0.1000
        61  -0.769536   0.02892  0.64180  0.412E-08  0.558E-08  pot  B   0.1000
        62  -0.769536   0.02891  0.64180  0.309E-08  0.239E-07  pot  B   0.1000
