System Description            : Mo, BCC structure                               
Number of Atoms in Unit Cell  : 1                                               
Number of Atomic Species      : 1                                               
Number of Atoms in Each Type  : 1(Mo)                                           
Energy Offset                 : -7946                                           
=======================================================================================
    Iter     Energy      3PV     Efermi   Rms_rho    Rms_pot   Mix  Alg  Alpha 
---------------------------------------------------------------------------------------
**       1  -0.625782  -0.05906  0.78696  0.493E-03  0.557E-02  pot  B   0.1000
         2  -0.621799  -0.03184  0.78592  0.922E-04  0.211E-03  pot  B   0.1000
         3  -0.621802  -0.03820  0.78616  0.129E-05  0.180E-03  pot  B   0.1000
         4  -0.621818  -0.05549  0.78693  0.406E-05  0.817E-04  pot  B   0.1000
         5  -0.621818  -0.04664  0.78743  0.282E-05  0.167E-04  pot  B   0.1000
         6  -0.621813  -0.04289  0.78741  0.576E-06  0.130E-04  pot  B   0.1000
         7  -0.621812  -0.04474  0.78750  0.527E-06  0.104E-05  pot  B   0.1000
         8  -0.621811  -0.04472  0.78750  0.305E-07  0.292E-06  pot  B   0.1000
         9  -0.621811  -0.04463  0.78750  0.139E-07  0.547E-07  pot  B   0.1000
        10  -0.621811  -0.04463  0.78750  0.197E-09  0.430E-07  pot  B   0.1000
        11  -0.621811  -0.04463  0.78750  0.144E-08  0.252E-07  pot  B   0.1000
        12  -0.621811  -0.04463  0.78750  0.578E-09  0.172E-07  pot  B   0.1000
        13  -0.621811  -0.04463  0.78750  0.109E-09  0.303E-07  pot  B   0.1000
        14  -0.621811  -0.04463  0.78750  0.315E-11  0.193E-07  pot  B   0.1000
        15  -0.621811  -0.04463  0.78750  0.623E-11  0.108E-07  pot  B   0.1000
        16  -0.621811  -0.04463  0.78750  0.716E-11  0.310E-07  pot  B   0.1000
        17  -0.621811  -0.04463  0.78750  0.893E-11  0.311E-07  pot  B   0.1000
        18  -0.621811  -0.04463  0.78750  0.229E-11  0.722E-07  pot  B   0.1000
        19  -0.621811  -0.04463  0.78750  0.128E-10  0.728E-07  pot  B   0.1000
        20  -0.621811  -0.04463  0.78750  0.166E-10  0.307E-07  pot  B   0.1000
        21  -0.621811  -0.04463  0.78750  0.342E-10  0.316E-07  pot  B   0.1000
        22  -0.621811  -0.04463  0.78750  0.312E-10  0.728E-07  pot  B   0.1000
        23  -0.621811  -0.04463  0.78750  0.126E-10  0.723E-07  pot  B   0.1000
        24  -0.621811  -0.04463  0.78750  0.882E-11  0.318E-07  pot  B   0.1000
        25  -0.621811  -0.04463  0.78750  0.990E-11  0.320E-07  pot  B   0.1000
        26  -0.621811  -0.04463  0.78750  0.357E-10  0.323E-07  pot  B   0.1000
        27  -0.621811  -0.04463  0.78750  0.293E-10  0.723E-07  pot  B   0.1000
        28  -0.621811  -0.04463  0.78750  0.509E-10  0.721E-07  pot  B   0.1000
        29  -0.621811  -0.04463  0.78750  0.261E-09  0.723E-07  pot  B   0.1000
        30  -0.621811  -0.04463  0.78750  0.339E-09  0.341E-07  pot  B   0.1000
        31  -0.621811  -0.04462  0.78750  0.478E-10  0.320E-07  pot  B   0.1000
        32  -0.621811  -0.04462  0.78750  0.646E-10  0.315E-07  pot  B   0.1000
        33  -0.621811  -0.04463  0.78750  0.219E-09  0.745E-07  pot  B   0.1000
        34  -0.621811  -0.04463  0.78750  0.800E-10  0.310E-07  pot  B   0.1000
        35  -0.621811  -0.04462  0.78750  0.292E-09  0.747E-07  pot  B   0.1000
        36  -0.621811  -0.04462  0.78750  0.111E-09  0.722E-07  pot  B   0.1000
        37  -0.621811  -0.04463  0.78750  0.663E-09  0.309E-07  pot  B   0.1000
        38  -0.621811  -0.04462  0.78750  0.221E-09  0.315E-07  pot  B   0.1000
        39  -0.621811  -0.04462  0.78750  0.272E-10  0.333E-07  pot  B   0.1000
        40  -0.621811  -0.04462  0.78750  0.749E-11  0.319E-07  pot  B   0.1000
**      41  -0.621811  -0.04463  0.78750  0.550E-03  0.319E-07  pot  B   0.1000
        42  -0.621811  -0.04462  0.78750  0.390E-09  0.311E-08  pot  B   0.1000
        43  -0.621811  -0.04462  0.78750  0.460E-10  0.212E-07  pot  B   0.1000
        44  -0.621811  -0.04462  0.78750  0.401E-10  0.128E-07  pot  B   0.1000
        45  -0.621811  -0.04463  0.78750  0.972E-10  0.146E-07  pot  B   0.1000
        46  -0.621811  -0.04463  0.78750  0.198E-10  0.631E-08  pot  B   0.1000
**      47  -0.627957  -0.15996  0.78709  0.535E-03  0.246E-03  pot  B   0.1000
        48  -0.627950  -0.13672  0.78679  0.282E-05  0.198E-03  pot  B   0.1000
        49  -0.627926  -0.06818  0.78585  0.855E-05  0.533E-04  pot  B   0.1000
        50  -0.627914  -0.07464  0.78558  0.213E-05  0.121E-04  pot  B   0.1000
        51  -0.627914  -0.07452  0.78557  0.861E-07  0.101E-04  pot  B   0.1000
        52  -0.627912  -0.07507  0.78555  0.379E-06  0.100E-05  pot  B   0.1000
        53  -0.627912  -0.07509  0.78555  0.573E-08  0.826E-06  pot  B   0.1000
        54  -0.627912  -0.07509  0.78555  0.996E-08  0.228E-06  pot  B   0.1000
        55  -0.627912  -0.07509  0.78555  0.338E-08  0.219E-07  pot  B   0.1000
        56  -0.627912  -0.07509  0.78555  0.121E-09  0.183E-07  pot  B   0.1000
        57  -0.627912  -0.07509  0.78555  0.108E-08  0.351E-07  pot  B   0.1000
        58  -0.627912  -0.07509  0.78555  0.116E-12  0.451E-07  pot  B   0.1000
        59  -0.627912  -0.07509  0.78555  0.498E-10  0.244E-07  pot  B   0.1000
        60  -0.627912  -0.07509  0.78555  0.143E-09  0.457E-07  pot  B   0.1000
        61  -0.627912  -0.07509  0.78555  0.956E-11  0.150E-08  pot  B   0.1000
**      62  -0.622840  -0.04565  0.78750  0.550E-03  0.218E-04  pot  B   0.1000
        63  -0.622841  -0.04654  0.78752  0.132E-06  0.185E-04  pot  B   0.1000
        64  -0.622843  -0.04921  0.78761  0.429E-06  0.757E-05  pot  B   0.1000
        65  -0.622844  -0.04836  0.78766  0.178E-06  0.187E-05  pot  B   0.1000
        66  -0.622844  -0.04830  0.78766  0.104E-07  0.148E-05  pot  B   0.1000
        67  -0.622844  -0.04817  0.78767  0.399E-07  0.110E-06  pot  B   0.1000
        68  -0.622844  -0.04817  0.78767  0.957E-09  0.774E-07  pot  B   0.1000
        69  -0.622844  -0.04816  0.78767  0.317E-08  0.382E-08  pot  B   0.1000
        70  -0.622844  -0.04816  0.78767  0.239E-10  0.218E-07  pot  B   0.1000
        71  -0.622844  -0.04816  0.78767  0.677E-11  0.498E-08  pot  B   0.1000
