Atom: Nb, Spin: 1, Partial Phase Shift and DOS at Energy =    0.47283191
Total DOS in Cell and MT Volumes =   38.18639493  33.43568235
==========================================================================
  l     m         Partial_Phase         Partial_DOS         Partial_DOS_MT
  0     0          -0.60230016           1.11254877           0.76218447
  1    -1          -0.18862342           0.53647580           0.29780984
  1     0          -0.18862342           0.53647580           0.29780984
  1     1          -0.18862342           0.53647580           0.29780984
  2    -2           1.11087282           7.06621312           6.34588175
  2    -1           1.11087282           7.06621312           6.34588175
  2     0           1.11087282           7.06621312           6.34588175
  2     1           1.11087282           7.06621312           6.34588175
  2     2           1.11087282           7.06621312           6.34588175
  3    -3           0.00387803           0.01787471           0.00693907
  3    -2           0.00387803           0.01787471           0.00693907
  3    -1           0.00387803           0.01787471           0.00693907
  3     0           0.00387803           0.01787471           0.00693907
  3     1           0.00387803           0.01787471           0.00693907
  3     2           0.00387803           0.01787471           0.00693907
  3     3           0.00387803           0.01787471           0.00693907
  4    -4           0.00010615           0.00091446           0.00023179
  4    -3           0.00010615           0.00091446           0.00023179
  4    -2           0.00010615           0.00091446           0.00023179
  4    -1           0.00010615           0.00091446           0.00023179
  4     0           0.00010615           0.00091446           0.00023179
  4     1           0.00010615           0.00091446           0.00023179
  4     2           0.00010615           0.00091446           0.00023179
  4     3           0.00010615           0.00091446           0.00023179
  4     4           0.00010615           0.00091446           0.00023179
Atom: V , Spin: 1, Partial Phase Shift and DOS at Energy =    0.47283191
Total DOS in Cell and MT Volumes =   57.58067722  53.16856128
==========================================================================
  l     m         Partial_Phase         Partial_DOS         Partial_DOS_MT
  0     0          -0.50217298           1.28776991           0.94040764
  1    -1          -0.09763706           0.67211373           0.39573860
  1     0          -0.09763706           0.67211373           0.39573860
  1     1          -0.09763706           0.67211373           0.39573860
  2    -2           0.85411400          10.83236877          10.20043613
  2    -1           0.85411400          10.83236877          10.20043613
  2     0           0.85411400          10.83236877          10.20043613
  2     1           0.85411400          10.83236877          10.20043613
  2     2           0.85411400          10.83236877          10.20043613
  3    -3           0.00078211           0.01526965           0.00527048
  3    -2           0.00078211           0.01526965           0.00527048
  3    -1           0.00078211           0.01526965           0.00527048
  3     0           0.00078211           0.01526965           0.00527048
  3     1           0.00078211           0.01526965           0.00527048
  3     2           0.00078211           0.01526965           0.00527048
  3     3           0.00078211           0.01526965           0.00527048
  4    -4           0.00001049           0.00087052           0.00020710
  4    -3           0.00001049           0.00087052           0.00020710
  4    -2           0.00001049           0.00087052           0.00020710
  4    -1           0.00001049           0.00087052           0.00020710
  4     0           0.00001049           0.00087052           0.00020710
  4     1           0.00001049           0.00087052           0.00020710
  4     2           0.00001049           0.00087052           0.00020710
  4     3           0.00001049           0.00087052           0.00020710
  4     4           0.00001049           0.00087052           0.00020710
