DOS Data: Atom #  12
--------------------------------
Fermi energy:  0.65120595                                   
LIZ Radius: 12.05235558                                     
Num Energy Points:   500                                    
--------------------------------
        Energy           DOS
     -0.400000      0.517450E-01
     -0.397194      0.523186E-01
     -0.394389      0.529026E-01
     -0.391583      0.534972E-01
     -0.388778      0.541027E-01
     -0.385972      0.547194E-01
     -0.383166      0.553475E-01
     -0.380361      0.559873E-01
     -0.377555      0.566392E-01
     -0.374749      0.573034E-01
     -0.371944      0.579803E-01
     -0.369138      0.586701E-01
     -0.366333      0.593733E-01
     -0.363527      0.600902E-01
     -0.360721      0.608211E-01
     -0.357916      0.615665E-01
     -0.355110      0.623266E-01
     -0.352305      0.631021E-01
     -0.349499      0.638931E-01
     -0.346693      0.647003E-01
     -0.343888      0.655240E-01
     -0.341082      0.663647E-01
     -0.338277      0.672229E-01
     -0.335471      0.680990E-01
     -0.332665      0.689937E-01
     -0.329860      0.699074E-01
     -0.327054      0.708407E-01
     -0.324248      0.717942E-01
     -0.321443      0.727685E-01
     -0.318637      0.737642E-01
     -0.315832      0.747819E-01
     -0.313026      0.758224E-01
     -0.310220      0.768863E-01
     -0.307415      0.779743E-01
     -0.304609      0.790873E-01
     -0.301804      0.802259E-01
     -0.298998      0.813911E-01
     -0.296192      0.825837E-01
     -0.293387      0.838045E-01
     -0.290581      0.850545E-01
     -0.287776      0.863347E-01
     -0.284970      0.876461E-01
     -0.282164      0.889896E-01
     -0.279359      0.903665E-01
     -0.276553      0.917779E-01
     -0.273747      0.932248E-01
     -0.270942      0.947088E-01
     -0.268136      0.962309E-01
     -0.265331      0.977926E-01
     -0.262525      0.993953E-01
     -0.259719      0.101041E+00
     -0.256914      0.102730E+00
     -0.254108      0.104465E+00
     -0.251303      0.106248E+00
     -0.248497      0.108079E+00
     -0.245691      0.109962E+00
     -0.242886      0.111899E+00
     -0.240080      0.113890E+00
     -0.237275      0.115939E+00
     -0.234469      0.118048E+00
     -0.231663      0.120220E+00
     -0.228858      0.122456E+00
     -0.226052      0.124760E+00
     -0.223246      0.127134E+00
     -0.220441      0.129582E+00
     -0.217635      0.132107E+00
     -0.214830      0.134712E+00
     -0.212024      0.137401E+00
     -0.209218      0.140178E+00
     -0.206413      0.143047E+00
     -0.203607      0.146012E+00
     -0.200802      0.149078E+00
     -0.197996      0.152250E+00
     -0.195190      0.155533E+00
     -0.192385      0.158933E+00
     -0.189579      0.162455E+00
     -0.186774      0.166108E+00
     -0.183968      0.169896E+00
     -0.181162      0.173829E+00
     -0.178357      0.177914E+00
     -0.175551      0.182160E+00
     -0.172745      0.186576E+00
     -0.169940      0.191173E+00
     -0.167134      0.195963E+00
     -0.164329      0.200957E+00
     -0.161523      0.206169E+00
     -0.158717      0.211614E+00
     -0.155912      0.217309E+00
     -0.153106      0.223272E+00
     -0.150301      0.229523E+00
     -0.147495      0.236086E+00
     -0.144689      0.242986E+00
     -0.141884      0.250252E+00
     -0.139078      0.257918E+00
     -0.136273      0.266023E+00
     -0.133467      0.274612E+00
     -0.130661      0.283736E+00
     -0.127856      0.293459E+00
     -0.125050      0.303855E+00
     -0.122244      0.315015E+00
     -0.119439      0.327051E+00
     -0.116633      0.340103E+00
     -0.113828      0.354351E+00
     -0.111022      0.370026E+00
     -0.108216      0.387437E+00
     -0.105411      0.407007E+00
     -0.102605      0.429326E+00
     -0.099800      0.455247E+00
     -0.096994      0.486052E+00
     -0.094188      0.523743E+00
     -0.091383      0.571611E+00
     -0.088577      0.635395E+00
     -0.085772      0.725852E+00
     -0.082966      0.865076E+00
     -0.080160      0.110412E+01
     -0.077355      0.158050E+01
     -0.074549      0.273876E+01
     -0.071743      0.598582E+01
     -0.068938      0.839355E+01
     -0.066132      0.412256E+01
     -0.063327      0.217727E+01
     -0.060521      0.149699E+01
     -0.057715      0.122316E+01
     -0.054910      0.110775E+01
     -0.052104      0.106875E+01
     -0.049299      0.107596E+01
     -0.046493      0.112063E+01
     -0.043687      0.120972E+01
     -0.040882      0.137793E+01
     -0.038076      0.174767E+01
     -0.035271      0.265236E+01
     -0.032465      0.312362E+01
     -0.029659      0.286340E+01
     -0.026854      0.226434E+01
     -0.024048      0.198893E+01
     -0.021242      0.200124E+01
     -0.018437      0.214196E+01
     -0.015631      0.237753E+01
     -0.012826      0.272443E+01
     -0.010020      0.324604E+01
     -0.007214      0.411098E+01
     -0.004409      0.582710E+01
     -0.001603      0.947202E+01
      0.001202      0.119341E+02
      0.004008      0.155688E+02
      0.006814      0.223117E+02
      0.009619      0.279770E+02
      0.012425      0.284618E+02
      0.015230      0.289409E+02
      0.018036      0.362883E+02
      0.020842      0.439137E+02
      0.023647      0.499813E+02
      0.026453      0.522831E+02
      0.029259      0.498611E+02
      0.032064      0.465278E+02
      0.034870      0.434267E+02
      0.037675      0.405511E+02
      0.040481      0.436911E+02
      0.043287      0.505311E+02
      0.046092      0.566533E+02
      0.048898      0.694338E+02
      0.051703      0.768772E+02
      0.054509      0.821386E+02
      0.057315      0.939169E+02
      0.060120      0.109611E+03
      0.062926      0.126585E+03
      0.065731      0.122511E+03
      0.068537      0.117586E+03
      0.071343      0.121458E+03
      0.074148      0.125337E+03
      0.076954      0.136968E+03
      0.079760      0.156335E+03
      0.082565      0.173699E+03
      0.085371      0.184379E+03
      0.088176      0.184407E+03
      0.090982      0.162859E+03
      0.093788      0.138148E+03
      0.096593      0.118697E+03
      0.099399      0.941007E+02
      0.102204      0.812290E+02
      0.105010      0.758703E+02
      0.107816      0.531015E+02
      0.110621      0.323829E+02
      0.113427      0.221015E+02
      0.116232      0.167728E+02
      0.119038      0.136151E+02
      0.121844      0.115439E+02
      0.124649      0.100859E+02
      0.127455      0.900714E+01
      0.130261      0.817913E+01
      0.133066      0.752576E+01
      0.135872      0.699895E+01
      0.138677      0.656682E+01
      0.141483      0.620738E+01
      0.144289      0.590494E+01
      0.147094      0.564803E+01
      0.149900      0.542803E+01
      0.152705      0.523836E+01
      0.155511      0.507390E+01
      0.158317      0.493063E+01
      0.161122      0.480532E+01
      0.163928      0.469537E+01
      0.166733      0.459866E+01
      0.169539      0.451345E+01
      0.172345      0.443829E+01
      0.175150      0.437196E+01
      0.177956      0.431345E+01
      0.180762      0.426190E+01
      0.183567      0.421657E+01
      0.186373      0.417684E+01
      0.189178      0.414215E+01
      0.191984      0.411206E+01
      0.194790      0.408616E+01
      0.197595      0.406409E+01
      0.200401      0.404555E+01
      0.203206      0.403029E+01
      0.206012      0.401807E+01
      0.208818      0.400869E+01
      0.211623      0.400197E+01
      0.214429      0.399776E+01
      0.217234      0.399592E+01
      0.220040      0.399635E+01
      0.222846      0.399894E+01
      0.225651      0.400359E+01
      0.228457      0.401025E+01
      0.231263      0.401885E+01
      0.234068      0.402933E+01
      0.236874      0.404168E+01
      0.239679      0.405588E+01
      0.242485      0.407193E+01
      0.245291      0.408985E+01
      0.248096      0.410970E+01
      0.250902      0.413154E+01
      0.253707      0.415547E+01
      0.256513      0.418164E+01
      0.259319      0.421021E+01
      0.262124      0.424140E+01
      0.264930      0.427547E+01
      0.267735      0.431272E+01
      0.270541      0.435350E+01
      0.273347      0.439820E+01
      0.276152      0.444723E+01
      0.278958      0.450105E+01
      0.281764      0.456004E+01
      0.284569      0.462455E+01
      0.287375      0.469474E+01
      0.290180      0.477045E+01
      0.292986      0.485107E+01
      0.295792      0.493526E+01
      0.298597      0.502075E+01
      0.301403      0.510422E+01
      0.304208      0.518125E+01
      0.307014      0.524665E+01
      0.309820      0.529511E+01
      0.312625      0.532240E+01
      0.315431      0.532741E+01
      0.318236      0.531493E+01
      0.321042      0.529781E+01
      0.323848      0.529493E+01
      0.326653      0.532297E+01
      0.329459      0.538455E+01
      0.332265      0.546057E+01
      0.335070      0.551634E+01
      0.337876      0.552299E+01
      0.340681      0.547590E+01
      0.343487      0.539232E+01
      0.346293      0.529439E+01
      0.349098      0.519375E+01
      0.351904      0.508894E+01
      0.354709      0.497869E+01
      0.357515      0.487684E+01
      0.360321      0.480955E+01
      0.363126      0.480478E+01
      0.365932      0.487372E+01
      0.368737      0.499762E+01
      0.371543      0.516999E+01
      0.374349      0.538080E+01
      0.377154      0.555598E+01
      0.379960      0.560755E+01
      0.382766      0.551097E+01
      0.385571      0.534853E+01
      0.388377      0.523764E+01
      0.391182      0.520101E+01
      0.393988      0.518459E+01
      0.396794      0.512409E+01
      0.399599      0.500677E+01
      0.402405      0.488224E+01
      0.405210      0.480213E+01
      0.408016      0.477441E+01
      0.410822      0.474946E+01
      0.413627      0.460617E+01
      0.416433      0.443591E+01
      0.419238      0.431473E+01
      0.422044      0.417393E+01
      0.424850      0.403443E+01
      0.427655      0.396784E+01
      0.430461      0.404646E+01
      0.433267      0.424463E+01
      0.436072      0.438968E+01
      0.438878      0.419691E+01
      0.441683      0.387515E+01
      0.444489      0.379089E+01
      0.447295      0.381143E+01
      0.450100      0.365493E+01
      0.452906      0.337720E+01
      0.455711      0.305461E+01
      0.458517      0.277166E+01
      0.461323      0.256734E+01
      0.464128      0.242899E+01
      0.466934      0.234419E+01
      0.469739      0.229770E+01
      0.472545      0.227702E+01
      0.475351      0.227500E+01
      0.478156      0.228662E+01
      0.480962      0.230785E+01
      0.483768      0.233561E+01
      0.486573      0.236728E+01
      0.489379      0.240076E+01
      0.492184      0.243448E+01
      0.494990      0.246742E+01
      0.497796      0.249892E+01
      0.500601      0.252865E+01
      0.503407      0.255646E+01
      0.506212      0.258231E+01
      0.509018      0.260627E+01
      0.511824      0.262843E+01
      0.514629      0.264892E+01
      0.517435      0.266788E+01
      0.520240      0.268544E+01
      0.523046      0.270175E+01
      0.525852      0.271696E+01
      0.528657      0.273120E+01
      0.531463      0.274460E+01
      0.534269      0.275729E+01
      0.537074      0.276938E+01
      0.539880      0.278097E+01
      0.542685      0.279218E+01
      0.545491      0.280309E+01
      0.548297      0.281377E+01
      0.551102      0.282430E+01
      0.553908      0.283473E+01
      0.556713      0.284512E+01
      0.559519      0.285550E+01
      0.562325      0.286590E+01
      0.565130      0.287634E+01
      0.567936      0.288683E+01
      0.570741      0.289736E+01
      0.573547      0.290793E+01
      0.576353      0.291853E+01
      0.579158      0.292911E+01
      0.581964      0.293965E+01
      0.584770      0.295012E+01
      0.587575      0.296045E+01
      0.590381      0.297060E+01
      0.593186      0.298051E+01
      0.595992      0.299012E+01
      0.598798      0.299938E+01
      0.601603      0.300820E+01
      0.604409      0.301653E+01
      0.607214      0.302431E+01
      0.610020      0.303146E+01
      0.612826      0.303793E+01
      0.615631      0.304367E+01
      0.618437      0.304861E+01
      0.621242      0.305270E+01
      0.624048      0.305592E+01
      0.626854      0.305821E+01
      0.629659      0.305956E+01
      0.632465      0.305993E+01
      0.635271      0.305932E+01
      0.638076      0.305772E+01
      0.640882      0.305513E+01
      0.643687      0.305156E+01
      0.646493      0.304702E+01
      0.649299      0.304154E+01
      0.652104      0.303515E+01
      0.654910      0.302788E+01
      0.657715      0.301977E+01
      0.660521      0.301088E+01
      0.663327      0.300124E+01
      0.666132      0.299091E+01
      0.668938      0.297995E+01
      0.671743      0.296842E+01
      0.674549      0.295638E+01
      0.677355      0.294389E+01
      0.680160      0.293101E+01
      0.682966      0.291781E+01
      0.685772      0.290434E+01
      0.688577      0.289067E+01
      0.691383      0.287686E+01
      0.694188      0.286298E+01
      0.696994      0.284907E+01
      0.699800      0.283520E+01
      0.702605      0.282142E+01
      0.705411      0.280778E+01
      0.708216      0.279435E+01
      0.711022      0.278116E+01
      0.713828      0.276826E+01
      0.716633      0.275571E+01
      0.719439      0.274355E+01
      0.722244      0.273181E+01
      0.725050      0.272055E+01
      0.727856      0.270979E+01
      0.730661      0.269959E+01
      0.733467      0.268996E+01
      0.736273      0.268096E+01
      0.739078      0.267262E+01
      0.741884      0.266496E+01
      0.744689      0.265802E+01
      0.747495      0.265183E+01
      0.750301      0.264643E+01
      0.753106      0.264185E+01
      0.755912      0.263811E+01
      0.758717      0.263524E+01
      0.761523      0.263329E+01
      0.764329      0.263227E+01
      0.767134      0.263221E+01
      0.769940      0.263316E+01
      0.772745      0.263513E+01
      0.775551      0.263816E+01
      0.778357      0.264228E+01
      0.781162      0.264753E+01
      0.783968      0.265393E+01
      0.786774      0.266153E+01
      0.789579      0.267034E+01
      0.792385      0.268041E+01
      0.795190      0.269178E+01
      0.797996      0.270446E+01
      0.800802      0.271851E+01
      0.803607      0.273395E+01
      0.806413      0.275083E+01
      0.809218      0.276916E+01
      0.812024      0.278900E+01
      0.814830      0.281037E+01
      0.817635      0.283330E+01
      0.820441      0.285782E+01
      0.823246      0.288397E+01
      0.826052      0.291177E+01
      0.828858      0.294124E+01
      0.831663      0.297240E+01
      0.834469      0.300528E+01
      0.837275      0.303988E+01
      0.840080      0.307620E+01
      0.842886      0.311426E+01
      0.845691      0.315403E+01
      0.848497      0.319552E+01
      0.851303      0.323869E+01
      0.854108      0.328351E+01
      0.856914      0.332995E+01
      0.859719      0.337796E+01
      0.862525      0.342746E+01
      0.865331      0.347839E+01
      0.868136      0.353066E+01
      0.870942      0.358417E+01
      0.873747      0.363881E+01
      0.876553      0.369446E+01
      0.879359      0.375099E+01
      0.882164      0.380824E+01
      0.884970      0.386607E+01
      0.887776      0.392431E+01
      0.890581      0.398278E+01
      0.893387      0.404130E+01
      0.896192      0.409968E+01
      0.898998      0.415774E+01
      0.901804      0.421528E+01
      0.904609      0.427210E+01
      0.907415      0.432801E+01
      0.910220      0.438282E+01
      0.913026      0.443636E+01
      0.915832      0.448843E+01
      0.918637      0.453887E+01
      0.921443      0.458752E+01
      0.924248      0.463423E+01
      0.927054      0.467887E+01
      0.929860      0.472132E+01
      0.932665      0.476148E+01
      0.935471      0.479924E+01
      0.938277      0.483455E+01
      0.941082      0.486734E+01
      0.943888      0.489758E+01
      0.946693      0.492525E+01
      0.949499      0.495034E+01
      0.952305      0.497286E+01
      0.955110      0.499285E+01
      0.957916      0.501034E+01
      0.960721      0.502540E+01
      0.963527      0.503809E+01
      0.966333      0.504850E+01
      0.969138      0.505672E+01
      0.971944      0.506286E+01
      0.974749      0.506703E+01
      0.977555      0.506935E+01
      0.980361      0.506993E+01
      0.983166      0.506892E+01
      0.985972      0.506645E+01
      0.988778      0.506264E+01
      0.991583      0.505763E+01
      0.994389      0.505156E+01
      0.997194      0.504456E+01
      1.000000      0.503676E+01
