DOS Data: Averaged over     16 atoms
--------------------------------
Fermi energy:  0.65120595                                   
LIZ Radius: 12.05235558                                     
Num Energy Points:   500                                    
--------------------------------
        Energy           DOS
     -0.400000      0.385574E-01
     -0.397194      0.389449E-01
     -0.394389      0.393392E-01
     -0.391583      0.397404E-01
     -0.388778      0.401487E-01
     -0.385972      0.405642E-01
     -0.383166      0.409871E-01
     -0.380361      0.414177E-01
     -0.377555      0.418560E-01
     -0.374749      0.423024E-01
     -0.371944      0.427570E-01
     -0.369138      0.432201E-01
     -0.366333      0.436918E-01
     -0.363527      0.441724E-01
     -0.360721      0.446621E-01
     -0.357916      0.451612E-01
     -0.355110      0.456699E-01
     -0.352305      0.461885E-01
     -0.349499      0.467173E-01
     -0.346693      0.472565E-01
     -0.343888      0.478065E-01
     -0.341082      0.483675E-01
     -0.338277      0.489398E-01
     -0.335471      0.495238E-01
     -0.332665      0.501199E-01
     -0.329860      0.507283E-01
     -0.327054      0.513495E-01
     -0.324248      0.519838E-01
     -0.321443      0.526316E-01
     -0.318637      0.532933E-01
     -0.315832      0.539694E-01
     -0.313026      0.546603E-01
     -0.310220      0.553664E-01
     -0.307415      0.560882E-01
     -0.304609      0.568263E-01
     -0.301804      0.575811E-01
     -0.298998      0.583533E-01
     -0.296192      0.591433E-01
     -0.293387      0.599517E-01
     -0.290581      0.607792E-01
     -0.287776      0.616264E-01
     -0.284970      0.624940E-01
     -0.282164      0.633827E-01
     -0.279359      0.642932E-01
     -0.276553      0.652263E-01
     -0.273747      0.661827E-01
     -0.270942      0.671634E-01
     -0.268136      0.681692E-01
     -0.265331      0.692010E-01
     -0.262525      0.702598E-01
     -0.259719      0.713466E-01
     -0.256914      0.724625E-01
     -0.254108      0.736086E-01
     -0.251303      0.747861E-01
     -0.248497      0.759962E-01
     -0.245691      0.772402E-01
     -0.242886      0.785195E-01
     -0.240080      0.798356E-01
     -0.237275      0.811899E-01
     -0.234469      0.825841E-01
     -0.231663      0.840199E-01
     -0.228858      0.854992E-01
     -0.226052      0.870237E-01
     -0.223246      0.885956E-01
     -0.220441      0.902170E-01
     -0.217635      0.918902E-01
     -0.214830      0.936175E-01
     -0.212024      0.954017E-01
     -0.209218      0.972454E-01
     -0.206413      0.991515E-01
     -0.203607      0.101123E+00
     -0.200802      0.103164E+00
     -0.197996      0.105277E+00
     -0.195190      0.107467E+00
     -0.192385      0.109737E+00
     -0.189579      0.112093E+00
     -0.186774      0.114538E+00
     -0.183968      0.117078E+00
     -0.181162      0.119719E+00
     -0.178357      0.122466E+00
     -0.175551      0.125327E+00
     -0.172745      0.128309E+00
     -0.169940      0.131419E+00
     -0.167134      0.134667E+00
     -0.164329      0.138061E+00
     -0.161523      0.141613E+00
     -0.158717      0.145334E+00
     -0.155912      0.149236E+00
     -0.153106      0.153336E+00
     -0.150301      0.157649E+00
     -0.147495      0.162193E+00
     -0.144689      0.166990E+00
     -0.141884      0.172063E+00
     -0.139078      0.177441E+00
     -0.136273      0.183155E+00
     -0.133467      0.189242E+00
     -0.130661      0.195747E+00
     -0.127856      0.202724E+00
     -0.125050      0.210234E+00
     -0.122244      0.218356E+00
     -0.119439      0.227187E+00
     -0.116633      0.236847E+00
     -0.113828      0.247490E+00
     -0.111022      0.259318E+00
     -0.108216      0.272598E+00
     -0.105411      0.287694E+00
     -0.102605      0.305115E+00
     -0.099800      0.325592E+00
     -0.096994      0.350217E+00
     -0.094188      0.380680E+00
     -0.091383      0.419733E+00
     -0.088577      0.472105E+00
     -0.085772      0.546522E+00
     -0.082966      0.660543E+00
     -0.080160      0.853753E+00
     -0.077355      0.122965E+01
     -0.074549      0.211184E+01
     -0.071743      0.450423E+01
     -0.068938      0.754385E+01
     -0.066132      0.512012E+01
     -0.063327      0.247773E+01
     -0.060521      0.146377E+01
     -0.057715      0.107712E+01
     -0.054910      0.912492E+00
     -0.052104      0.845460E+00
     -0.049299      0.834131E+00
     -0.046493      0.870780E+00
     -0.043687      0.980194E+00
     -0.040882      0.114463E+01
     -0.038076      0.132384E+01
     -0.035271      0.163106E+01
     -0.032465      0.183330E+01
     -0.029659      0.192778E+01
     -0.026854      0.205029E+01
     -0.024048      0.208260E+01
     -0.021242      0.194313E+01
     -0.018437      0.197623E+01
     -0.015631      0.208210E+01
     -0.012826      0.234334E+01
     -0.010020      0.281085E+01
     -0.007214      0.356170E+01
     -0.004409      0.504819E+01
     -0.001603      0.842786E+01
      0.001202      0.123968E+02
      0.004008      0.149546E+02
      0.006814      0.204991E+02
      0.009619      0.264402E+02
      0.012425      0.308141E+02
      0.015230      0.331269E+02
      0.018036      0.401194E+02
      0.020842      0.453418E+02
      0.023647      0.470960E+02
      0.026453      0.480712E+02
      0.029259      0.471937E+02
      0.032064      0.447116E+02
      0.034870      0.442172E+02
      0.037675      0.438336E+02
      0.040481      0.437653E+02
      0.043287      0.419428E+02
      0.046092      0.377063E+02
      0.048898      0.367739E+02
      0.051703      0.386784E+02
      0.054509      0.417969E+02
      0.057315      0.477568E+02
      0.060120      0.535552E+02
      0.062926      0.555084E+02
      0.065731      0.531316E+02
      0.068537      0.533655E+02
      0.071343      0.553829E+02
      0.074148      0.578372E+02
      0.076954      0.610004E+02
      0.079760      0.623353E+02
      0.082565      0.652596E+02
      0.085371      0.683416E+02
      0.088176      0.673985E+02
      0.090982      0.598355E+02
      0.093788      0.520203E+02
      0.096593      0.464373E+02
      0.099399      0.373317E+02
      0.102204      0.308434E+02
      0.105010      0.283406E+02
      0.107816      0.206354E+02
      0.110621      0.133062E+02
      0.113427      0.952879E+01
      0.116232      0.755049E+01
      0.119038      0.637071E+01
      0.121844      0.559447E+01
      0.124649      0.504826E+01
      0.127455      0.464552E+01
      0.130261      0.433843E+01
      0.133066      0.409839E+01
      0.135872      0.390726E+01
      0.138677      0.375292E+01
      0.141483      0.362698E+01
      0.144289      0.352345E+01
      0.147094      0.343792E+01
      0.149900      0.336708E+01
      0.152705      0.330842E+01
      0.155511      0.325997E+01
      0.158317      0.322020E+01
      0.161122      0.318788E+01
      0.163928      0.316203E+01
      0.166733      0.314186E+01
      0.169539      0.312671E+01
      0.172345      0.311607E+01
      0.175150      0.310948E+01
      0.177956      0.310659E+01
      0.180762      0.310711E+01
      0.183567      0.311079E+01
      0.186373      0.311743E+01
      0.189178      0.312688E+01
      0.191984      0.313900E+01
      0.194790      0.315370E+01
      0.197595      0.317093E+01
      0.200401      0.319062E+01
      0.203206      0.321278E+01
      0.206012      0.323739E+01
      0.208818      0.326450E+01
      0.211623      0.329413E+01
      0.214429      0.332637E+01
      0.217234      0.336129E+01
      0.220040      0.339902E+01
      0.222846      0.343968E+01
      0.225651      0.348344E+01
      0.228457      0.353048E+01
      0.231263      0.358102E+01
      0.234068      0.363531E+01
      0.236874      0.369362E+01
      0.239679      0.375630E+01
      0.242485      0.382372E+01
      0.245291      0.389632E+01
      0.248096      0.397459E+01
      0.250902      0.405911E+01
      0.253707      0.415055E+01
      0.256513      0.424969E+01
      0.259319      0.435740E+01
      0.262124      0.447474E+01
      0.264930      0.460290E+01
      0.267735      0.474327E+01
      0.270541      0.489745E+01
      0.273347      0.506728E+01
      0.276152      0.525485E+01
      0.278958      0.546248E+01
      0.281764      0.569268E+01
      0.284569      0.594805E+01
      0.287375      0.623111E+01
      0.290180      0.654395E+01
      0.292986      0.688779E+01
      0.295792      0.726251E+01
      0.298597      0.766612E+01
      0.301403      0.809464E+01
      0.304208      0.854239E+01
      0.307014      0.900312E+01
      0.309820      0.947198E+01
      0.312625      0.994819E+01
      0.315431      0.104376E+02
      0.318236      0.109544E+02
      0.321042      0.115198E+02
      0.323848      0.121595E+02
      0.326653      0.128975E+02
      0.329459      0.137465E+02
      0.332265      0.146914E+02
      0.335070      0.156735E+02
      0.337876      0.165905E+02
      0.340681      0.173329E+02
      0.343487      0.178464E+02
      0.346293      0.181713E+02
      0.349098      0.184146E+02
      0.351904      0.187161E+02
      0.354709      0.192195E+02
      0.357515      0.200621E+02
      0.360321      0.213924E+02
      0.363126      0.233238E+02
      0.365932      0.257958E+02
      0.368737      0.283865E+02
      0.371543      0.304417E+02
      0.374349      0.317062E+02
      0.377154      0.323648E+02
      0.379960      0.325797E+02
      0.382766      0.324936E+02
      0.385571      0.322412E+02
      0.388377      0.317314E+02
      0.391182      0.312453E+02
      0.393988      0.310344E+02
      0.396794      0.309047E+02
      0.399599      0.307757E+02
      0.402405      0.305899E+02
      0.405210      0.302440E+02
      0.408016      0.296652E+02
      0.410822      0.291849E+02
      0.413627      0.290048E+02
      0.416433      0.289113E+02
      0.419238      0.288818E+02
      0.422044      0.291029E+02
      0.424850      0.296079E+02
      0.427655      0.305274E+02
      0.430461      0.316928E+02
      0.433267      0.326112E+02
      0.436072      0.328166E+02
      0.438878      0.327905E+02
      0.441683      0.332123E+02
      0.444489      0.344939E+02
      0.447295      0.366753E+02
      0.450100      0.390659E+02
      0.452906      0.401691E+02
      0.455711      0.393322E+02
      0.458517      0.376192E+02
      0.461323      0.355904E+02
      0.464128      0.330690E+02
      0.466934      0.302297E+02
      0.469739      0.273933E+02
      0.472545      0.247807E+02
      0.475351      0.223083E+02
      0.478156      0.198574E+02
      0.480962      0.175731E+02
      0.483768      0.156094E+02
      0.486573      0.140009E+02
      0.489379      0.127064E+02
      0.492184      0.116626E+02
      0.494990      0.108101E+02
      0.497796      0.101023E+02
      0.500601      0.950470E+01
      0.503407      0.899242E+01
      0.506212      0.854756E+01
      0.509018      0.815697E+01
      0.511824      0.781087E+01
      0.514629      0.750175E+01
      0.517435      0.722377E+01
      0.520240      0.697228E+01
      0.523046      0.674351E+01
      0.525852      0.653440E+01
      0.528657      0.634239E+01
      0.531463      0.616539E+01
      0.534269      0.600159E+01
      0.537074      0.584953E+01
      0.539880      0.570794E+01
      0.542685      0.557573E+01
      0.545491      0.545200E+01
      0.548297      0.533596E+01
      0.551102      0.522694E+01
      0.553908      0.512436E+01
      0.556713      0.502771E+01
      0.559519      0.493656E+01
      0.562325      0.485052E+01
      0.565130      0.476925E+01
      0.567936      0.469244E+01
      0.570741      0.461983E+01
      0.573547      0.455115E+01
      0.576353      0.448618E+01
      0.579158      0.442471E+01
      0.581964      0.436653E+01
      0.584770      0.431145E+01
      0.587575      0.425930E+01
      0.590381      0.420990E+01
      0.593186      0.416308E+01
      0.595992      0.411868E+01
      0.598798      0.407654E+01
      0.601603      0.403650E+01
      0.604409      0.399842E+01
      0.607214      0.396213E+01
      0.610020      0.392751E+01
      0.612826      0.389441E+01
      0.615631      0.386270E+01
      0.618437      0.383225E+01
      0.621242      0.380293E+01
      0.624048      0.377462E+01
      0.626854      0.374722E+01
      0.629659      0.372062E+01
      0.632465      0.369472E+01
      0.635271      0.366944E+01
      0.638076      0.364468E+01
      0.640882      0.362038E+01
      0.643687      0.359647E+01
      0.646493      0.357289E+01
      0.649299      0.354959E+01
      0.652104      0.352653E+01
      0.654910      0.350367E+01
      0.657715      0.348098E+01
      0.660521      0.345843E+01
      0.663327      0.343603E+01
      0.666132      0.341374E+01
      0.668938      0.339158E+01
      0.671743      0.336954E+01
      0.674549      0.334762E+01
      0.677355      0.332584E+01
      0.680160      0.330420E+01
      0.682966      0.328273E+01
      0.685772      0.326143E+01
      0.688577      0.324034E+01
      0.691383      0.321947E+01
      0.694188      0.319886E+01
      0.696994      0.317852E+01
      0.699800      0.315848E+01
      0.702605      0.313876E+01
      0.705411      0.311941E+01
      0.708216      0.310044E+01
      0.711022      0.308189E+01
      0.713828      0.306378E+01
      0.716633      0.304614E+01
      0.719439      0.302900E+01
      0.722244      0.301240E+01
      0.725050      0.299635E+01
      0.727856      0.298088E+01
      0.730661      0.296603E+01
      0.733467      0.295181E+01
      0.736273      0.293826E+01
      0.739078      0.292541E+01
      0.741884      0.291327E+01
      0.744689      0.290188E+01
      0.747495      0.289127E+01
      0.750301      0.288144E+01
      0.753106      0.287244E+01
      0.755912      0.286429E+01
      0.758717      0.285701E+01
      0.761523      0.285064E+01
      0.764329      0.284518E+01
      0.767134      0.284068E+01
      0.769940      0.283716E+01
      0.772745      0.283465E+01
      0.775551      0.283316E+01
      0.778357      0.283274E+01
      0.781162      0.283340E+01
      0.783968      0.283518E+01
      0.786774      0.283810E+01
      0.789579      0.284220E+01
      0.792385      0.284750E+01
      0.795190      0.285404E+01
      0.797996      0.286184E+01
      0.800802      0.287093E+01
      0.803607      0.288135E+01
      0.806413      0.289313E+01
      0.809218      0.290629E+01
      0.812024      0.292087E+01
      0.814830      0.293690E+01
      0.817635      0.295441E+01
      0.820441      0.297342E+01
      0.823246      0.299397E+01
      0.826052      0.301608E+01
      0.828858      0.303976E+01
      0.831663      0.306506E+01
      0.834469      0.309197E+01
      0.837275      0.312053E+01
      0.840080      0.315073E+01
      0.842886      0.318260E+01
      0.845691      0.321612E+01
      0.848497      0.325130E+01
      0.851303      0.328812E+01
      0.854108      0.332657E+01
      0.856914      0.336663E+01
      0.859719      0.340826E+01
      0.862525      0.345141E+01
      0.865331      0.349604E+01
      0.868136      0.354209E+01
      0.870942      0.358948E+01
      0.873747      0.363812E+01
      0.876553      0.368794E+01
      0.879359      0.373881E+01
      0.882164      0.379062E+01
      0.884970      0.384325E+01
      0.887776      0.389656E+01
      0.890581      0.395040E+01
      0.893387      0.400462E+01
      0.896192      0.405906E+01
      0.898998      0.411355E+01
      0.901804      0.416792E+01
      0.904609      0.422198E+01
      0.907415      0.427558E+01
      0.910220      0.432853E+01
      0.913026      0.438066E+01
      0.915832      0.443180E+01
      0.918637      0.448178E+01
      0.921443      0.453046E+01
      0.924248      0.457767E+01
      0.927054      0.462330E+01
      0.929860      0.466720E+01
      0.932665      0.470926E+01
      0.935471      0.474938E+01
      0.938277      0.478747E+01
      0.941082      0.482346E+01
      0.943888      0.485727E+01
      0.946693      0.488886E+01
      0.949499      0.491820E+01
      0.952305      0.494524E+01
      0.955110      0.497000E+01
      0.957916      0.499245E+01
      0.960721      0.501263E+01
      0.963527      0.503054E+01
      0.966333      0.504623E+01
      0.969138      0.505974E+01
      0.971944      0.507113E+01
      0.974749      0.508046E+01
      0.977555      0.508780E+01
      0.980361      0.509324E+01
      0.983166      0.509686E+01
      0.985972      0.509877E+01
      0.988778      0.509906E+01
      0.991583      0.509784E+01
      0.994389      0.509522E+01
      0.997194      0.509131E+01
      1.000000      0.508623E+01
