DOS Data: Averaged over      8Cu_t01 atoms
--------------------------------
Fermi energy:  0.65120595                                   
LIZ Radius: 12.05235558                                     
Num Energy Points:   500                                    
--------------------------------
        Energy           DOS
     -0.400000      0.229877E-01
     -0.397194      0.231453E-01
     -0.394389      0.233049E-01
     -0.391583      0.234666E-01
     -0.388778      0.236304E-01
     -0.385972      0.237963E-01
     -0.383166      0.239643E-01
     -0.380361      0.241346E-01
     -0.377555      0.243072E-01
     -0.374749      0.244820E-01
     -0.371944      0.246592E-01
     -0.369138      0.248389E-01
     -0.366333      0.250209E-01
     -0.363527      0.252055E-01
     -0.360721      0.253927E-01
     -0.357916      0.255825E-01
     -0.355110      0.257750E-01
     -0.352305      0.259702E-01
     -0.349499      0.261682E-01
     -0.346693      0.263691E-01
     -0.343888      0.265729E-01
     -0.341082      0.267797E-01
     -0.338277      0.269896E-01
     -0.335471      0.272026E-01
     -0.332665      0.274189E-01
     -0.329860      0.276385E-01
     -0.327054      0.278614E-01
     -0.324248      0.280878E-01
     -0.321443      0.283178E-01
     -0.318637      0.285514E-01
     -0.315832      0.287887E-01
     -0.313026      0.290299E-01
     -0.310220      0.292751E-01
     -0.307415      0.295242E-01
     -0.304609      0.297776E-01
     -0.301804      0.300352E-01
     -0.298998      0.302972E-01
     -0.296192      0.305637E-01
     -0.293387      0.308348E-01
     -0.290581      0.311108E-01
     -0.287776      0.313917E-01
     -0.284970      0.316776E-01
     -0.282164      0.319688E-01
     -0.279359      0.322654E-01
     -0.276553      0.325675E-01
     -0.273747      0.328754E-01
     -0.270942      0.331892E-01
     -0.268136      0.335091E-01
     -0.265331      0.338354E-01
     -0.262525      0.341682E-01
     -0.259719      0.345078E-01
     -0.256914      0.348545E-01
     -0.254108      0.352084E-01
     -0.251303      0.355699E-01
     -0.248497      0.359392E-01
     -0.245691      0.363167E-01
     -0.242886      0.367026E-01
     -0.240080      0.370974E-01
     -0.237275      0.375013E-01
     -0.234469      0.379147E-01
     -0.231663      0.383381E-01
     -0.228858      0.387720E-01
     -0.226052      0.392167E-01
     -0.223246      0.396727E-01
     -0.220441      0.401407E-01
     -0.217635      0.406212E-01
     -0.214830      0.411147E-01
     -0.212024      0.416221E-01
     -0.209218      0.421439E-01
     -0.206413      0.426810E-01
     -0.203607      0.432343E-01
     -0.200802      0.438045E-01
     -0.197996      0.443928E-01
     -0.195190      0.450003E-01
     -0.192385      0.456280E-01
     -0.189579      0.462774E-01
     -0.186774      0.469499E-01
     -0.183968      0.476470E-01
     -0.181162      0.483705E-01
     -0.178357      0.491224E-01
     -0.175551      0.499048E-01
     -0.172745      0.507201E-01
     -0.169940      0.515710E-01
     -0.167134      0.524606E-01
     -0.164329      0.533923E-01
     -0.161523      0.543701E-01
     -0.158717      0.553983E-01
     -0.155912      0.564820E-01
     -0.153106      0.576271E-01
     -0.150301      0.588404E-01
     -0.147495      0.601297E-01
     -0.144689      0.615042E-01
     -0.141884      0.629749E-01
     -0.139078      0.645546E-01
     -0.136273      0.662587E-01
     -0.133467      0.681058E-01
     -0.130661      0.701185E-01
     -0.127856      0.723246E-01
     -0.125050      0.747585E-01
     -0.122244      0.774634E-01
     -0.119439      0.804940E-01
     -0.116633      0.839212E-01
     -0.113828      0.878371E-01
     -0.111022      0.923646E-01
     -0.108216      0.976698E-01
     -0.105411      0.103983E+00
     -0.102605      0.111630E+00
     -0.099800      0.121085E+00
     -0.096994      0.133064E+00
     -0.094188      0.148684E+00
     -0.091383      0.169772E+00
     -0.088577      0.199487E+00
     -0.085772      0.243678E+00
     -0.082966      0.314174E+00
     -0.080160      0.437803E+00
     -0.077355      0.685424E+00
     -0.074549      0.128015E+01
     -0.071743      0.282834E+01
     -0.068938      0.452554E+01
     -0.066132      0.374373E+01
     -0.063327      0.176147E+01
     -0.060521      0.885359E+00
     -0.057715      0.553901E+00
     -0.054910      0.407935E+00
     -0.052104      0.340319E+00
     -0.049299      0.318348E+00
     -0.046493      0.343743E+00
     -0.043687      0.461954E+00
     -0.040882      0.597671E+00
     -0.038076      0.543684E+00
     -0.035271      0.710636E+00
     -0.032465      0.985064E+00
     -0.029659      0.916664E+00
     -0.026854      0.707573E+00
     -0.024048      0.738737E+00
     -0.021242      0.688386E+00
     -0.018437      0.521992E+00
     -0.015631      0.442445E+00
     -0.012826      0.480626E+00
     -0.010020      0.542069E+00
     -0.007214      0.546617E+00
     -0.004409      0.585566E+00
     -0.001603      0.790402E+00
      0.001202      0.121587E+01
      0.004008      0.165208E+01
      0.006814      0.207100E+01
      0.009619      0.270590E+01
      0.012425      0.354055E+01
      0.015230      0.408624E+01
      0.018036      0.486045E+01
      0.020842      0.572611E+01
      0.023647      0.567473E+01
      0.026453      0.521028E+01
      0.029259      0.475371E+01
      0.032064      0.439448E+01
      0.034870      0.405707E+01
      0.037675      0.374044E+01
      0.040481      0.359671E+01
      0.043287      0.356999E+01
      0.046092      0.378596E+01
      0.048898      0.405981E+01
      0.051703      0.423237E+01
      0.054509      0.450541E+01
      0.057315      0.482981E+01
      0.060120      0.482429E+01
      0.062926      0.450832E+01
      0.065731      0.433938E+01
      0.068537      0.430967E+01
      0.071343      0.430732E+01
      0.074148      0.422943E+01
      0.076954      0.428771E+01
      0.079760      0.436368E+01
      0.082565      0.437942E+01
      0.085371      0.426024E+01
      0.088176      0.389091E+01
      0.090982      0.346684E+01
      0.093788      0.313291E+01
      0.096593      0.275482E+01
      0.099399      0.241392E+01
      0.102204      0.217089E+01
      0.105010      0.187869E+01
      0.107816      0.166836E+01
      0.110621      0.157205E+01
      0.113427      0.154256E+01
      0.116232      0.154137E+01
      0.119038      0.155330E+01
      0.121844      0.157222E+01
      0.124649      0.159527E+01
      0.127455      0.162094E+01
      0.130261      0.164839E+01
      0.133066      0.167709E+01
      0.135872      0.170673E+01
      0.138677      0.173710E+01
      0.141483      0.176807E+01
      0.144289      0.179959E+01
      0.147094      0.183163E+01
      0.149900      0.186421E+01
      0.152705      0.189734E+01
      0.155511      0.193108E+01
      0.158317      0.196549E+01
      0.161122      0.200064E+01
      0.163928      0.203661E+01
      0.166733      0.207349E+01
      0.169539      0.211136E+01
      0.172345      0.215031E+01
      0.175150      0.219043E+01
      0.177956      0.223182E+01
      0.180762      0.227458E+01
      0.183567      0.231880E+01
      0.186373      0.236459E+01
      0.189178      0.241207E+01
      0.191984      0.246135E+01
      0.194790      0.251256E+01
      0.197595      0.256583E+01
      0.200401      0.262131E+01
      0.203206      0.267916E+01
      0.206012      0.273956E+01
      0.208818      0.280269E+01
      0.211623      0.286877E+01
      0.214429      0.293803E+01
      0.217234      0.301074E+01
      0.220040      0.308718E+01
      0.222846      0.316767E+01
      0.225651      0.325258E+01
      0.228457      0.334230E+01
      0.231263      0.343728E+01
      0.234068      0.353802E+01
      0.236874      0.364510E+01
      0.239679      0.375915E+01
      0.242485      0.388090E+01
      0.245291      0.401119E+01
      0.248096      0.415094E+01
      0.250902      0.430123E+01
      0.253707      0.446330E+01
      0.256513      0.463857E+01
      0.259319      0.482867E+01
      0.262124      0.503550E+01
      0.264930      0.526126E+01
      0.267735      0.550846E+01
      0.270541      0.578005E+01
      0.273347      0.607941E+01
      0.276152      0.641040E+01
      0.278958      0.677738E+01
      0.281764      0.718517E+01
      0.284569      0.763894E+01
      0.287375      0.814388E+01
      0.290180      0.870484E+01
      0.292986      0.932555E+01
      0.295792      0.100078E+02
      0.298597      0.107504E+02
      0.301403      0.115488E+02
      0.304208      0.123950E+02
      0.307014      0.132792E+02
      0.309820      0.141926E+02
      0.312625      0.151324E+02
      0.315431      0.161066E+02
      0.318236      0.171375E+02
      0.321042      0.182603E+02
      0.323848      0.195190E+02
      0.326653      0.209577E+02
      0.329459      0.226031E+02
      0.332265      0.244358E+02
      0.335070      0.263553E+02
      0.337876      0.281758E+02
      0.340681      0.296877E+02
      0.343487      0.307797E+02
      0.346293      0.315201E+02
      0.349098      0.321118E+02
      0.351904      0.328256E+02
      0.354709      0.339333E+02
      0.357515      0.356796E+02
      0.360321      0.383426E+02
      0.363126      0.421594E+02
      0.365932      0.470317E+02
      0.368737      0.521272E+02
      0.371543      0.561513E+02
      0.374349      0.586001E+02
      0.377154      0.598282E+02
      0.379960      0.601651E+02
      0.382766      0.599167E+02
      0.385571      0.593586E+02
      0.388377      0.583122E+02
      0.391182      0.573533E+02
      0.393988      0.569790E+02
      0.396794      0.567926E+02
      0.399599      0.566195E+02
      0.402405      0.563409E+02
      0.405210      0.557561E+02
      0.408016      0.547016E+02
      0.410822      0.538199E+02
      0.413627      0.535374E+02
      0.416433      0.534194E+02
      0.419238      0.533981E+02
      0.422044      0.538906E+02
      0.424850      0.549751E+02
      0.427655      0.568732E+02
      0.430461      0.592143E+02
      0.433267      0.610408E+02
      0.436072      0.614876E+02
      0.438878      0.615827E+02
      0.441683      0.626091E+02
      0.444489      0.652798E+02
      0.447295      0.697161E+02
      0.450100      0.746161E+02
      0.452906      0.770028E+02
      0.455711      0.755481E+02
      0.458517      0.723194E+02
      0.461323      0.684137E+02
      0.464128      0.634832E+02
      0.466934      0.578828E+02
      0.469739      0.522679E+02
      0.472545      0.470823E+02
      0.475351      0.421578E+02
      0.478156      0.372611E+02
      0.480962      0.326850E+02
      0.483768      0.287382E+02
      0.486573      0.254928E+02
      0.489379      0.228706E+02
      0.492184      0.207479E+02
      0.494990      0.190083E+02
      0.497796      0.175596E+02
      0.500601      0.163338E+02
      0.503407      0.152813E+02
      0.506212      0.143664E+02
      0.509018      0.135627E+02
      0.511824      0.128504E+02
      0.514629      0.122143E+02
      0.517435      0.116424E+02
      0.520240      0.111253E+02
      0.523046      0.106550E+02
      0.525852      0.102254E+02
      0.528657      0.983103E+01
      0.531463      0.946758E+01
      0.534269      0.913132E+01
      0.537074      0.881915E+01
      0.539880      0.852840E+01
      0.542685      0.825683E+01
      0.545491      0.800250E+01
      0.548297      0.776377E+01
      0.551102      0.753922E+01
      0.553908      0.732763E+01
      0.556713      0.712793E+01
      0.559519      0.693920E+01
      0.562325      0.676063E+01
      0.565130      0.659152E+01
      0.567936      0.643122E+01
      0.570741      0.627919E+01
      0.573547      0.613492E+01
      0.576353      0.599794E+01
      0.579158      0.586785E+01
      0.581964      0.574425E+01
      0.584770      0.562680E+01
      0.587575      0.551516E+01
      0.590381      0.540902E+01
      0.593186      0.530808E+01
      0.595992      0.521206E+01
      0.598798      0.512070E+01
      0.601603      0.503373E+01
      0.604409      0.495091E+01
      0.607214      0.487199E+01
      0.610020      0.479675E+01
      0.612826      0.472498E+01
      0.615631      0.465644E+01
      0.618437      0.459095E+01
      0.621242      0.452830E+01
      0.624048      0.446830E+01
      0.626854      0.441079E+01
      0.629659      0.435558E+01
      0.632465      0.430252E+01
      0.635271      0.425145E+01
      0.638076      0.420223E+01
      0.640882      0.415472E+01
      0.643687      0.410881E+01
      0.646493      0.406437E+01
      0.649299      0.402130E+01
      0.652104      0.397950E+01
      0.654910      0.393888E+01
      0.657715      0.389936E+01
      0.660521      0.386087E+01
      0.663327      0.382333E+01
      0.666132      0.378670E+01
      0.668938      0.375091E+01
      0.671743      0.371593E+01
      0.674549      0.368172E+01
      0.677355      0.364824E+01
      0.680160      0.361547E+01
      0.682966      0.358338E+01
      0.685772      0.355195E+01
      0.688577      0.352118E+01
      0.691383      0.349105E+01
      0.694188      0.346155E+01
      0.696994      0.343269E+01
      0.699800      0.340445E+01
      0.702605      0.337686E+01
      0.705411      0.334990E+01
      0.708216      0.332358E+01
      0.711022      0.329792E+01
      0.713828      0.327291E+01
      0.716633      0.324858E+01
      0.719439      0.322494E+01
      0.722244      0.320199E+01
      0.725050      0.317976E+01
      0.727856      0.315825E+01
      0.730661      0.313748E+01
      0.733467      0.311747E+01
      0.736273      0.309823E+01
      0.739078      0.307979E+01
      0.741884      0.306215E+01
      0.744689      0.304534E+01
      0.747495      0.302937E+01
      0.750301      0.301426E+01
      0.753106      0.300004E+01
      0.755912      0.298671E+01
      0.758717      0.297430E+01
      0.761523      0.296283E+01
      0.764329      0.295231E+01
      0.767134      0.294278E+01
      0.769940      0.293424E+01
      0.772745      0.292672E+01
      0.775551      0.292024E+01
      0.778357      0.291483E+01
      0.781162      0.291051E+01
      0.783968      0.290729E+01
      0.786774      0.290520E+01
      0.789579      0.290427E+01
      0.792385      0.290452E+01
      0.795190      0.290598E+01
      0.797996      0.290866E+01
      0.800802      0.291260E+01
      0.803607      0.291781E+01
      0.806413      0.292433E+01
      0.809218      0.293218E+01
      0.812024      0.294138E+01
      0.814830      0.295196E+01
      0.817635      0.296395E+01
      0.820441      0.297735E+01
      0.823246      0.299221E+01
      0.826052      0.300854E+01
      0.828858      0.302636E+01
      0.831663      0.304569E+01
      0.834469      0.306655E+01
      0.837275      0.308895E+01
      0.840080      0.311290E+01
      0.842886      0.313842E+01
      0.845691      0.316550E+01
      0.848497      0.319415E+01
      0.851303      0.322437E+01
      0.854108      0.325615E+01
      0.856914      0.328947E+01
      0.859719      0.332431E+01
      0.862525      0.336066E+01
      0.865331      0.339848E+01
      0.868136      0.343773E+01
      0.870942      0.347837E+01
      0.873747      0.352033E+01
      0.876553      0.356356E+01
      0.879359      0.360799E+01
      0.882164      0.365355E+01
      0.884970      0.370013E+01
      0.887776      0.374765E+01
      0.890581      0.379601E+01
      0.893387      0.384510E+01
      0.896192      0.389480E+01
      0.898998      0.394498E+01
      0.901804      0.399553E+01
      0.904609      0.404629E+01
      0.907415      0.409715E+01
      0.910220      0.414795E+01
      0.913026      0.419856E+01
      0.915832      0.424883E+01
      0.918637      0.429862E+01
      0.921443      0.434777E+01
      0.924248      0.439616E+01
      0.927054      0.444365E+01
      0.929860      0.449008E+01
      0.932665      0.453535E+01
      0.935471      0.457931E+01
      0.938277      0.462185E+01
      0.941082      0.466286E+01
      0.943888      0.470222E+01
      0.946693      0.473983E+01
      0.949499      0.477562E+01
      0.952305      0.480948E+01
      0.955110      0.484136E+01
      0.957916      0.487118E+01
      0.960721      0.489890E+01
      0.963527      0.492447E+01
      0.966333      0.494786E+01
      0.969138      0.496906E+01
      0.971944      0.498806E+01
      0.974749      0.500486E+01
      0.977555      0.501949E+01
      0.980361      0.503198E+01
      0.983166      0.504236E+01
      0.985972      0.505070E+01
      0.988778      0.505706E+01
      0.991583      0.506151E+01
      0.994389      0.506414E+01
      0.997194      0.506505E+01
      1.000000      0.506432E+01
