DOS Data: Atom #  10
--------------------------------
Fermi energy:  0.65120595                                   
LIZ Radius: 12.05235558                                     
Num Energy Points:   500                                    
--------------------------------
        Energy           DOS
     -0.400000      0.539311E-01
     -0.397194      0.545446E-01
     -0.394389      0.551695E-01
     -0.391583      0.558061E-01
     -0.388778      0.564545E-01
     -0.385972      0.571153E-01
     -0.383166      0.577886E-01
     -0.380361      0.584748E-01
     -0.377555      0.591742E-01
     -0.374749      0.598872E-01
     -0.371944      0.606142E-01
     -0.369138      0.613554E-01
     -0.366333      0.621114E-01
     -0.363527      0.628825E-01
     -0.360721      0.636691E-01
     -0.357916      0.644717E-01
     -0.355110      0.652906E-01
     -0.352305      0.661264E-01
     -0.349499      0.669796E-01
     -0.346693      0.678506E-01
     -0.343888      0.687399E-01
     -0.341082      0.696480E-01
     -0.338277      0.705756E-01
     -0.335471      0.715232E-01
     -0.332665      0.724914E-01
     -0.329860      0.734808E-01
     -0.327054      0.744920E-01
     -0.324248      0.755257E-01
     -0.321443      0.765826E-01
     -0.318637      0.776634E-01
     -0.315832      0.787689E-01
     -0.313026      0.798998E-01
     -0.310220      0.810569E-01
     -0.307415      0.822411E-01
     -0.304609      0.834532E-01
     -0.301804      0.846942E-01
     -0.298998      0.859650E-01
     -0.296192      0.872667E-01
     -0.293387      0.886001E-01
     -0.290581      0.899664E-01
     -0.287776      0.913668E-01
     -0.284970      0.928023E-01
     -0.282164      0.942743E-01
     -0.279359      0.957839E-01
     -0.276553      0.973326E-01
     -0.273747      0.989217E-01
     -0.270942      0.100553E+00
     -0.268136      0.102227E+00
     -0.265331      0.103947E+00
     -0.262525      0.105713E+00
     -0.259719      0.107528E+00
     -0.256914      0.109393E+00
     -0.254108      0.111310E+00
     -0.251303      0.113282E+00
     -0.248497      0.115310E+00
     -0.245691      0.117396E+00
     -0.242886      0.119544E+00
     -0.240080      0.121756E+00
     -0.237275      0.124033E+00
     -0.234469      0.126380E+00
     -0.231663      0.128799E+00
     -0.228858      0.131293E+00
     -0.226052      0.133865E+00
     -0.223246      0.136519E+00
     -0.220441      0.139258E+00
     -0.217635      0.142086E+00
     -0.214830      0.145009E+00
     -0.212024      0.148029E+00
     -0.209218      0.151151E+00
     -0.206413      0.154381E+00
     -0.203607      0.157724E+00
     -0.200802      0.161185E+00
     -0.197996      0.164770E+00
     -0.195190      0.168487E+00
     -0.192385      0.172341E+00
     -0.189579      0.176340E+00
     -0.186774      0.180492E+00
     -0.183968      0.184806E+00
     -0.181162      0.189291E+00
     -0.178357      0.193956E+00
     -0.175551      0.198813E+00
     -0.172745      0.203874E+00
     -0.169940      0.209150E+00
     -0.167134      0.214656E+00
     -0.164329      0.220407E+00
     -0.161523      0.226419E+00
     -0.158717      0.232712E+00
     -0.155912      0.239304E+00
     -0.153106      0.246219E+00
     -0.150301      0.253481E+00
     -0.147495      0.261119E+00
     -0.144689      0.269163E+00
     -0.141884      0.277650E+00
     -0.139078      0.286619E+00
     -0.136273      0.296118E+00
     -0.133467      0.306199E+00
     -0.130661      0.316925E+00
     -0.127856      0.328370E+00
     -0.125050      0.340621E+00
     -0.122244      0.353784E+00
     -0.119439      0.367987E+00
     -0.116633      0.383388E+00
     -0.113828      0.400189E+00
     -0.111022      0.418646E+00
     -0.108216      0.439092E+00
     -0.105411      0.461978E+00
     -0.102605      0.487917E+00
     -0.099800      0.517778E+00
     -0.096994      0.552829E+00
     -0.094188      0.594991E+00
     -0.091383      0.647306E+00
     -0.088577      0.714851E+00
     -0.085772      0.806645E+00
     -0.082966      0.939999E+00
     -0.080160      0.115157E+01
     -0.077355      0.152952E+01
     -0.074549      0.232366E+01
     -0.071743      0.437768E+01
     -0.068938      0.971880E+01
     -0.066132      0.946064E+01
     -0.063327      0.433975E+01
     -0.060521      0.245847E+01
     -0.057715      0.177259E+01
     -0.054910      0.148748E+01
     -0.052104      0.136750E+01
     -0.049299      0.133021E+01
     -0.046493      0.134309E+01
     -0.043687      0.139379E+01
     -0.040882      0.148155E+01
     -0.038076      0.161819E+01
     -0.035271      0.184353E+01
     -0.032465      0.228877E+01
     -0.029659      0.322959E+01
     -0.026854      0.389640E+01
     -0.024048      0.432075E+01
     -0.021242      0.346652E+01
     -0.018437      0.312619E+01
     -0.015631      0.325839E+01
     -0.012826      0.363081E+01
     -0.010020      0.422189E+01
     -0.007214      0.511723E+01
     -0.004409      0.655141E+01
     -0.001603      0.914910E+01
      0.001202      0.144193E+02
      0.004008      0.244589E+02
      0.006814      0.405314E+02
      0.009619      0.484273E+02
      0.012425      0.488999E+02
      0.015230      0.519105E+02
      0.018036      0.567375E+02
      0.020842      0.659057E+02
      0.023647      0.819454E+02
      0.026453      0.909496E+02
      0.029259      0.834662E+02
      0.032064      0.789128E+02
      0.034870      0.818262E+02
      0.037675      0.894628E+02
      0.040481      0.930942E+02
      0.043287      0.852036E+02
      0.046092      0.722156E+02
      0.048898      0.708021E+02
      0.051703      0.772652E+02
      0.054509      0.928494E+02
      0.057315      0.117164E+03
      0.060120      0.136934E+03
      0.062926      0.141376E+03
      0.065731      0.119996E+03
      0.068537      0.105347E+03
      0.071343      0.107129E+03
      0.074148      0.115803E+03
      0.076954      0.115634E+03
      0.079760      0.119229E+03
      0.082565      0.124626E+03
      0.085371      0.123009E+03
      0.088176      0.125893E+03
      0.090982      0.126190E+03
      0.093788      0.117542E+03
      0.096593      0.106918E+03
      0.099399      0.718361E+02
      0.102204      0.414795E+02
      0.105010      0.272307E+02
      0.107816      0.196935E+02
      0.110621      0.153299E+02
      0.113427      0.125956E+02
      0.116232      0.107424E+02
      0.119038      0.941224E+01
      0.121844      0.841633E+01
      0.124649      0.764644E+01
      0.127455      0.703618E+01
      0.130261      0.654266E+01
      0.133066      0.613702E+01
      0.135872      0.579911E+01
      0.138677      0.551447E+01
      0.141483      0.527245E+01
      0.144289      0.506505E+01
      0.147094      0.488616E+01
      0.149900      0.473100E+01
      0.152705      0.459581E+01
      0.155511      0.447760E+01
      0.158317      0.437392E+01
      0.161122      0.428280E+01
      0.163928      0.420259E+01
      0.166733      0.413195E+01
      0.169539      0.406973E+01
      0.172345      0.401496E+01
      0.175150      0.396684E+01
      0.177956      0.392466E+01
      0.180762      0.388781E+01
      0.183567      0.385578E+01
      0.186373      0.382811E+01
      0.189178      0.380439E+01
      0.191984      0.378429E+01
      0.194790      0.376748E+01
      0.197595      0.375369E+01
      0.200401      0.374269E+01
      0.203206      0.373427E+01
      0.206012      0.372822E+01
      0.208818      0.372440E+01
      0.211623      0.372266E+01
      0.214429      0.372289E+01
      0.217234      0.372499E+01
      0.220040      0.372889E+01
      0.222846      0.373452E+01
      0.225651      0.374186E+01
      0.228457      0.375088E+01
      0.231263      0.376159E+01
      0.234068      0.377402E+01
      0.236874      0.378819E+01
      0.239679      0.380419E+01
      0.242485      0.382208E+01
      0.245291      0.384196E+01
      0.248096      0.386397E+01
      0.250902      0.388825E+01
      0.253707      0.391497E+01
      0.256513      0.394432E+01
      0.259319      0.397654E+01
      0.262124      0.401189E+01
      0.264930      0.405066E+01
      0.267735      0.409319E+01
      0.270541      0.413986E+01
      0.273347      0.419109E+01
      0.276152      0.424732E+01
      0.278958      0.430901E+01
      0.281764      0.437660E+01
      0.284569      0.445043E+01
      0.287375      0.453064E+01
      0.290180      0.461701E+01
      0.292986      0.470871E+01
      0.295792      0.480406E+01
      0.298597      0.490024E+01
      0.301403      0.499314E+01
      0.304208      0.507750E+01
      0.307014      0.514737E+01
      0.309820      0.519705E+01
      0.312625      0.522235E+01
      0.315431      0.522179E+01
      0.318236      0.519747E+01
      0.321042      0.515502E+01
      0.323848      0.510240E+01
      0.326653      0.504734E+01
      0.329459      0.499366E+01
      0.332265      0.493730E+01
      0.335070      0.486466E+01
      0.337876      0.476034E+01
      0.340681      0.462917E+01
      0.343487      0.450504E+01
      0.346293      0.442246E+01
      0.349098      0.438876E+01
      0.351904      0.438189E+01
      0.354709      0.439004E+01
      0.357515      0.445774E+01
      0.360321      0.462992E+01
      0.363126      0.486251E+01
      0.365932      0.504505E+01
      0.368737      0.516383E+01
      0.371543      0.526917E+01
      0.374349      0.534118E+01
      0.377154      0.539711E+01
      0.379960      0.544343E+01
      0.382766      0.552572E+01
      0.385571      0.564233E+01
      0.388377      0.566726E+01
      0.391182      0.562722E+01
      0.393988      0.556612E+01
      0.396794      0.552200E+01
      0.399599      0.549172E+01
      0.402405      0.542154E+01
      0.405210      0.530063E+01
      0.408016      0.512453E+01
      0.410822      0.493272E+01
      0.413627      0.473430E+01
      0.416433      0.451820E+01
      0.419238      0.434467E+01
      0.422044      0.415462E+01
      0.424850      0.395938E+01
      0.427655      0.385179E+01
      0.430461      0.385005E+01
      0.433267      0.391273E+01
      0.436072      0.394873E+01
      0.438878      0.392323E+01
      0.441683      0.386407E+01
      0.444489      0.371910E+01
      0.447295      0.357912E+01
      0.450100      0.349539E+01
      0.452906      0.339751E+01
      0.455711      0.328990E+01
      0.458517      0.319663E+01
      0.461323      0.309709E+01
      0.464128      0.297995E+01
      0.466934      0.288980E+01
      0.469739      0.283778E+01
      0.472545      0.280328E+01
      0.475351      0.276764E+01
      0.478156      0.272002E+01
      0.480962      0.266493E+01
      0.483768      0.261850E+01
      0.486573      0.258913E+01
      0.489379      0.257572E+01
      0.492184      0.257437E+01
      0.494990      0.258148E+01
      0.497796      0.259432E+01
      0.500601      0.261089E+01
      0.503407      0.262973E+01
      0.506212      0.264979E+01
      0.509018      0.267028E+01
      0.511824      0.269063E+01
      0.514629      0.271045E+01
      0.517435      0.272943E+01
      0.520240      0.274738E+01
      0.523046      0.276419E+01
      0.525852      0.277979E+01
      0.528657      0.279415E+01
      0.531463      0.280729E+01
      0.534269      0.281925E+01
      0.537074      0.283008E+01
      0.539880      0.283984E+01
      0.542685      0.284862E+01
      0.545491      0.285650E+01
      0.548297      0.286357E+01
      0.551102      0.286991E+01
      0.553908      0.287561E+01
      0.556713      0.288076E+01
      0.559519      0.288542E+01
      0.562325      0.288967E+01
      0.565130      0.289360E+01
      0.567936      0.289724E+01
      0.570741      0.290067E+01
      0.573547      0.290394E+01
      0.576353      0.290708E+01
      0.579158      0.291013E+01
      0.581964      0.291313E+01
      0.584770      0.291609E+01
      0.587575      0.291903E+01
      0.590381      0.292196E+01
      0.593186      0.292489E+01
      0.595992      0.292780E+01
      0.598798      0.293070E+01
      0.601603      0.293357E+01
      0.604409      0.293639E+01
      0.607214      0.293914E+01
      0.610020      0.294180E+01
      0.612826      0.294434E+01
      0.615631      0.294673E+01
      0.618437      0.294893E+01
      0.621242      0.295092E+01
      0.624048      0.295266E+01
      0.626854      0.295412E+01
      0.629659      0.295528E+01
      0.632465      0.295609E+01
      0.635271      0.295654E+01
      0.638076      0.295660E+01
      0.640882      0.295624E+01
      0.643687      0.295545E+01
      0.646493      0.295421E+01
      0.649299      0.295252E+01
      0.652104      0.295035E+01
      0.654910      0.294772E+01
      0.657715      0.294461E+01
      0.660521      0.294104E+01
      0.663327      0.293701E+01
      0.666132      0.293253E+01
      0.668938      0.292762E+01
      0.671743      0.292229E+01
      0.674549      0.291658E+01
      0.677355      0.291050E+01
      0.680160      0.290407E+01
      0.682966      0.289733E+01
      0.685772      0.289032E+01
      0.688577      0.288305E+01
      0.691383      0.287558E+01
      0.694188      0.286792E+01
      0.696994      0.286013E+01
      0.699800      0.285223E+01
      0.702605      0.284427E+01
      0.705411      0.283629E+01
      0.708216      0.282831E+01
      0.711022      0.282039E+01
      0.713828      0.281255E+01
      0.716633      0.280485E+01
      0.719439      0.279732E+01
      0.722244      0.278999E+01
      0.725050      0.278290E+01
      0.727856      0.277610E+01
      0.730661      0.276961E+01
      0.733467      0.276348E+01
      0.736273      0.275775E+01
      0.739078      0.275244E+01
      0.741884      0.274759E+01
      0.744689      0.274325E+01
      0.747495      0.273944E+01
      0.750301      0.273620E+01
      0.753106      0.273356E+01
      0.755912      0.273156E+01
      0.758717      0.273023E+01
      0.761523      0.272961E+01
      0.764329      0.272974E+01
      0.767134      0.273064E+01
      0.769940      0.273236E+01
      0.772745      0.273492E+01
      0.775551      0.273837E+01
      0.778357      0.274275E+01
      0.781162      0.274808E+01
      0.783968      0.275440E+01
      0.786774      0.276176E+01
      0.789579      0.277019E+01
      0.792385      0.277974E+01
      0.795190      0.279044E+01
      0.797996      0.280233E+01
      0.800802      0.281545E+01
      0.803607      0.282986E+01
      0.806413      0.284558E+01
      0.809218      0.286267E+01
      0.812024      0.288116E+01
      0.814830      0.290110E+01
      0.817635      0.292253E+01
      0.820441      0.294550E+01
      0.823246      0.297005E+01
      0.826052      0.299622E+01
      0.828858      0.302405E+01
      0.831663      0.305359E+01
      0.834469      0.308485E+01
      0.837275      0.311789E+01
      0.840080      0.315273E+01
      0.842886      0.318940E+01
      0.845691      0.322791E+01
      0.848497      0.326828E+01
      0.851303      0.331052E+01
      0.854108      0.335463E+01
      0.856914      0.340060E+01
      0.859719      0.344841E+01
      0.862525      0.349802E+01
      0.865331      0.354940E+01
      0.868136      0.360249E+01
      0.870942      0.365720E+01
      0.873747      0.371346E+01
      0.876553      0.377116E+01
      0.879359      0.383017E+01
      0.882164      0.389035E+01
      0.884970      0.395155E+01
      0.887776      0.401358E+01
      0.890581      0.407626E+01
      0.893387      0.413936E+01
      0.896192      0.420267E+01
      0.898998      0.426594E+01
      0.901804      0.432892E+01
      0.904609      0.439136E+01
      0.907415      0.445299E+01
      0.910220      0.451355E+01
      0.913026      0.457278E+01
      0.915832      0.463042E+01
      0.918637      0.468622E+01
      0.921443      0.473996E+01
      0.924248      0.479142E+01
      0.927054      0.484040E+01
      0.929860      0.488673E+01
      0.932665      0.493026E+01
      0.935471      0.497087E+01
      0.938277      0.500847E+01
      0.941082      0.504298E+01
      0.943888      0.507436E+01
      0.946693      0.510260E+01
      0.949499      0.512770E+01
      0.952305      0.514970E+01
      0.955110      0.516864E+01
      0.957916      0.518460E+01
      0.960721      0.519766E+01
      0.963527      0.520793E+01
      0.966333      0.521553E+01
      0.969138      0.522058E+01
      0.971944      0.522323E+01
      0.974749      0.522361E+01
      0.977555      0.522189E+01
      0.980361      0.521821E+01
      0.983166      0.521274E+01
      0.985972      0.520563E+01
      0.988778      0.519705E+01
      0.991583      0.518717E+01
      0.994389      0.517612E+01
      0.997194      0.516408E+01
      1.000000      0.515120E+01
