DOS Data: Atom #  11
--------------------------------
Fermi energy:  0.65120595                                   
LIZ Radius: 12.05235558                                     
Num Energy Points:   500                                    
--------------------------------
        Energy           DOS
     -0.400000      0.558056E-01
     -0.397194      0.564539E-01
     -0.394389      0.571144E-01
     -0.391583      0.577875E-01
     -0.388778      0.584734E-01
     -0.385972      0.591726E-01
     -0.383166      0.598853E-01
     -0.380361      0.606119E-01
     -0.377555      0.613528E-01
     -0.374749      0.621084E-01
     -0.371944      0.628791E-01
     -0.369138      0.636653E-01
     -0.366333      0.644674E-01
     -0.363527      0.652859E-01
     -0.360721      0.661212E-01
     -0.357916      0.669738E-01
     -0.355110      0.678442E-01
     -0.352305      0.687329E-01
     -0.349499      0.696404E-01
     -0.346693      0.705673E-01
     -0.343888      0.715141E-01
     -0.341082      0.724814E-01
     -0.338277      0.734699E-01
     -0.335471      0.744802E-01
     -0.332665      0.755129E-01
     -0.329860      0.765687E-01
     -0.327054      0.776484E-01
     -0.324248      0.787526E-01
     -0.321443      0.798822E-01
     -0.318637      0.810379E-01
     -0.315832      0.822206E-01
     -0.313026      0.834311E-01
     -0.310220      0.846704E-01
     -0.307415      0.859394E-01
     -0.304609      0.872390E-01
     -0.301804      0.885703E-01
     -0.298998      0.899344E-01
     -0.296192      0.913323E-01
     -0.293387      0.927652E-01
     -0.290581      0.942344E-01
     -0.287776      0.957411E-01
     -0.284970      0.972866E-01
     -0.282164      0.988722E-01
     -0.279359      0.100500E+00
     -0.276553      0.102170E+00
     -0.273747      0.103885E+00
     -0.270942      0.105647E+00
     -0.268136      0.107457E+00
     -0.265331      0.109316E+00
     -0.262525      0.111228E+00
     -0.259719      0.113193E+00
     -0.256914      0.115215E+00
     -0.254108      0.117294E+00
     -0.251303      0.119434E+00
     -0.248497      0.121638E+00
     -0.245691      0.123906E+00
     -0.242886      0.126243E+00
     -0.240080      0.128651E+00
     -0.237275      0.131134E+00
     -0.234469      0.133693E+00
     -0.231663      0.136333E+00
     -0.228858      0.139058E+00
     -0.226052      0.141871E+00
     -0.223246      0.144775E+00
     -0.220441      0.147776E+00
     -0.217635      0.150878E+00
     -0.214830      0.154086E+00
     -0.212024      0.157404E+00
     -0.209218      0.160838E+00
     -0.206413      0.164394E+00
     -0.203607      0.168077E+00
     -0.200802      0.171896E+00
     -0.197996      0.175855E+00
     -0.195190      0.179964E+00
     -0.192385      0.184230E+00
     -0.189579      0.188661E+00
     -0.186774      0.193268E+00
     -0.183968      0.198059E+00
     -0.181162      0.203047E+00
     -0.178357      0.208241E+00
     -0.175551      0.213656E+00
     -0.172745      0.219305E+00
     -0.169940      0.225203E+00
     -0.167134      0.231366E+00
     -0.164329      0.237812E+00
     -0.161523      0.244560E+00
     -0.158717      0.251634E+00
     -0.155912      0.259055E+00
     -0.153106      0.266852E+00
     -0.150301      0.275053E+00
     -0.147495      0.283692E+00
     -0.144689      0.292806E+00
     -0.141884      0.302437E+00
     -0.139078      0.312635E+00
     -0.136273      0.323454E+00
     -0.133467      0.334959E+00
     -0.130661      0.347225E+00
     -0.127856      0.360340E+00
     -0.125050      0.374411E+00
     -0.122244      0.389566E+00
     -0.119439      0.405962E+00
     -0.116633      0.423793E+00
     -0.113828      0.443309E+00
     -0.111022      0.464828E+00
     -0.108216      0.488775E+00
     -0.105411      0.515720E+00
     -0.102605      0.546462E+00
     -0.099800      0.582148E+00
     -0.096994      0.624485E+00
     -0.094188      0.676132E+00
     -0.091383      0.741432E+00
     -0.088577      0.827918E+00
     -0.085772      0.949627E+00
     -0.082966      0.113522E+01
     -0.080160      0.145040E+01
     -0.077355      0.207057E+01
     -0.074549      0.355752E+01
     -0.071743      0.773223E+01
     -0.068938      0.115027E+02
     -0.066132      0.578965E+01
     -0.063327      0.302280E+01
     -0.060521      0.206581E+01
     -0.057715      0.168782E+01
     -0.054910      0.153342E+01
     -0.052104      0.148592E+01
     -0.049299      0.150225E+01
     -0.046493      0.156950E+01
     -0.043687      0.169811E+01
     -0.040882      0.194795E+01
     -0.038076      0.250052E+01
     -0.035271      0.280920E+01
     -0.032465      0.255090E+01
     -0.029659      0.274883E+01
     -0.026854      0.329782E+01
     -0.024048      0.333269E+01
     -0.021242      0.357262E+01
     -0.018437      0.427517E+01
     -0.015631      0.465738E+01
     -0.012826      0.518995E+01
     -0.010020      0.629974E+01
     -0.007214      0.826125E+01
     -0.004409      0.121714E+02
     -0.001603      0.212863E+02
      0.001202      0.321820E+02
      0.004008      0.370196E+02
      0.006814      0.450667E+02
      0.009619      0.555857E+02
      0.012425      0.648309E+02
      0.015230      0.703307E+02
      0.018036      0.967022E+02
      0.020842      0.107130E+03
      0.023647      0.107564E+03
      0.026453      0.133155E+03
      0.029259      0.158371E+03
      0.032064      0.152534E+03
      0.034870      0.145058E+03
      0.037675      0.129885E+03
      0.040481      0.125479E+03
      0.043287      0.118252E+03
      0.046092      0.954977E+02
      0.048898      0.805239E+02
      0.051703      0.747243E+02
      0.054509      0.719154E+02
      0.057315      0.745723E+02
      0.060120      0.795191E+02
      0.062926      0.732281E+02
      0.065731      0.596231E+02
      0.068537      0.559864E+02
      0.071343      0.613595E+02
      0.074148      0.682389E+02
      0.076954      0.696496E+02
      0.079760      0.722980E+02
      0.082565      0.806401E+02
      0.085371      0.979427E+02
      0.088176      0.113131E+03
      0.090982      0.100489E+03
      0.093788      0.803736E+02
      0.096593      0.784259E+02
      0.099399      0.743797E+02
      0.102204      0.666377E+02
      0.105010      0.614771E+02
      0.107816      0.362051E+02
      0.110621      0.223444E+02
      0.113427      0.158367E+02
      0.116232      0.123443E+02
      0.119038      0.102144E+02
      0.121844      0.879330E+01
      0.124649      0.778373E+01
      0.127455      0.703320E+01
      0.130261      0.645599E+01
      0.133066      0.600033E+01
      0.135872      0.563316E+01
      0.138677      0.533238E+01
      0.141483      0.508269E+01
      0.144289      0.487312E+01
      0.147094      0.469564E+01
      0.149900      0.454418E+01
      0.152705      0.441412E+01
      0.155511      0.430183E+01
      0.158317      0.420444E+01
      0.161122      0.411965E+01
      0.163928      0.404560E+01
      0.166733      0.398075E+01
      0.169539      0.392381E+01
      0.172345      0.387373E+01
      0.175150      0.382962E+01
      0.177956      0.379071E+01
      0.180762      0.375636E+01
      0.183567      0.372603E+01
      0.186373      0.369926E+01
      0.189178      0.367565E+01
      0.191984      0.365487E+01
      0.194790      0.363664E+01
      0.197595      0.362073E+01
      0.200401      0.360693E+01
      0.203206      0.359509E+01
      0.206012      0.358507E+01
      0.208818      0.357678E+01
      0.211623      0.357012E+01
      0.214429      0.356503E+01
      0.217234      0.356146E+01
      0.220040      0.355937E+01
      0.222846      0.355874E+01
      0.225651      0.355954E+01
      0.228457      0.356175E+01
      0.231263      0.356537E+01
      0.234068      0.357040E+01
      0.236874      0.357683E+01
      0.239679      0.358465E+01
      0.242485      0.359388E+01
      0.245291      0.360451E+01
      0.248096      0.361655E+01
      0.250902      0.362999E+01
      0.253707      0.364484E+01
      0.256513      0.366110E+01
      0.259319      0.367877E+01
      0.262124      0.369783E+01
      0.264930      0.371828E+01
      0.267735      0.374009E+01
      0.270541      0.376324E+01
      0.273347      0.378768E+01
      0.276152      0.381335E+01
      0.278958      0.384016E+01
      0.281764      0.386803E+01
      0.284569      0.389684E+01
      0.287375      0.392650E+01
      0.290180      0.395694E+01
      0.292986      0.398819E+01
      0.295792      0.402044E+01
      0.298597      0.405414E+01
      0.301403      0.409014E+01
      0.304208      0.412981E+01
      0.307014      0.417520E+01
      0.309820      0.422912E+01
      0.312625      0.429502E+01
      0.315431      0.437654E+01
      0.318236      0.447631E+01
      0.321042      0.459369E+01
      0.323848      0.472137E+01
      0.326653      0.484274E+01
      0.329459      0.493384E+01
      0.332265      0.497345E+01
      0.335070      0.495786E+01
      0.337876      0.490688E+01
      0.340681      0.484955E+01
      0.343487      0.479712E+01
      0.346293      0.472405E+01
      0.349098      0.458702E+01
      0.351904      0.438168E+01
      0.354709      0.416407E+01
      0.357515      0.400286E+01
      0.360321      0.392267E+01
      0.363126      0.390030E+01
      0.365932      0.391527E+01
      0.368737      0.399904E+01
      0.371543      0.417534E+01
      0.374349      0.437951E+01
      0.377154      0.451311E+01
      0.379960      0.458284E+01
      0.382766      0.464402E+01
      0.385571      0.473654E+01
      0.388377      0.480972E+01
      0.391182      0.472569E+01
      0.393988      0.457583E+01
      0.396794      0.444843E+01
      0.399599      0.434287E+01
      0.402405      0.425057E+01
      0.405210      0.419143E+01
      0.408016      0.414652E+01
      0.410822      0.406452E+01
      0.413627      0.397435E+01
      0.416433      0.391425E+01
      0.419238      0.387245E+01
      0.422044      0.384043E+01
      0.424850      0.382455E+01
      0.427655      0.382837E+01
      0.430461      0.382994E+01
      0.433267      0.380103E+01
      0.436072      0.376261E+01
      0.438878      0.370821E+01
      0.441683      0.362060E+01
      0.444489      0.353586E+01
      0.447295      0.345252E+01
      0.450100      0.338974E+01
      0.452906      0.333521E+01
      0.455711      0.326210E+01
      0.458517      0.319419E+01
      0.461323      0.310761E+01
      0.464128      0.298286E+01
      0.466934      0.284712E+01
      0.469739      0.273271E+01
      0.472545      0.265427E+01
      0.475351      0.260765E+01
      0.478156      0.258730E+01
      0.480962      0.258885E+01
      0.483768      0.260556E+01
      0.486573      0.263012E+01
      0.489379      0.265748E+01
      0.492184      0.268494E+01
      0.494990      0.271127E+01
      0.497796      0.273593E+01
      0.500601      0.275875E+01
      0.503407      0.277971E+01
      0.506212      0.279888E+01
      0.509018      0.281636E+01
      0.511824      0.283230E+01
      0.514629      0.284685E+01
      0.517435      0.286014E+01
      0.520240      0.287233E+01
      0.523046      0.288353E+01
      0.525852      0.289388E+01
      0.528657      0.290348E+01
      0.531463      0.291243E+01
      0.534269      0.292082E+01
      0.537074      0.292873E+01
      0.539880      0.293622E+01
      0.542685      0.294337E+01
      0.545491      0.295022E+01
      0.548297      0.295682E+01
      0.551102      0.296323E+01
      0.553908      0.296948E+01
      0.556713      0.297561E+01
      0.559519      0.298165E+01
      0.562325      0.298763E+01
      0.565130      0.299356E+01
      0.567936      0.299948E+01
      0.570741      0.300539E+01
      0.573547      0.301131E+01
      0.576353      0.301724E+01
      0.579158      0.302319E+01
      0.581964      0.302916E+01
      0.584770      0.303513E+01
      0.587575      0.304110E+01
      0.590381      0.304705E+01
      0.593186      0.305296E+01
      0.595992      0.305882E+01
      0.598798      0.306458E+01
      0.601603      0.307022E+01
      0.604409      0.307571E+01
      0.607214      0.308100E+01
      0.610020      0.308606E+01
      0.612826      0.309084E+01
      0.615631      0.309530E+01
      0.618437      0.309940E+01
      0.621242      0.310310E+01
      0.624048      0.310636E+01
      0.626854      0.310913E+01
      0.629659      0.311138E+01
      0.632465      0.311308E+01
      0.635271      0.311419E+01
      0.638076      0.311470E+01
      0.640882      0.311457E+01
      0.643687      0.311379E+01
      0.646493      0.311235E+01
      0.649299      0.311024E+01
      0.652104      0.310746E+01
      0.654910      0.310402E+01
      0.657715      0.309993E+01
      0.660521      0.309520E+01
      0.663327      0.308985E+01
      0.666132      0.308390E+01
      0.668938      0.307739E+01
      0.671743      0.307034E+01
      0.674549      0.306279E+01
      0.677355      0.305477E+01
      0.680160      0.304634E+01
      0.682966      0.303753E+01
      0.685772      0.302839E+01
      0.688577      0.301897E+01
      0.691383      0.300931E+01
      0.694188      0.299946E+01
      0.696994      0.298947E+01
      0.699800      0.297939E+01
      0.702605      0.296927E+01
      0.705411      0.295915E+01
      0.708216      0.294910E+01
      0.711022      0.293915E+01
      0.713828      0.292935E+01
      0.716633      0.291976E+01
      0.719439      0.291040E+01
      0.722244      0.290134E+01
      0.725050      0.289260E+01
      0.727856      0.288425E+01
      0.730661      0.287630E+01
      0.733467      0.286882E+01
      0.736273      0.286183E+01
      0.739078      0.285538E+01
      0.741884      0.284950E+01
      0.744689      0.284423E+01
      0.747495      0.283961E+01
      0.750301      0.283567E+01
      0.753106      0.283244E+01
      0.755912      0.282997E+01
      0.758717      0.282828E+01
      0.761523      0.282741E+01
      0.764329      0.282740E+01
      0.767134      0.282827E+01
      0.769940      0.283006E+01
      0.772745      0.283281E+01
      0.775551      0.283654E+01
      0.778357      0.284129E+01
      0.781162      0.284710E+01
      0.783968      0.285399E+01
      0.786774      0.286201E+01
      0.789579      0.287118E+01
      0.792385      0.288155E+01
      0.795190      0.289314E+01
      0.797996      0.290600E+01
      0.800802      0.292015E+01
      0.803607      0.293563E+01
      0.806413      0.295249E+01
      0.809218      0.297074E+01
      0.812024      0.299044E+01
      0.814830      0.301161E+01
      0.817635      0.303428E+01
      0.820441      0.305849E+01
      0.823246      0.308428E+01
      0.826052      0.311165E+01
      0.828858      0.314066E+01
      0.831663      0.317131E+01
      0.834469      0.320363E+01
      0.837275      0.323764E+01
      0.840080      0.327334E+01
      0.842886      0.331075E+01
      0.845691      0.334986E+01
      0.848497      0.339067E+01
      0.851303      0.343316E+01
      0.854108      0.347732E+01
      0.856914      0.352311E+01
      0.859719      0.357049E+01
      0.862525      0.361941E+01
      0.865331      0.366980E+01
      0.868136      0.372159E+01
      0.870942      0.377469E+01
      0.873747      0.382900E+01
      0.876553      0.388440E+01
      0.879359      0.394077E+01
      0.882164      0.399797E+01
      0.884970      0.405583E+01
      0.887776      0.411420E+01
      0.890581      0.417290E+01
      0.893387      0.423174E+01
      0.896192      0.429052E+01
      0.898998      0.434905E+01
      0.901804      0.440711E+01
      0.904609      0.446449E+01
      0.907415      0.452098E+01
      0.910220      0.457636E+01
      0.913026      0.463044E+01
      0.915832      0.468301E+01
      0.918637      0.473387E+01
      0.921443      0.478284E+01
      0.924248      0.482976E+01
      0.927054      0.487445E+01
      0.929860      0.491679E+01
      0.932665      0.495665E+01
      0.935471      0.499393E+01
      0.938277      0.502854E+01
      0.941082      0.506041E+01
      0.943888      0.508951E+01
      0.946693      0.511581E+01
      0.949499      0.513931E+01
      0.952305      0.516002E+01
      0.955110      0.517799E+01
      0.957916      0.519327E+01
      0.960721      0.520593E+01
      0.963527      0.521605E+01
      0.966333      0.522374E+01
      0.969138      0.522912E+01
      0.971944      0.523230E+01
      0.974749      0.523342E+01
      0.977555      0.523262E+01
      0.980361      0.523004E+01
      0.983166      0.522583E+01
      0.985972      0.522014E+01
      0.988778      0.521312E+01
      0.991583      0.520492E+01
      0.994389      0.519570E+01
      0.997194      0.518558E+01
      1.000000      0.517471E+01
