DOS Data: Atom #   6
--------------------------------
Fermi energy:  0.65120595                                   
LIZ Radius: 12.05235558                                     
Num Energy Points:   500                                    
--------------------------------
        Energy           DOS
     -0.400000      0.235443E-01
     -0.397194      0.237092E-01
     -0.394389      0.238762E-01
     -0.391583      0.240455E-01
     -0.388778      0.242170E-01
     -0.385972      0.243907E-01
     -0.383166      0.245668E-01
     -0.380361      0.247453E-01
     -0.377555      0.249262E-01
     -0.374749      0.251096E-01
     -0.371944      0.252955E-01
     -0.369138      0.254841E-01
     -0.366333      0.256752E-01
     -0.363527      0.258691E-01
     -0.360721      0.260658E-01
     -0.357916      0.262652E-01
     -0.355110      0.264676E-01
     -0.352305      0.266729E-01
     -0.349499      0.268813E-01
     -0.346693      0.270927E-01
     -0.343888      0.273074E-01
     -0.341082      0.275252E-01
     -0.338277      0.277464E-01
     -0.335471      0.279710E-01
     -0.332665      0.281991E-01
     -0.329860      0.284308E-01
     -0.327054      0.286662E-01
     -0.324248      0.289053E-01
     -0.321443      0.291483E-01
     -0.318637      0.293952E-01
     -0.315832      0.296463E-01
     -0.313026      0.299015E-01
     -0.310220      0.301610E-01
     -0.307415      0.304249E-01
     -0.304609      0.306933E-01
     -0.301804      0.309665E-01
     -0.298998      0.312444E-01
     -0.296192      0.315272E-01
     -0.293387      0.318152E-01
     -0.290581      0.321084E-01
     -0.287776      0.324070E-01
     -0.284970      0.327112E-01
     -0.282164      0.330211E-01
     -0.279359      0.333369E-01
     -0.276553      0.336589E-01
     -0.273747      0.339872E-01
     -0.270942      0.343220E-01
     -0.268136      0.346636E-01
     -0.265331      0.350122E-01
     -0.262525      0.353680E-01
     -0.259719      0.357314E-01
     -0.256914      0.361025E-01
     -0.254108      0.364817E-01
     -0.251303      0.368692E-01
     -0.248497      0.372655E-01
     -0.245691      0.376708E-01
     -0.242886      0.380856E-01
     -0.240080      0.385101E-01
     -0.237275      0.389449E-01
     -0.234469      0.393903E-01
     -0.231663      0.398468E-01
     -0.228858      0.403150E-01
     -0.226052      0.407953E-01
     -0.223246      0.412883E-01
     -0.220441      0.417947E-01
     -0.217635      0.423151E-01
     -0.214830      0.428502E-01
     -0.212024      0.434008E-01
     -0.209218      0.439677E-01
     -0.206413      0.445518E-01
     -0.203607      0.451541E-01
     -0.200802      0.457756E-01
     -0.197996      0.464175E-01
     -0.195190      0.470810E-01
     -0.192385      0.477675E-01
     -0.189579      0.484785E-01
     -0.186774      0.492156E-01
     -0.183968      0.499807E-01
     -0.181162      0.507758E-01
     -0.178357      0.516030E-01
     -0.175551      0.524650E-01
     -0.172745      0.533644E-01
     -0.169940      0.543043E-01
     -0.167134      0.552883E-01
     -0.164329      0.563203E-01
     -0.161523      0.574047E-01
     -0.158717      0.585467E-01
     -0.155912      0.597520E-01
     -0.153106      0.610274E-01
     -0.150301      0.623805E-01
     -0.147495      0.638204E-01
     -0.144689      0.653576E-01
     -0.141884      0.670044E-01
     -0.139078      0.687755E-01
     -0.136273      0.706883E-01
     -0.133467      0.727640E-01
     -0.130661      0.750281E-01
     -0.127856      0.775118E-01
     -0.125050      0.802540E-01
     -0.122244      0.833030E-01
     -0.119439      0.867202E-01
     -0.116633      0.905844E-01
     -0.113828      0.949978E-01
     -0.111022      0.100096E+00
     -0.108216      0.106062E+00
     -0.105411      0.113146E+00
     -0.102605      0.121701E+00
     -0.099800      0.132236E+00
     -0.096994      0.145508E+00
     -0.094188      0.162687E+00
     -0.091383      0.185649E+00
     -0.088577      0.217565E+00
     -0.085772      0.264139E+00
     -0.082966      0.336436E+00
     -0.080160      0.458159E+00
     -0.077355      0.687044E+00
     -0.074549      0.118920E+01
     -0.071743      0.253070E+01
     -0.068938      0.589120E+01
     -0.066132      0.512580E+01
     -0.063327      0.215103E+01
     -0.060521      0.107513E+01
     -0.057715      0.663213E+00
     -0.054910      0.475989E+00
     -0.052104      0.381933E+00
     -0.049299      0.334919E+00
     -0.046493      0.317867E+00
     -0.043687      0.327801E+00
     -0.040882      0.376182E+00
     -0.038076      0.509137E+00
     -0.035271      0.893349E+00
     -0.032465      0.169943E+01
     -0.029659      0.121540E+01
     -0.026854      0.642497E+00
     -0.024048      0.458206E+00
     -0.021242      0.412438E+00
     -0.018437      0.446470E+00
     -0.015631      0.607072E+00
     -0.012826      0.867746E+00
     -0.010020      0.666993E+00
     -0.007214      0.566983E+00
     -0.004409      0.615011E+00
     -0.001603      0.796203E+00
      0.001202      0.119315E+01
      0.004008      0.168935E+01
      0.006814      0.211226E+01
      0.009619      0.285631E+01
      0.012425      0.429757E+01
      0.015230      0.539155E+01
      0.018036      0.586856E+01
      0.020842      0.687098E+01
      0.023647      0.773826E+01
      0.026453      0.732356E+01
      0.029259      0.632921E+01
      0.032064      0.572341E+01
      0.034870      0.465947E+01
      0.037675      0.403567E+01
      0.040481      0.383502E+01
      0.043287      0.412145E+01
      0.046092      0.506466E+01
      0.048898      0.564650E+01
      0.051703      0.523776E+01
      0.054509      0.498289E+01
      0.057315      0.505232E+01
      0.060120      0.505247E+01
      0.062926      0.502885E+01
      0.065731      0.518847E+01
      0.068537      0.549559E+01
      0.071343      0.549283E+01
      0.074148      0.533777E+01
      0.076954      0.523724E+01
      0.079760      0.508938E+01
      0.082565      0.482145E+01
      0.085371      0.443703E+01
      0.088176      0.374172E+01
      0.090982      0.312686E+01
      0.093788      0.257125E+01
      0.096593      0.213937E+01
      0.099399      0.182198E+01
      0.102204      0.163496E+01
      0.105010      0.154520E+01
      0.107816      0.150838E+01
      0.110621      0.145218E+01
      0.113427      0.144147E+01
      0.116232      0.145357E+01
      0.119038      0.147483E+01
      0.121844      0.150043E+01
      0.124649      0.152841E+01
      0.127455      0.155783E+01
      0.130261      0.158817E+01
      0.133066      0.161915E+01
      0.135872      0.165059E+01
      0.138677      0.168238E+01
      0.141483      0.171446E+01
      0.144289      0.174682E+01
      0.147094      0.177947E+01
      0.149900      0.181245E+01
      0.152705      0.184581E+01
      0.155511      0.187964E+01
      0.158317      0.191402E+01
      0.161122      0.194906E+01
      0.163928      0.198486E+01
      0.166733      0.202154E+01
      0.169539      0.205921E+01
      0.172345      0.209800E+01
      0.175150      0.213802E+01
      0.177956      0.217940E+01
      0.180762      0.222225E+01
      0.183567      0.226670E+01
      0.186373      0.231286E+01
      0.189178      0.236086E+01
      0.191984      0.241082E+01
      0.194790      0.246287E+01
      0.197595      0.251715E+01
      0.200401      0.257380E+01
      0.203206      0.263298E+01
      0.206012      0.269484E+01
      0.208818      0.275958E+01
      0.211623      0.282740E+01
      0.214429      0.289851E+01
      0.217234      0.297316E+01
      0.220040      0.305162E+01
      0.222846      0.313420E+01
      0.225651      0.322124E+01
      0.228457      0.331312E+01
      0.231263      0.341026E+01
      0.234068      0.351315E+01
      0.236874      0.362231E+01
      0.239679      0.373836E+01
      0.242485      0.386197E+01
      0.245291      0.399391E+01
      0.248096      0.413506E+01
      0.250902      0.428640E+01
      0.253707      0.444907E+01
      0.256513      0.462434E+01
      0.259319      0.481369E+01
      0.262124      0.501878E+01
      0.264930      0.524153E+01
      0.267735      0.548413E+01
      0.270541      0.574908E+01
      0.273347      0.603924E+01
      0.276152      0.635784E+01
      0.278958      0.670856E+01
      0.281764      0.709551E+01
      0.284569      0.752328E+01
      0.287375      0.799685E+01
      0.290180      0.852151E+01
      0.292986      0.910254E+01
      0.295792      0.974462E+01
      0.298597      0.104509E+02
      0.301403      0.112213E+02
      0.304208      0.120512E+02
      0.307014      0.129303E+02
      0.309820      0.138445E+02
      0.312625      0.147824E+02
      0.315431      0.157448E+02
      0.318236      0.167538E+02
      0.321042      0.178527E+02
      0.323848      0.190959E+02
      0.326653      0.205316E+02
      0.329459      0.221833E+02
      0.332265      0.240297E+02
      0.335070      0.259705E+02
      0.337876      0.277827E+02
      0.340681      0.291794E+02
      0.343487      0.301022E+02
      0.346293      0.309060E+02
      0.349098      0.320106E+02
      0.351904      0.335488E+02
      0.354709      0.354888E+02
      0.357515      0.379535E+02
      0.360321      0.415317E+02
      0.363126      0.470452E+02
      0.365932      0.541994E+02
      0.368737      0.608908E+02
      0.371543      0.655630E+02
      0.374349      0.679125E+02
      0.377154      0.682218E+02
      0.379960      0.675601E+02
      0.382766      0.666939E+02
      0.385571      0.671352E+02
      0.388377      0.707659E+02
      0.391182      0.775742E+02
      0.393988      0.846559E+02
      0.396794      0.890196E+02
      0.399599      0.885434E+02
      0.402405      0.840581E+02
      0.405210      0.783705E+02
      0.408016      0.727400E+02
      0.410822      0.691464E+02
      0.413627      0.670656E+02
      0.416433      0.636718E+02
      0.419238      0.601589E+02
      0.422044      0.580794E+02
      0.424850      0.570427E+02
      0.427655      0.564599E+02
      0.430461      0.552749E+02
      0.433267      0.535843E+02
      0.436072      0.514685E+02
      0.438878      0.491881E+02
      0.441683      0.481708E+02
      0.444489      0.497824E+02
      0.447295      0.536131E+02
      0.450100      0.585547E+02
      0.452906      0.643794E+02
      0.455711      0.660515E+02
      0.458517      0.618407E+02
      0.461323      0.555992E+02
      0.464128      0.480914E+02
      0.466934      0.410188E+02
      0.469739      0.353281E+02
      0.472545      0.304888E+02
      0.475351      0.260674E+02
      0.478156      0.223571E+02
      0.480962      0.196221E+02
      0.483768      0.176899E+02
      0.486573      0.162814E+02
      0.489379      0.151982E+02
      0.492184      0.143229E+02
      0.494990      0.135875E+02
      0.497796      0.129512E+02
      0.500601      0.123885E+02
      0.503407      0.118828E+02
      0.506212      0.114227E+02
      0.509018      0.110004E+02
      0.511824      0.106101E+02
      0.514629      0.102474E+02
      0.517435      0.990899E+01
      0.520240      0.959219E+01
      0.523046      0.929472E+01
      0.525852      0.901470E+01
      0.528657      0.875052E+01
      0.531463      0.850076E+01
      0.534269      0.826419E+01
      0.537074      0.803973E+01
      0.539880      0.782644E+01
      0.542685      0.762345E+01
      0.545491      0.743003E+01
      0.548297      0.724553E+01
      0.551102      0.706936E+01
      0.553908      0.690100E+01
      0.556713      0.674001E+01
      0.559519      0.658597E+01
      0.562325      0.643853E+01
      0.565130      0.629736E+01
      0.567936      0.616218E+01
      0.570741      0.603274E+01
      0.573547      0.590878E+01
      0.576353      0.579010E+01
      0.579158      0.567648E+01
      0.581964      0.556775E+01
      0.584770      0.546371E+01
      0.587575      0.536420E+01
      0.590381      0.526904E+01
      0.593186      0.517807E+01
      0.595992      0.509113E+01
      0.598798      0.500806E+01
      0.601603      0.492869E+01
      0.604409      0.485288E+01
      0.607214      0.478045E+01
      0.610020      0.471126E+01
      0.612826      0.464515E+01
      0.615631      0.458196E+01
      0.618437      0.452155E+01
      0.621242      0.446375E+01
      0.624048      0.440842E+01
      0.626854      0.435541E+01
      0.629659      0.430459E+01
      0.632465      0.425581E+01
      0.635271      0.420895E+01
      0.638076      0.416386E+01
      0.640882      0.412044E+01
      0.643687      0.407857E+01
      0.646493      0.403813E+01
      0.649299      0.399903E+01
      0.652104      0.396116E+01
      0.654910      0.392444E+01
      0.657715      0.388879E+01
      0.660521      0.385413E+01
      0.663327      0.382039E+01
      0.666132      0.378752E+01
      0.668938      0.375544E+01
      0.671743      0.372413E+01
      0.674549      0.369353E+01
      0.677355      0.366361E+01
      0.680160      0.363434E+01
      0.682966      0.360568E+01
      0.685772      0.357763E+01
      0.688577      0.355015E+01
      0.691383      0.352325E+01
      0.694188      0.349691E+01
      0.696994      0.347112E+01
      0.699800      0.344588E+01
      0.702605      0.342120E+01
      0.705411      0.339708E+01
      0.708216      0.337352E+01
      0.711022      0.335053E+01
      0.713828      0.332812E+01
      0.716633      0.330630E+01
      0.719439      0.328509E+01
      0.722244      0.326450E+01
      0.725050      0.324454E+01
      0.727856      0.322523E+01
      0.730661      0.320659E+01
      0.733467      0.318863E+01
      0.736273      0.317138E+01
      0.739078      0.315485E+01
      0.741884      0.313906E+01
      0.744689      0.312403E+01
      0.747495      0.310978E+01
      0.750301      0.309633E+01
      0.753106      0.308370E+01
      0.755912      0.307191E+01
      0.758717      0.306098E+01
      0.761523      0.305094E+01
      0.764329      0.304181E+01
      0.767134      0.303360E+01
      0.769940      0.302634E+01
      0.772745      0.302006E+01
      0.775551      0.301476E+01
      0.778357      0.301049E+01
      0.781162      0.300725E+01
      0.783968      0.300508E+01
      0.786774      0.300399E+01
      0.789579      0.300401E+01
      0.792385      0.300517E+01
      0.795190      0.300748E+01
      0.797996      0.301098E+01
      0.800802      0.301568E+01
      0.803607      0.302161E+01
      0.806413      0.302879E+01
      0.809218      0.303725E+01
      0.812024      0.304701E+01
      0.814830      0.305809E+01
      0.817635      0.307052E+01
      0.820441      0.308431E+01
      0.823246      0.309949E+01
      0.826052      0.311607E+01
      0.828858      0.313407E+01
      0.831663      0.315351E+01
      0.834469      0.317440E+01
      0.837275      0.319675E+01
      0.840080      0.322056E+01
      0.842886      0.324586E+01
      0.845691      0.327263E+01
      0.848497      0.330087E+01
      0.851303      0.333059E+01
      0.854108      0.336176E+01
      0.856914      0.339437E+01
      0.859719      0.342841E+01
      0.862525      0.346385E+01
      0.865331      0.350066E+01
      0.868136      0.353879E+01
      0.870942      0.357821E+01
      0.873747      0.361887E+01
      0.876553      0.366071E+01
      0.879359      0.370366E+01
      0.882164      0.374766E+01
      0.884970      0.379264E+01
      0.887776      0.383850E+01
      0.890581      0.388517E+01
      0.893387      0.393254E+01
      0.896192      0.398051E+01
      0.898998      0.402899E+01
      0.901804      0.407785E+01
      0.904609      0.412700E+01
      0.907415      0.417630E+01
      0.910220      0.422563E+01
      0.913026      0.427488E+01
      0.915832      0.432391E+01
      0.918637      0.437260E+01
      0.921443      0.442082E+01
      0.924248      0.446845E+01
      0.927054      0.451536E+01
      0.929860      0.456141E+01
      0.932665      0.460649E+01
      0.935471      0.465047E+01
      0.938277      0.469324E+01
      0.941082      0.473467E+01
      0.943888      0.477466E+01
      0.946693      0.481310E+01
      0.949499      0.484987E+01
      0.952305      0.488489E+01
      0.955110      0.491807E+01
      0.957916      0.494931E+01
      0.960721      0.497854E+01
      0.963527      0.500571E+01
      0.966333      0.503074E+01
      0.969138      0.505360E+01
      0.971944      0.507425E+01
      0.974749      0.509267E+01
      0.977555      0.510885E+01
      0.980361      0.512281E+01
      0.983166      0.513456E+01
      0.985972      0.514414E+01
      0.988778      0.515160E+01
      0.991583      0.515699E+01
      0.994389      0.516040E+01
      0.997194      0.516191E+01
      1.000000      0.516161E+01
