DOS Data: Atom #   1
--------------------------------
Fermi energy:  0.65120595                                   
LIZ Radius: 12.05235558                                     
Num Energy Points:   500                                    
--------------------------------
        Energy           DOS
     -0.400000      0.230438E-01
     -0.397194      0.232022E-01
     -0.394389      0.233625E-01
     -0.391583      0.235249E-01
     -0.388778      0.236894E-01
     -0.385972      0.238561E-01
     -0.383166      0.240249E-01
     -0.380361      0.241960E-01
     -0.377555      0.243693E-01
     -0.374749      0.245450E-01
     -0.371944      0.247230E-01
     -0.369138      0.249035E-01
     -0.366333      0.250865E-01
     -0.363527      0.252719E-01
     -0.360721      0.254600E-01
     -0.357916      0.256507E-01
     -0.355110      0.258441E-01
     -0.352305      0.260402E-01
     -0.349499      0.262392E-01
     -0.346693      0.264410E-01
     -0.343888      0.266458E-01
     -0.341082      0.268536E-01
     -0.338277      0.270645E-01
     -0.335471      0.272786E-01
     -0.332665      0.274959E-01
     -0.329860      0.277166E-01
     -0.327054      0.279406E-01
     -0.324248      0.281681E-01
     -0.321443      0.283992E-01
     -0.318637      0.286340E-01
     -0.315832      0.288725E-01
     -0.313026      0.291149E-01
     -0.310220      0.293613E-01
     -0.307415      0.296117E-01
     -0.304609      0.298663E-01
     -0.301804      0.301252E-01
     -0.298998      0.303885E-01
     -0.296192      0.306564E-01
     -0.293387      0.309289E-01
     -0.290581      0.312062E-01
     -0.287776      0.314885E-01
     -0.284970      0.317759E-01
     -0.282164      0.320685E-01
     -0.279359      0.323666E-01
     -0.276553      0.326703E-01
     -0.273747      0.329797E-01
     -0.270942      0.332951E-01
     -0.268136      0.336166E-01
     -0.265331      0.339446E-01
     -0.262525      0.342791E-01
     -0.259719      0.346204E-01
     -0.256914      0.349688E-01
     -0.254108      0.353245E-01
     -0.251303      0.356877E-01
     -0.248497      0.360589E-01
     -0.245691      0.364382E-01
     -0.242886      0.368261E-01
     -0.240080      0.372228E-01
     -0.237275      0.376286E-01
     -0.234469      0.380441E-01
     -0.231663      0.384696E-01
     -0.228858      0.389055E-01
     -0.226052      0.393523E-01
     -0.223246      0.398105E-01
     -0.220441      0.402807E-01
     -0.217635      0.407634E-01
     -0.214830      0.412593E-01
     -0.212024      0.417690E-01
     -0.209218      0.422932E-01
     -0.206413      0.428327E-01
     -0.203607      0.433885E-01
     -0.200802      0.439613E-01
     -0.197996      0.445522E-01
     -0.195190      0.451623E-01
     -0.192385      0.457927E-01
     -0.189579      0.464449E-01
     -0.186774      0.471202E-01
     -0.183968      0.478203E-01
     -0.181162      0.485468E-01
     -0.178357      0.493018E-01
     -0.175551      0.500874E-01
     -0.172745      0.509061E-01
     -0.169940      0.517606E-01
     -0.167134      0.526540E-01
     -0.164329      0.535896E-01
     -0.161523      0.545716E-01
     -0.158717      0.556044E-01
     -0.155912      0.566931E-01
     -0.153106      0.578437E-01
     -0.150301      0.590631E-01
     -0.147495      0.603594E-01
     -0.144689      0.617419E-01
     -0.141884      0.632219E-01
     -0.139078      0.648126E-01
     -0.136273      0.665298E-01
     -0.133467      0.683930E-01
     -0.130661      0.704254E-01
     -0.127856      0.726562E-01
     -0.125050      0.751214E-01
     -0.122244      0.778666E-01
     -0.119439      0.809499E-01
     -0.116633      0.844466E-01
     -0.113828      0.884560E-01
     -0.111022      0.931110E-01
     -0.108216      0.985931E-01
     -0.105411      0.105156E+00
     -0.102605      0.113164E+00
     -0.099800      0.123153E+00
     -0.096994      0.135942E+00
     -0.094188      0.152836E+00
     -0.091383      0.176008E+00
     -0.088577      0.209303E+00
     -0.085772      0.260039E+00
     -0.082966      0.343503E+00
     -0.080160      0.495718E+00
     -0.077355      0.816106E+00
     -0.074549      0.163336E+01
     -0.071743      0.389600E+01
     -0.068938      0.466610E+01
     -0.066132      0.204182E+01
     -0.063327      0.978719E+00
     -0.060521      0.590370E+00
     -0.057715      0.422845E+00
     -0.054910      0.345057E+00
     -0.052104      0.315449E+00
     -0.049299      0.326675E+00
     -0.046493      0.405628E+00
     -0.043687      0.661601E+00
     -0.040882      0.916266E+00
     -0.038076      0.658853E+00
     -0.035271      0.729610E+00
     -0.032465      0.708313E+00
     -0.029659      0.503016E+00
     -0.026854      0.549004E+00
     -0.024048      0.773820E+00
     -0.021242      0.570815E+00
     -0.018437      0.413386E+00
     -0.015631      0.385955E+00
     -0.012826      0.426048E+00
     -0.010020      0.544783E+00
     -0.007214      0.626058E+00
     -0.004409      0.739352E+00
     -0.001603      0.113458E+01
      0.001202      0.202903E+01
      0.004008      0.246365E+01
      0.006814      0.259795E+01
      0.009619      0.327705E+01
      0.012425      0.428321E+01
      0.015230      0.459472E+01
      0.018036      0.464507E+01
      0.020842      0.505493E+01
      0.023647      0.519553E+01
      0.026453      0.478978E+01
      0.029259      0.433626E+01
      0.032064      0.417240E+01
      0.034870      0.432627E+01
      0.037675      0.405505E+01
      0.040481      0.375148E+01
      0.043287      0.327102E+01
      0.046092      0.297966E+01
      0.048898      0.325330E+01
      0.051703      0.375224E+01
      0.054509      0.401315E+01
      0.057315      0.414316E+01
      0.060120      0.428375E+01
      0.062926      0.425528E+01
      0.065731      0.416617E+01
      0.068537      0.412971E+01
      0.071343      0.428193E+01
      0.074148      0.432442E+01
      0.076954      0.433056E+01
      0.079760      0.433763E+01
      0.082565      0.426882E+01
      0.085371      0.466065E+01
      0.088176      0.454236E+01
      0.090982      0.423389E+01
      0.093788      0.427832E+01
      0.096593      0.424426E+01
      0.099399      0.419350E+01
      0.102204      0.338992E+01
      0.105010      0.256730E+01
      0.107816      0.214394E+01
      0.110621      0.195619E+01
      0.113427      0.187576E+01
      0.116232      0.184272E+01
      0.119038      0.183321E+01
      0.121844      0.183688E+01
      0.124649      0.184860E+01
      0.127455      0.186553E+01
      0.130261      0.188598E+01
      0.133066      0.190886E+01
      0.135872      0.193343E+01
      0.138677      0.195921E+01
      0.141483      0.198586E+01
      0.144289      0.201315E+01
      0.147094      0.204096E+01
      0.149900      0.206920E+01
      0.152705      0.209788E+01
      0.155511      0.212700E+01
      0.158317      0.215664E+01
      0.161122      0.218686E+01
      0.163928      0.221775E+01
      0.166733      0.224944E+01
      0.169539      0.228202E+01
      0.172345      0.231561E+01
      0.175150      0.235033E+01
      0.177956      0.238631E+01
      0.180762      0.242365E+01
      0.183567      0.246248E+01
      0.186373      0.250292E+01
      0.189178      0.254508E+01
      0.191984      0.258911E+01
      0.194790      0.263512E+01
      0.197595      0.268325E+01
      0.200401      0.273366E+01
      0.203206      0.278650E+01
      0.206012      0.284194E+01
      0.208818      0.290017E+01
      0.211623      0.296140E+01
      0.214429      0.302585E+01
      0.217234      0.309378E+01
      0.220040      0.316547E+01
      0.222846      0.324123E+01
      0.225651      0.332142E+01
      0.228457      0.340642E+01
      0.231263      0.349667E+01
      0.234068      0.359268E+01
      0.236874      0.369498E+01
      0.239679      0.380421E+01
      0.242485      0.392108E+01
      0.245291      0.404638E+01
      0.248096      0.418105E+01
      0.250902      0.432613E+01
      0.253707      0.448283E+01
      0.256513      0.465252E+01
      0.259319      0.483682E+01
      0.262124      0.503759E+01
      0.264930      0.525697E+01
      0.267735      0.549750E+01
      0.270541      0.576209E+01
      0.273347      0.605415E+01
      0.276152      0.637760E+01
      0.278958      0.673695E+01
      0.281764      0.713727E+01
      0.284569      0.758406E+01
      0.287375      0.808304E+01
      0.290180      0.863962E+01
      0.292986      0.925799E+01
      0.295792      0.993982E+01
      0.298597      0.106826E+02
      0.301403      0.114780E+02
      0.304208      0.123115E+02
      0.307014      0.131641E+02
      0.309820      0.140171E+02
      0.312625      0.148587E+02
      0.315431      0.156908E+02
      0.318236      0.165335E+02
      0.321042      0.174296E+02
      0.323848      0.184471E+02
      0.326653      0.196759E+02
      0.329459      0.212079E+02
      0.332265      0.230870E+02
      0.335070      0.252274E+02
      0.337876      0.273772E+02
      0.340681      0.292561E+02
      0.343487      0.307227E+02
      0.346293      0.317053E+02
      0.349098      0.321607E+02
      0.351904      0.322524E+02
      0.354709      0.324369E+02
      0.357515      0.333008E+02
      0.360321      0.354152E+02
      0.363126      0.393076E+02
      0.365932      0.450701E+02
      0.368737      0.513203E+02
      0.371543      0.558243E+02
      0.374349      0.583603E+02
      0.377154      0.599182E+02
      0.379960      0.611686E+02
      0.382766      0.624549E+02
      0.385571      0.615694E+02
      0.388377      0.568814E+02
      0.391182      0.522006E+02
      0.393988      0.498782E+02
      0.396794      0.496984E+02
      0.399599      0.507397E+02
      0.402405      0.518617E+02
      0.405210      0.526375E+02
      0.408016      0.532791E+02
      0.410822      0.539551E+02
      0.413627      0.549407E+02
      0.416433      0.562889E+02
      0.419238      0.573984E+02
      0.422044      0.587461E+02
      0.424850      0.624970E+02
      0.427655      0.687723E+02
      0.430461      0.760282E+02
      0.433267      0.810321E+02
      0.436072      0.788478E+02
      0.438878      0.735382E+02
      0.441683      0.692337E+02
      0.444489      0.680472E+02
      0.447295      0.706405E+02
      0.450100      0.725459E+02
      0.452906      0.724833E+02
      0.455711      0.709419E+02
      0.458517      0.671305E+02
      0.461323      0.628335E+02
      0.464128      0.580478E+02
      0.466934      0.522727E+02
      0.469739      0.463058E+02
      0.472545      0.409825E+02
      0.475351      0.364186E+02
      0.478156      0.324709E+02
      0.480962      0.290513E+02
      0.483768      0.261329E+02
      0.486573      0.236795E+02
      0.489379      0.216248E+02
      0.492184      0.198918E+02
      0.494990      0.184117E+02
      0.497796      0.171313E+02
      0.500601      0.160114E+02
      0.503407      0.150236E+02
      0.506212      0.141470E+02
      0.509018      0.133651E+02
      0.511824      0.126650E+02
      0.514629      0.120358E+02
      0.517435      0.114681E+02
      0.520240      0.109542E+02
      0.523046      0.104872E+02
      0.525852      0.100612E+02
      0.528657      0.967115E+01
      0.531463      0.931263E+01
      0.534269      0.898190E+01
      0.537074      0.867578E+01
      0.539880      0.839149E+01
      0.542685      0.812669E+01
      0.545491      0.787936E+01
      0.548297      0.764779E+01
      0.551102      0.743050E+01
      0.553908      0.722621E+01
      0.556713      0.703384E+01
      0.559519      0.685242E+01
      0.562325      0.668116E+01
      0.565130      0.651930E+01
      0.567936      0.636622E+01
      0.570741      0.622135E+01
      0.573547      0.608417E+01
      0.576353      0.595422E+01
      0.579158      0.583107E+01
      0.581964      0.571432E+01
      0.584770      0.560361E+01
      0.587575      0.549860E+01
      0.590381      0.539894E+01
      0.593186      0.530434E+01
      0.595992      0.521448E+01
      0.598798      0.512909E+01
      0.601603      0.504789E+01
      0.604409      0.497060E+01
      0.607214      0.489698E+01
      0.610020      0.482677E+01
      0.612826      0.475974E+01
      0.615631      0.469565E+01
      0.618437      0.463429E+01
      0.621242      0.457546E+01
      0.624048      0.451895E+01
      0.626854      0.446457E+01
      0.629659      0.441216E+01
      0.632465      0.436154E+01
      0.635271      0.431256E+01
      0.638076      0.426509E+01
      0.640882      0.421898E+01
      0.643687      0.417413E+01
      0.646493      0.413043E+01
      0.649299      0.408777E+01
      0.652104      0.404608E+01
      0.654910      0.400528E+01
      0.657715      0.396531E+01
      0.660521      0.392610E+01
      0.663327      0.388762E+01
      0.666132      0.384982E+01
      0.668938      0.381267E+01
      0.671743      0.377615E+01
      0.674549      0.374023E+01
      0.677355      0.370491E+01
      0.680160      0.367018E+01
      0.682966      0.363604E+01
      0.685772      0.360248E+01
      0.688577      0.356951E+01
      0.691383      0.353715E+01
      0.694188      0.350539E+01
      0.696994      0.347425E+01
      0.699800      0.344375E+01
      0.702605      0.341390E+01
      0.705411      0.338472E+01
      0.708216      0.335622E+01
      0.711022      0.332843E+01
      0.713828      0.330136E+01
      0.716633      0.327503E+01
      0.719439      0.324946E+01
      0.722244      0.322468E+01
      0.725050      0.320069E+01
      0.727856      0.317752E+01
      0.730661      0.315519E+01
      0.733467      0.313372E+01
      0.736273      0.311312E+01
      0.739078      0.309342E+01
      0.741884      0.307463E+01
      0.744689      0.305677E+01
      0.747495      0.303986E+01
      0.750301      0.302392E+01
      0.753106      0.300896E+01
      0.755912      0.299501E+01
      0.758717      0.298207E+01
      0.761523      0.297018E+01
      0.764329      0.295935E+01
      0.767134      0.294959E+01
      0.769940      0.294093E+01
      0.772745      0.293339E+01
      0.775551      0.292698E+01
      0.778357      0.292173E+01
      0.781162      0.291765E+01
      0.783968      0.291477E+01
      0.786774      0.291311E+01
      0.789579      0.291269E+01
      0.792385      0.291353E+01
      0.795190      0.291566E+01
      0.797996      0.291909E+01
      0.800802      0.292386E+01
      0.803607      0.292997E+01
      0.806413      0.293746E+01
      0.809218      0.294635E+01
      0.812024      0.295666E+01
      0.814830      0.296841E+01
      0.817635      0.298163E+01
      0.820441      0.299633E+01
      0.823246      0.301254E+01
      0.826052      0.303026E+01
      0.828858      0.304953E+01
      0.831663      0.307035E+01
      0.834469      0.309274E+01
      0.837275      0.311670E+01
      0.840080      0.314225E+01
      0.842886      0.316939E+01
      0.845691      0.319811E+01
      0.848497      0.322841E+01
      0.851303      0.326028E+01
      0.854108      0.329371E+01
      0.856914      0.332868E+01
      0.859719      0.336516E+01
      0.862525      0.340311E+01
      0.865331      0.344249E+01
      0.868136      0.348327E+01
      0.870942      0.352537E+01
      0.873747      0.356874E+01
      0.876553      0.361330E+01
      0.879359      0.365897E+01
      0.882164      0.370567E+01
      0.884970      0.375328E+01
      0.887776      0.380172E+01
      0.890581      0.385085E+01
      0.893387      0.390056E+01
      0.896192      0.395072E+01
      0.898998      0.400120E+01
      0.901804      0.405184E+01
      0.904609      0.410251E+01
      0.907415      0.415306E+01
      0.910220      0.420333E+01
      0.913026      0.425317E+01
      0.915832      0.430243E+01
      0.918637      0.435095E+01
      0.921443      0.439859E+01
      0.924248      0.444519E+01
      0.927054      0.449061E+01
      0.929860      0.453473E+01
      0.932665      0.457740E+01
      0.935471      0.461851E+01
      0.938277      0.465794E+01
      0.941082      0.469559E+01
      0.943888      0.473137E+01
      0.946693      0.476520E+01
      0.949499      0.479701E+01
      0.952305      0.482673E+01
      0.955110      0.485433E+01
      0.957916      0.487977E+01
      0.960721      0.490303E+01
      0.963527      0.492412E+01
      0.966333      0.494302E+01
      0.969138      0.495977E+01
      0.971944      0.497439E+01
      0.974749      0.498692E+01
      0.977555      0.499743E+01
      0.980361      0.500597E+01
      0.983166      0.501263E+01
      0.985972      0.501747E+01
      0.988778      0.502060E+01
      0.991583      0.502210E+01
      0.994389      0.502209E+01
      0.997194      0.502066E+01
      1.000000      0.501793E+01
