DOS Data: Averaged over      8Zn_t02 atoms
--------------------------------
Fermi energy:  0.65120595                                   
LIZ Radius: 12.05235558                                     
Num Energy Points:   500                                    
--------------------------------
        Energy           DOS
     -0.400000      0.541271E-01
     -0.397194      0.547445E-01
     -0.394389      0.553735E-01
     -0.391583      0.560142E-01
     -0.388778      0.566670E-01
     -0.385972      0.573321E-01
     -0.383166      0.580099E-01
     -0.380361      0.587007E-01
     -0.377555      0.594049E-01
     -0.374749      0.601228E-01
     -0.371944      0.608548E-01
     -0.369138      0.616013E-01
     -0.366333      0.623626E-01
     -0.363527      0.631392E-01
     -0.360721      0.639315E-01
     -0.357916      0.647399E-01
     -0.355110      0.655649E-01
     -0.352305      0.664069E-01
     -0.349499      0.672664E-01
     -0.346693      0.681439E-01
     -0.343888      0.690400E-01
     -0.341082      0.699552E-01
     -0.338277      0.708900E-01
     -0.335471      0.718450E-01
     -0.332665      0.728209E-01
     -0.329860      0.738182E-01
     -0.327054      0.748376E-01
     -0.324248      0.758798E-01
     -0.321443      0.769454E-01
     -0.318637      0.780352E-01
     -0.315832      0.791500E-01
     -0.313026      0.802906E-01
     -0.310220      0.814577E-01
     -0.307415      0.826522E-01
     -0.304609      0.838750E-01
     -0.301804      0.851271E-01
     -0.298998      0.864094E-01
     -0.296192      0.877228E-01
     -0.293387      0.890685E-01
     -0.290581      0.904476E-01
     -0.287776      0.918612E-01
     -0.284970      0.933104E-01
     -0.282164      0.947966E-01
     -0.279359      0.963210E-01
     -0.276553      0.978850E-01
     -0.273747      0.994900E-01
     -0.270942      0.101138E+00
     -0.268136      0.102829E+00
     -0.265331      0.104567E+00
     -0.262525      0.106351E+00
     -0.259719      0.108185E+00
     -0.256914      0.110071E+00
     -0.254108      0.112009E+00
     -0.251303      0.114002E+00
     -0.248497      0.116053E+00
     -0.245691      0.118164E+00
     -0.242886      0.120336E+00
     -0.240080      0.122574E+00
     -0.237275      0.124879E+00
     -0.234469      0.127254E+00
     -0.231663      0.129702E+00
     -0.228858      0.132226E+00
     -0.226052      0.134831E+00
     -0.223246      0.137518E+00
     -0.220441      0.140293E+00
     -0.217635      0.143159E+00
     -0.214830      0.146120E+00
     -0.212024      0.149181E+00
     -0.209218      0.152347E+00
     -0.206413      0.155622E+00
     -0.203607      0.159012E+00
     -0.200802      0.162524E+00
     -0.197996      0.166162E+00
     -0.195190      0.169934E+00
     -0.192385      0.173847E+00
     -0.189579      0.177908E+00
     -0.186774      0.182126E+00
     -0.183968      0.186509E+00
     -0.181162      0.191067E+00
     -0.178357      0.195810E+00
     -0.175551      0.200750E+00
     -0.172745      0.205898E+00
     -0.169940      0.211267E+00
     -0.167134      0.216873E+00
     -0.164329      0.222730E+00
     -0.161523      0.228855E+00
     -0.158717      0.235269E+00
     -0.155912      0.241991E+00
     -0.153106      0.249045E+00
     -0.150301      0.256457E+00
     -0.147495      0.264257E+00
     -0.144689      0.272476E+00
     -0.141884      0.281152E+00
     -0.139078      0.290327E+00
     -0.136273      0.300051E+00
     -0.133467      0.310378E+00
     -0.130661      0.321376E+00
     -0.127856      0.333122E+00
     -0.125050      0.345709E+00
     -0.122244      0.359249E+00
     -0.119439      0.373880E+00
     -0.116633      0.389772E+00
     -0.113828      0.407142E+00
     -0.111022      0.426271E+00
     -0.108216      0.447526E+00
     -0.105411      0.471405E+00
     -0.102605      0.498600E+00
     -0.099800      0.530099E+00
     -0.096994      0.567369E+00
     -0.094188      0.612677E+00
     -0.091383      0.669694E+00
     -0.088577      0.744724E+00
     -0.085772      0.849365E+00
     -0.082966      0.100691E+01
     -0.080160      0.126970E+01
     -0.077355      0.177388E+01
     -0.074549      0.294354E+01
     -0.071743      0.618012E+01
     -0.068938      0.105621E+02
     -0.066132      0.649650E+01
     -0.063327      0.319400E+01
     -0.060521      0.204217E+01
     -0.057715      0.160034E+01
     -0.054910      0.141705E+01
     -0.052104      0.135060E+01
     -0.049299      0.134991E+01
     -0.046493      0.139782E+01
     -0.043687      0.149843E+01
     -0.040882      0.169158E+01
     -0.038076      0.210399E+01
     -0.035271      0.255148E+01
     -0.032465      0.268153E+01
     -0.029659      0.293890E+01
     -0.026854      0.339302E+01
     -0.024048      0.342645E+01
     -0.021242      0.319788E+01
     -0.018437      0.343046E+01
     -0.015631      0.372176E+01
     -0.012826      0.420606E+01
     -0.010020      0.507962E+01
     -0.007214      0.657679E+01
     -0.004409      0.951081E+01
     -0.001603      0.160653E+02
      0.001202      0.235776E+02
      0.004008      0.282572E+02
      0.006814      0.389272E+02
      0.009619      0.501745E+02
      0.012425      0.580877E+02
      0.015230      0.621675E+02
      0.018036      0.753784E+02
      0.020842      0.849575E+02
      0.023647      0.885173E+02
      0.026453      0.909320E+02
      0.029259      0.896337E+02
      0.032064      0.850287E+02
      0.034870      0.843773E+02
      0.037675      0.839268E+02
      0.040481      0.839339E+02
      0.043287      0.803156E+02
      0.046092      0.716267E+02
      0.048898      0.694880E+02
      0.051703      0.731244E+02
      0.054509      0.790884E+02
      0.057315      0.906838E+02
      0.060120      0.102286E+03
      0.062926      0.106509E+03
      0.065731      0.101924E+03
      0.068537      0.102421E+03
      0.071343      0.106459E+03
      0.074148      0.111445E+03
      0.076954      0.117713E+03
      0.079760      0.120307E+03
      0.082565      0.126140E+03
      0.085371      0.132423E+03
      0.088176      0.130906E+03
      0.090982      0.116204E+03
      0.093788      0.100908E+03
      0.096593      0.901197E+02
      0.099399      0.722496E+02
      0.102204      0.595159E+02
      0.105010      0.548026E+02
      0.107816      0.396025E+02
      0.110621      0.250404E+02
      0.113427      0.175150E+02
      0.116232      0.135596E+02
      0.119038      0.111881E+02
      0.121844      0.961672E+01
      0.124649      0.850125E+01
      0.127455      0.767010E+01
      0.130261      0.702846E+01
      0.133066      0.651969E+01
      0.135872      0.610779E+01
      0.138677      0.576875E+01
      0.141483      0.548590E+01
      0.144289      0.524731E+01
      0.147094      0.504420E+01
      0.149900      0.486996E+01
      0.152705      0.471950E+01
      0.155511      0.458886E+01
      0.158317      0.447491E+01
      0.161122      0.437512E+01
      0.163928      0.428745E+01
      0.166733      0.421022E+01
      0.169539      0.414207E+01
      0.172345      0.408182E+01
      0.175150      0.402853E+01
      0.177956      0.398137E+01
      0.180762      0.393965E+01
      0.183567      0.390278E+01
      0.186373      0.387027E+01
      0.189178      0.384168E+01
      0.191984      0.381664E+01
      0.194790      0.379485E+01
      0.197595      0.377602E+01
      0.200401      0.375994E+01
      0.203206      0.374639E+01
      0.206012      0.373523E+01
      0.208818      0.372630E+01
      0.211623      0.371949E+01
      0.214429      0.371470E+01
      0.217234      0.371184E+01
      0.220040      0.371086E+01
      0.222846      0.371170E+01
      0.225651      0.371431E+01
      0.228457      0.371867E+01
      0.231263      0.372477E+01
      0.234068      0.373259E+01
      0.236874      0.374215E+01
      0.239679      0.375345E+01
      0.242485      0.376654E+01
      0.245291      0.378145E+01
      0.248096      0.379824E+01
      0.250902      0.381699E+01
      0.253707      0.383780E+01
      0.256513      0.386080E+01
      0.259319      0.388614E+01
      0.262124      0.391398E+01
      0.264930      0.394455E+01
      0.267735      0.397808E+01
      0.270541      0.401485E+01
      0.273347      0.405516E+01
      0.276152      0.409930E+01
      0.278958      0.414757E+01
      0.281764      0.420018E+01
      0.284569      0.425717E+01
      0.287375      0.431835E+01
      0.290180      0.438306E+01
      0.292986      0.445003E+01
      0.295792      0.451723E+01
      0.298597      0.458185E+01
      0.301403      0.464049E+01
      0.304208      0.468976E+01
      0.307014      0.472704E+01
      0.309820      0.475137E+01
      0.312625      0.476399E+01
      0.315431      0.476864E+01
      0.318236      0.477131E+01
      0.321042      0.477936E+01
      0.323848      0.479993E+01
      0.326653      0.483737E+01
      0.329459      0.488988E+01
      0.332265      0.494709E+01
      0.335070      0.499157E+01
      0.337876      0.500530E+01
      0.340681      0.497816E+01
      0.343487      0.491313E+01
      0.346293      0.482238E+01
      0.349098      0.471743E+01
      0.351904      0.460648E+01
      0.354709      0.450565E+01
      0.357515      0.444459E+01
      0.360321      0.444212E+01
      0.363126      0.448813E+01
      0.365932      0.455990E+01
      0.368737      0.464574E+01
      0.371543      0.473214E+01
      0.374349      0.481234E+01
      0.377154      0.490142E+01
      0.379960      0.499426E+01
      0.382766      0.507046E+01
      0.385571      0.512379E+01
      0.388377      0.515060E+01
      0.391182      0.513732E+01
      0.393988      0.508983E+01
      0.396794      0.501682E+01
      0.399599      0.493184E+01
      0.402405      0.483898E+01
      0.405210      0.473189E+01
      0.408016      0.462891E+01
      0.410822      0.454986E+01
      0.413627      0.447214E+01
      0.416433      0.440320E+01
      0.419238      0.436549E+01
      0.422044      0.431518E+01
      0.424850      0.424078E+01
      0.427655      0.418149E+01
      0.430461      0.417134E+01
      0.433267      0.418153E+01
      0.436072      0.414564E+01
      0.438878      0.399833E+01
      0.441683      0.381547E+01
      0.444489      0.370803E+01
      0.447295      0.363458E+01
      0.450100      0.351562E+01
      0.452906      0.333534E+01
      0.455711      0.311621E+01
      0.458517      0.291887E+01
      0.461323      0.276712E+01
      0.464128      0.265488E+01
      0.466934      0.257660E+01
      0.469739      0.251881E+01
      0.472545      0.247918E+01
      0.475351      0.245871E+01
      0.478156      0.245357E+01
      0.480962      0.246127E+01
      0.483768      0.248070E+01
      0.486573      0.250896E+01
      0.489379      0.254220E+01
      0.492184      0.257726E+01
      0.494990      0.261196E+01
      0.497796      0.264499E+01
      0.500601      0.267562E+01
      0.503407      0.270354E+01
      0.506212      0.272871E+01
      0.509018      0.275124E+01
      0.511824      0.277132E+01
      0.514629      0.278919E+01
      0.517435      0.280509E+01
      0.520240      0.281929E+01
      0.523046      0.283199E+01
      0.525852      0.284342E+01
      0.528657      0.285376E+01
      0.531463      0.286319E+01
      0.534269      0.287187E+01
      0.537074      0.287992E+01
      0.539880      0.288747E+01
      0.542685      0.289463E+01
      0.545491      0.290149E+01
      0.548297      0.290814E+01
      0.551102      0.291465E+01
      0.553908      0.292108E+01
      0.556713      0.292749E+01
      0.559519      0.293392E+01
      0.562325      0.294041E+01
      0.565130      0.294699E+01
      0.567936      0.295367E+01
      0.570741      0.296046E+01
      0.573547      0.296738E+01
      0.576353      0.297442E+01
      0.579158      0.298157E+01
      0.581964      0.298880E+01
      0.584770      0.299611E+01
      0.587575      0.300344E+01
      0.590381      0.301079E+01
      0.593186      0.301809E+01
      0.595992      0.302530E+01
      0.598798      0.303238E+01
      0.601603      0.303928E+01
      0.604409      0.304593E+01
      0.607214      0.305228E+01
      0.610020      0.305827E+01
      0.612826      0.306385E+01
      0.615631      0.306896E+01
      0.618437      0.307355E+01
      0.621242      0.307756E+01
      0.624048      0.308094E+01
      0.626854      0.308366E+01
      0.629659      0.308567E+01
      0.632465      0.308693E+01
      0.635271      0.308743E+01
      0.638076      0.308714E+01
      0.640882      0.308605E+01
      0.643687      0.308414E+01
      0.646493      0.308141E+01
      0.649299      0.307788E+01
      0.652104      0.307356E+01
      0.654910      0.306845E+01
      0.657715      0.306259E+01
      0.660521      0.305600E+01
      0.663327      0.304872E+01
      0.666132      0.304079E+01
      0.668938      0.303225E+01
      0.671743      0.302314E+01
      0.674549      0.301352E+01
      0.677355      0.300343E+01
      0.680160      0.299293E+01
      0.682966      0.298208E+01
      0.685772      0.297091E+01
      0.688577      0.295951E+01
      0.691383      0.294790E+01
      0.694188      0.293617E+01
      0.696994      0.292434E+01
      0.699800      0.291250E+01
      0.702605      0.290067E+01
      0.705411      0.288893E+01
      0.708216      0.287731E+01
      0.711022      0.286586E+01
      0.713828      0.285465E+01
      0.716633      0.284370E+01
      0.719439      0.283307E+01
      0.722244      0.282280E+01
      0.725050      0.281294E+01
      0.727856      0.280351E+01
      0.730661      0.279457E+01
      0.733467      0.278615E+01
      0.736273      0.277829E+01
      0.739078      0.277103E+01
      0.741884      0.276440E+01
      0.744689      0.275843E+01
      0.747495      0.275316E+01
      0.750301      0.274862E+01
      0.753106      0.274485E+01
      0.755912      0.274188E+01
      0.758717      0.273973E+01
      0.761523      0.273845E+01
      0.764329      0.273806E+01
      0.767134      0.273859E+01
      0.769940      0.274009E+01
      0.772745      0.274257E+01
      0.775551      0.274608E+01
      0.778357      0.275064E+01
      0.781162      0.275629E+01
      0.783968      0.276307E+01
      0.786774      0.277100E+01
      0.789579      0.278013E+01
      0.792385      0.279048E+01
      0.795190      0.280210E+01
      0.797996      0.281501E+01
      0.800802      0.282927E+01
      0.803607      0.284489E+01
      0.806413      0.286193E+01
      0.809218      0.288041E+01
      0.812024      0.290037E+01
      0.814830      0.292185E+01
      0.817635      0.294488E+01
      0.820441      0.296949E+01
      0.823246      0.299573E+01
      0.826052      0.302361E+01
      0.828858      0.305317E+01
      0.831663      0.308442E+01
      0.834469      0.311740E+01
      0.837275      0.315211E+01
      0.840080      0.318857E+01
      0.842886      0.322678E+01
      0.845691      0.326674E+01
      0.848497      0.330844E+01
      0.851303      0.335187E+01
      0.854108      0.339700E+01
      0.856914      0.344379E+01
      0.859719      0.349220E+01
      0.862525      0.354216E+01
      0.865331      0.359360E+01
      0.868136      0.364645E+01
      0.870942      0.370059E+01
      0.873747      0.375592E+01
      0.876553      0.381231E+01
      0.879359      0.386962E+01
      0.882164      0.392769E+01
      0.884970      0.398637E+01
      0.887776      0.404546E+01
      0.890581      0.410479E+01
      0.893387      0.416414E+01
      0.896192      0.422332E+01
      0.898998      0.428212E+01
      0.901804      0.434031E+01
      0.904609      0.439768E+01
      0.907415      0.445402E+01
      0.910220      0.450911E+01
      0.913026      0.456276E+01
      0.915832      0.461476E+01
      0.918637      0.466495E+01
      0.921443      0.471314E+01
      0.924248      0.475918E+01
      0.927054      0.480295E+01
      0.929860      0.484431E+01
      0.932665      0.488317E+01
      0.935471      0.491945E+01
      0.938277      0.495310E+01
      0.941082      0.498406E+01
      0.943888      0.501233E+01
      0.946693      0.503789E+01
      0.949499      0.506078E+01
      0.952305      0.508101E+01
      0.955110      0.509864E+01
      0.957916      0.511373E+01
      0.960721      0.512636E+01
      0.963527      0.513662E+01
      0.966333      0.514460E+01
      0.969138      0.515042E+01
      0.971944      0.515420E+01
      0.974749      0.515605E+01
      0.977555      0.515610E+01
      0.980361      0.515450E+01
      0.983166      0.515137E+01
      0.985972      0.514684E+01
      0.988778      0.514107E+01
      0.991583      0.513417E+01
      0.994389      0.512630E+01
      0.997194      0.511758E+01
      1.000000      0.510814E+01
