SS_DOS Data: Atom #  16
--------------------------------
Fermi energy:  0.65120595                                   
LIZ Radius: 12.05235558                                     
Num Energy Points:   500                                    
--------------------------------
        Energy           DOS
     -0.400000      0.000000E+00
     -0.397194      0.000000E+00
     -0.394389      0.000000E+00
     -0.391583      0.000000E+00
     -0.388778      0.000000E+00
     -0.385972      0.000000E+00
     -0.383166      0.000000E+00
     -0.380361      0.000000E+00
     -0.377555      0.000000E+00
     -0.374749      0.000000E+00
     -0.371944      0.000000E+00
     -0.369138      0.000000E+00
     -0.366333      0.000000E+00
     -0.363527      0.000000E+00
     -0.360721      0.000000E+00
     -0.357916      0.000000E+00
     -0.355110      0.000000E+00
     -0.352305      0.000000E+00
     -0.349499      0.000000E+00
     -0.346693      0.000000E+00
     -0.343888      0.000000E+00
     -0.341082      0.000000E+00
     -0.338277      0.000000E+00
     -0.335471      0.000000E+00
     -0.332665      0.000000E+00
     -0.329860      0.000000E+00
     -0.327054      0.000000E+00
     -0.324248      0.000000E+00
     -0.321443      0.000000E+00
     -0.318637      0.000000E+00
     -0.315832      0.000000E+00
     -0.313026      0.000000E+00
     -0.310220      0.000000E+00
     -0.307415      0.000000E+00
     -0.304609      0.000000E+00
     -0.301804      0.000000E+00
     -0.298998      0.000000E+00
     -0.296192      0.000000E+00
     -0.293387      0.000000E+00
     -0.290581      0.000000E+00
     -0.287776      0.000000E+00
     -0.284970      0.000000E+00
     -0.282164      0.000000E+00
     -0.279359      0.000000E+00
     -0.276553      0.000000E+00
     -0.273747      0.000000E+00
     -0.270942      0.000000E+00
     -0.268136      0.000000E+00
     -0.265331      0.000000E+00
     -0.262525      0.000000E+00
     -0.259719      0.000000E+00
     -0.256914      0.000000E+00
     -0.254108      0.000000E+00
     -0.251303      0.000000E+00
     -0.248497      0.000000E+00
     -0.245691      0.000000E+00
     -0.242886      0.000000E+00
     -0.240080      0.000000E+00
     -0.237275      0.000000E+00
     -0.234469      0.000000E+00
     -0.231663      0.000000E+00
     -0.228858      0.000000E+00
     -0.226052      0.000000E+00
     -0.223246      0.000000E+00
     -0.220441      0.000000E+00
     -0.217635      0.000000E+00
     -0.214830      0.000000E+00
     -0.212024      0.000000E+00
     -0.209218      0.000000E+00
     -0.206413      0.000000E+00
     -0.203607      0.000000E+00
     -0.200802      0.000000E+00
     -0.197996      0.000000E+00
     -0.195190      0.000000E+00
     -0.192385      0.000000E+00
     -0.189579      0.000000E+00
     -0.186774      0.000000E+00
     -0.183968      0.000000E+00
     -0.181162      0.000000E+00
     -0.178357      0.000000E+00
     -0.175551      0.000000E+00
     -0.172745      0.000000E+00
     -0.169940      0.000000E+00
     -0.167134      0.000000E+00
     -0.164329      0.000000E+00
     -0.161523      0.000000E+00
     -0.158717      0.000000E+00
     -0.155912      0.000000E+00
     -0.153106      0.000000E+00
     -0.150301      0.000000E+00
     -0.147495      0.000000E+00
     -0.144689      0.000000E+00
     -0.141884      0.000000E+00
     -0.139078      0.000000E+00
     -0.136273      0.000000E+00
     -0.133467      0.000000E+00
     -0.130661      0.000000E+00
     -0.127856      0.000000E+00
     -0.125050      0.000000E+00
     -0.122244      0.000000E+00
     -0.119439      0.000000E+00
     -0.116633      0.000000E+00
     -0.113828      0.000000E+00
     -0.111022      0.000000E+00
     -0.108216      0.000000E+00
     -0.105411      0.000000E+00
     -0.102605      0.000000E+00
     -0.099800      0.000000E+00
     -0.096994      0.000000E+00
     -0.094188      0.000000E+00
     -0.091383      0.000000E+00
     -0.088577      0.000000E+00
     -0.085772      0.000000E+00
     -0.082966      0.000000E+00
     -0.080160      0.000000E+00
     -0.077355      0.000000E+00
     -0.074549      0.000000E+00
     -0.071743      0.000000E+00
     -0.068938      0.000000E+00
     -0.066132      0.000000E+00
     -0.063327      0.000000E+00
     -0.060521      0.000000E+00
     -0.057715      0.000000E+00
     -0.054910      0.000000E+00
     -0.052104      0.000000E+00
     -0.049299      0.000000E+00
     -0.046493      0.000000E+00
     -0.043687      0.000000E+00
     -0.040882      0.000000E+00
     -0.038076      0.000000E+00
     -0.035271      0.000000E+00
     -0.032465      0.000000E+00
     -0.029659      0.000000E+00
     -0.026854      0.000000E+00
     -0.024048      0.000000E+00
     -0.021242      0.000000E+00
     -0.018437      0.000000E+00
     -0.015631      0.000000E+00
     -0.012826      0.000000E+00
     -0.010020      0.000000E+00
     -0.007214      0.000000E+00
     -0.004409      0.000000E+00
     -0.001603      0.000000E+00
      0.001202      0.494059E+00
      0.004008      0.875024E+00
      0.006814      0.110809E+01
      0.009619      0.128033E+01
      0.012425      0.141683E+01
      0.015230      0.152946E+01
      0.018036      0.162516E+01
      0.020842      0.170864E+01
      0.023647      0.178345E+01
      0.026453      0.185259E+01
      0.029259      0.191892E+01
      0.032064      0.198555E+01
      0.034870      0.205623E+01
      0.037675      0.213602E+01
      0.040481      0.223232E+01
      0.043287      0.235677E+01
      0.046092      0.252897E+01
      0.048898      0.278424E+01
      0.051703      0.319169E+01
      0.054509      0.390087E+01
      0.057315      0.528335E+01
      0.060120      0.846987E+01
      0.062926      0.182904E+02
      0.065731      0.776174E+02
      0.068537      0.987219E+04
      0.071343      0.760455E+02
      0.074148      0.236128E+02
      0.076954      0.128110E+02
      0.079760      0.878061E+01
      0.082565      0.681813E+01
      0.085371      0.570445E+01
      0.088176      0.500620E+01
      0.090982      0.453667E+01
      0.093788      0.420417E+01
      0.096593      0.395915E+01
      0.099399      0.377284E+01
      0.102204      0.362756E+01
      0.105010      0.351189E+01
      0.107816      0.341819E+01
      0.110621      0.334119E+01
      0.113427      0.327714E+01
      0.116232      0.322330E+01
      0.119038      0.317764E+01
      0.121844      0.313864E+01
      0.124649      0.310510E+01
      0.127455      0.307612E+01
      0.130261      0.305096E+01
      0.133066      0.302905E+01
      0.135872      0.300991E+01
      0.138677      0.299316E+01
      0.141483      0.297849E+01
      0.144289      0.296564E+01
      0.147094      0.295439E+01
      0.149900      0.294455E+01
      0.152705      0.293598E+01
      0.155511      0.292853E+01
      0.158317      0.292210E+01
      0.161122      0.291658E+01
      0.163928      0.291190E+01
      0.166733      0.290797E+01
      0.169539      0.290473E+01
      0.172345      0.290213E+01
      0.175150      0.290012E+01
      0.177956      0.289865E+01
      0.180762      0.289768E+01
      0.183567      0.289718E+01
      0.186373      0.289711E+01
      0.189178      0.289745E+01
      0.191984      0.289817E+01
      0.194790      0.289925E+01
      0.197595      0.290066E+01
      0.200401      0.290239E+01
      0.203206      0.290442E+01
      0.206012      0.290674E+01
      0.208818      0.290932E+01
      0.211623      0.291216E+01
      0.214429      0.291524E+01
      0.217234      0.291855E+01
      0.220040      0.292209E+01
      0.222846      0.292583E+01
      0.225651      0.292977E+01
      0.228457      0.293390E+01
      0.231263      0.293822E+01
      0.234068      0.294271E+01
      0.236874      0.294737E+01
      0.239679      0.295219E+01
      0.242485      0.295717E+01
      0.245291      0.296229E+01
      0.248096      0.296756E+01
      0.250902      0.297296E+01
      0.253707      0.297850E+01
      0.256513      0.298416E+01
      0.259319      0.298994E+01
      0.262124      0.299584E+01
      0.264930      0.300186E+01
      0.267735      0.300798E+01
      0.270541      0.301420E+01
      0.273347      0.302053E+01
      0.276152      0.302695E+01
      0.278958      0.303347E+01
      0.281764      0.304008E+01
      0.284569      0.304677E+01
      0.287375      0.305354E+01
      0.290180      0.306040E+01
      0.292986      0.306733E+01
      0.295792      0.307433E+01
      0.298597      0.308141E+01
      0.301403      0.308855E+01
      0.304208      0.309576E+01
      0.307014      0.310303E+01
      0.309820      0.311036E+01
      0.312625      0.311775E+01
      0.315431      0.312519E+01
      0.318236      0.313269E+01
      0.321042      0.314024E+01
      0.323848      0.314783E+01
      0.326653      0.315547E+01
      0.329459      0.316316E+01
      0.332265      0.317088E+01
      0.335070      0.317865E+01
      0.337876      0.318645E+01
      0.340681      0.319429E+01
      0.343487      0.320217E+01
      0.346293      0.321007E+01
      0.349098      0.321801E+01
      0.351904      0.322597E+01
      0.354709      0.323397E+01
      0.357515      0.324198E+01
      0.360321      0.325002E+01
      0.363126      0.325808E+01
      0.365932      0.326617E+01
      0.368737      0.327427E+01
      0.371543      0.328239E+01
      0.374349      0.329052E+01
      0.377154      0.329867E+01
      0.379960      0.330683E+01
      0.382766      0.331500E+01
      0.385571      0.332318E+01
      0.388377      0.333138E+01
      0.391182      0.333957E+01
      0.393988      0.334778E+01
      0.396794      0.335599E+01
      0.399599      0.336421E+01
      0.402405      0.337242E+01
      0.405210      0.338064E+01
      0.408016      0.338886E+01
      0.410822      0.339708E+01
      0.413627      0.340529E+01
      0.416433      0.341351E+01
      0.419238      0.342172E+01
      0.422044      0.342992E+01
      0.424850      0.343812E+01
      0.427655      0.344631E+01
      0.430461      0.345450E+01
      0.433267      0.346267E+01
      0.436072      0.347084E+01
      0.438878      0.347899E+01
      0.441683      0.348714E+01
      0.444489      0.349527E+01
      0.447295      0.350339E+01
      0.450100      0.351149E+01
      0.452906      0.351958E+01
      0.455711      0.352766E+01
      0.458517      0.353572E+01
      0.461323      0.354376E+01
      0.464128      0.355178E+01
      0.466934      0.355979E+01
      0.469739      0.356778E+01
      0.472545      0.357575E+01
      0.475351      0.358369E+01
      0.478156      0.359162E+01
      0.480962      0.359953E+01
      0.483768      0.360741E+01
      0.486573      0.361527E+01
      0.489379      0.362311E+01
      0.492184      0.363092E+01
      0.494990      0.363871E+01
      0.497796      0.364648E+01
      0.500601      0.365422E+01
      0.503407      0.366194E+01
      0.506212      0.366962E+01
      0.509018      0.367729E+01
      0.511824      0.368492E+01
      0.514629      0.369253E+01
      0.517435      0.370011E+01
      0.520240      0.370767E+01
      0.523046      0.371519E+01
      0.525852      0.372269E+01
      0.528657      0.373015E+01
      0.531463      0.373759E+01
      0.534269      0.374500E+01
      0.537074      0.375237E+01
      0.539880      0.375972E+01
      0.542685      0.376703E+01
      0.545491      0.377432E+01
      0.548297      0.378157E+01
      0.551102      0.378880E+01
      0.553908      0.379599E+01
      0.556713      0.380314E+01
      0.559519      0.381027E+01
      0.562325      0.381737E+01
      0.565130      0.382443E+01
      0.567936      0.383146E+01
      0.570741      0.383845E+01
      0.573547      0.384541E+01
      0.576353      0.385234E+01
      0.579158      0.385924E+01
      0.581964      0.386610E+01
      0.584770      0.387293E+01
      0.587575      0.387973E+01
      0.590381      0.388649E+01
      0.593186      0.389322E+01
      0.595992      0.389991E+01
      0.598798      0.390657E+01
      0.601603      0.391320E+01
      0.604409      0.391979E+01
      0.607214      0.392635E+01
      0.610020      0.393287E+01
      0.612826      0.393936E+01
      0.615631      0.394581E+01
      0.618437      0.395223E+01
      0.621242      0.395862E+01
      0.624048      0.396497E+01
      0.626854      0.397129E+01
      0.629659      0.397757E+01
      0.632465      0.398382E+01
      0.635271      0.399003E+01
      0.638076      0.399621E+01
      0.640882      0.400236E+01
      0.643687      0.400847E+01
      0.646493      0.401454E+01
      0.649299      0.402059E+01
      0.652104      0.402660E+01
      0.654910      0.403257E+01
      0.657715      0.403851E+01
      0.660521      0.404442E+01
      0.663327      0.405029E+01
      0.666132      0.405613E+01
      0.668938      0.406194E+01
      0.671743      0.406771E+01
      0.674549      0.407345E+01
      0.677355      0.407916E+01
      0.680160      0.408483E+01
      0.682966      0.409047E+01
      0.685772      0.409608E+01
      0.688577      0.410165E+01
      0.691383      0.410719E+01
      0.694188      0.411270E+01
      0.696994      0.411818E+01
      0.699800      0.412362E+01
      0.702605      0.412904E+01
      0.705411      0.413442E+01
      0.708216      0.413977E+01
      0.711022      0.414508E+01
      0.713828      0.415037E+01
      0.716633      0.415562E+01
      0.719439      0.416085E+01
      0.722244      0.416604E+01
      0.725050      0.417120E+01
      0.727856      0.417633E+01
      0.730661      0.418144E+01
      0.733467      0.418651E+01
      0.736273      0.419155E+01
      0.739078      0.419656E+01
      0.741884      0.420154E+01
      0.744689      0.420649E+01
      0.747495      0.421142E+01
      0.750301      0.421631E+01
      0.753106      0.422118E+01
      0.755912      0.422601E+01
      0.758717      0.423082E+01
      0.761523      0.423560E+01
      0.764329      0.424035E+01
      0.767134      0.424508E+01
      0.769940      0.424977E+01
      0.772745      0.425444E+01
      0.775551      0.425908E+01
      0.778357      0.426370E+01
      0.781162      0.426829E+01
      0.783968      0.427285E+01
      0.786774      0.427739E+01
      0.789579      0.428190E+01
      0.792385      0.428638E+01
      0.795190      0.429084E+01
      0.797996      0.429527E+01
      0.800802      0.429968E+01
      0.803607      0.430406E+01
      0.806413      0.430842E+01
      0.809218      0.431276E+01
      0.812024      0.431707E+01
      0.814830      0.432135E+01
      0.817635      0.432561E+01
      0.820441      0.432985E+01
      0.823246      0.433407E+01
      0.826052      0.433826E+01
      0.828858      0.434243E+01
      0.831663      0.434658E+01
      0.834469      0.435070E+01
      0.837275      0.435481E+01
      0.840080      0.435889E+01
      0.842886      0.436295E+01
      0.845691      0.436698E+01
      0.848497      0.437100E+01
      0.851303      0.437500E+01
      0.854108      0.437897E+01
      0.856914      0.438293E+01
      0.859719      0.438686E+01
      0.862525      0.439078E+01
      0.865331      0.439467E+01
      0.868136      0.439855E+01
      0.870942      0.440240E+01
      0.873747      0.440624E+01
      0.876553      0.441006E+01
      0.879359      0.441386E+01
      0.882164      0.441764E+01
      0.884970      0.442141E+01
      0.887776      0.442515E+01
      0.890581      0.442888E+01
      0.893387      0.443259E+01
      0.896192      0.443628E+01
      0.898998      0.443996E+01
      0.901804      0.444362E+01
      0.904609      0.444726E+01
      0.907415      0.445089E+01
      0.910220      0.445450E+01
      0.913026      0.445810E+01
      0.915832      0.446168E+01
      0.918637      0.446524E+01
      0.921443      0.446879E+01
      0.924248      0.447233E+01
      0.927054      0.447585E+01
      0.929860      0.447936E+01
      0.932665      0.448285E+01
      0.935471      0.448633E+01
      0.938277      0.448979E+01
      0.941082      0.449324E+01
      0.943888      0.449668E+01
      0.946693      0.450010E+01
      0.949499      0.450351E+01
      0.952305      0.450691E+01
      0.955110      0.451030E+01
      0.957916      0.451367E+01
      0.960721      0.451703E+01
      0.963527      0.452038E+01
      0.966333      0.452372E+01
      0.969138      0.452705E+01
      0.971944      0.453036E+01
      0.974749      0.453367E+01
      0.977555      0.453696E+01
      0.980361      0.454024E+01
      0.983166      0.454352E+01
      0.985972      0.454678E+01
      0.988778      0.455003E+01
      0.991583      0.455328E+01
      0.994389      0.455651E+01
      0.997194      0.455973E+01
      1.000000      0.456295E+01
