SS_DOS Data: Atom #   4
--------------------------------
Fermi energy:  0.65120595                                   
LIZ Radius: 12.05235558                                     
Num Energy Points:   500                                    
--------------------------------
        Energy           DOS
     -0.400000      0.000000E+00
     -0.397194      0.000000E+00
     -0.394389      0.000000E+00
     -0.391583      0.000000E+00
     -0.388778      0.000000E+00
     -0.385972      0.000000E+00
     -0.383166      0.000000E+00
     -0.380361      0.000000E+00
     -0.377555      0.000000E+00
     -0.374749      0.000000E+00
     -0.371944      0.000000E+00
     -0.369138      0.000000E+00
     -0.366333      0.000000E+00
     -0.363527      0.000000E+00
     -0.360721      0.000000E+00
     -0.357916      0.000000E+00
     -0.355110      0.000000E+00
     -0.352305      0.000000E+00
     -0.349499      0.000000E+00
     -0.346693      0.000000E+00
     -0.343888      0.000000E+00
     -0.341082      0.000000E+00
     -0.338277      0.000000E+00
     -0.335471      0.000000E+00
     -0.332665      0.000000E+00
     -0.329860      0.000000E+00
     -0.327054      0.000000E+00
     -0.324248      0.000000E+00
     -0.321443      0.000000E+00
     -0.318637      0.000000E+00
     -0.315832      0.000000E+00
     -0.313026      0.000000E+00
     -0.310220      0.000000E+00
     -0.307415      0.000000E+00
     -0.304609      0.000000E+00
     -0.301804      0.000000E+00
     -0.298998      0.000000E+00
     -0.296192      0.000000E+00
     -0.293387      0.000000E+00
     -0.290581      0.000000E+00
     -0.287776      0.000000E+00
     -0.284970      0.000000E+00
     -0.282164      0.000000E+00
     -0.279359      0.000000E+00
     -0.276553      0.000000E+00
     -0.273747      0.000000E+00
     -0.270942      0.000000E+00
     -0.268136      0.000000E+00
     -0.265331      0.000000E+00
     -0.262525      0.000000E+00
     -0.259719      0.000000E+00
     -0.256914      0.000000E+00
     -0.254108      0.000000E+00
     -0.251303      0.000000E+00
     -0.248497      0.000000E+00
     -0.245691      0.000000E+00
     -0.242886      0.000000E+00
     -0.240080      0.000000E+00
     -0.237275      0.000000E+00
     -0.234469      0.000000E+00
     -0.231663      0.000000E+00
     -0.228858      0.000000E+00
     -0.226052      0.000000E+00
     -0.223246      0.000000E+00
     -0.220441      0.000000E+00
     -0.217635      0.000000E+00
     -0.214830      0.000000E+00
     -0.212024      0.000000E+00
     -0.209218      0.000000E+00
     -0.206413      0.000000E+00
     -0.203607      0.000000E+00
     -0.200802      0.000000E+00
     -0.197996      0.000000E+00
     -0.195190      0.000000E+00
     -0.192385      0.000000E+00
     -0.189579      0.000000E+00
     -0.186774      0.000000E+00
     -0.183968      0.000000E+00
     -0.181162      0.000000E+00
     -0.178357      0.000000E+00
     -0.175551      0.000000E+00
     -0.172745      0.000000E+00
     -0.169940      0.000000E+00
     -0.167134      0.000000E+00
     -0.164329      0.000000E+00
     -0.161523      0.000000E+00
     -0.158717      0.000000E+00
     -0.155912      0.000000E+00
     -0.153106      0.000000E+00
     -0.150301      0.000000E+00
     -0.147495      0.000000E+00
     -0.144689      0.000000E+00
     -0.141884      0.000000E+00
     -0.139078      0.000000E+00
     -0.136273      0.000000E+00
     -0.133467      0.000000E+00
     -0.130661      0.000000E+00
     -0.127856      0.000000E+00
     -0.125050      0.000000E+00
     -0.122244      0.000000E+00
     -0.119439      0.000000E+00
     -0.116633      0.000000E+00
     -0.113828      0.000000E+00
     -0.111022      0.000000E+00
     -0.108216      0.000000E+00
     -0.105411      0.000000E+00
     -0.102605      0.000000E+00
     -0.099800      0.000000E+00
     -0.096994      0.000000E+00
     -0.094188      0.000000E+00
     -0.091383      0.000000E+00
     -0.088577      0.000000E+00
     -0.085772      0.000000E+00
     -0.082966      0.000000E+00
     -0.080160      0.000000E+00
     -0.077355      0.000000E+00
     -0.074549      0.000000E+00
     -0.071743      0.000000E+00
     -0.068938      0.000000E+00
     -0.066132      0.000000E+00
     -0.063327      0.000000E+00
     -0.060521      0.000000E+00
     -0.057715      0.000000E+00
     -0.054910      0.000000E+00
     -0.052104      0.000000E+00
     -0.049299      0.000000E+00
     -0.046493      0.000000E+00
     -0.043687      0.000000E+00
     -0.040882      0.000000E+00
     -0.038076      0.000000E+00
     -0.035271      0.000000E+00
     -0.032465      0.000000E+00
     -0.029659      0.000000E+00
     -0.026854      0.000000E+00
     -0.024048      0.000000E+00
     -0.021242      0.000000E+00
     -0.018437      0.000000E+00
     -0.015631      0.000000E+00
     -0.012826      0.000000E+00
     -0.010020      0.000000E+00
     -0.007214      0.000000E+00
     -0.004409      0.000000E+00
     -0.001603      0.000000E+00
      0.001202      0.174238E+00
      0.004008      0.316519E+00
      0.006814      0.410670E+00
      0.009619      0.485617E+00
      0.012425      0.549338E+00
      0.015230      0.605439E+00
      0.018036      0.655926E+00
      0.020842      0.702053E+00
      0.023647      0.744667E+00
      0.026453      0.784378E+00
      0.029259      0.821638E+00
      0.032064      0.856798E+00
      0.034870      0.890134E+00
      0.037675      0.921871E+00
      0.040481      0.952194E+00
      0.043287      0.981256E+00
      0.046092      0.100919E+01
      0.048898      0.103611E+01
      0.051703      0.106211E+01
      0.054509      0.108728E+01
      0.057315      0.111169E+01
      0.060120      0.113540E+01
      0.062926      0.115849E+01
      0.065731      0.118100E+01
      0.068537      0.120299E+01
      0.071343      0.122449E+01
      0.074148      0.124554E+01
      0.076954      0.126619E+01
      0.079760      0.128648E+01
      0.082565      0.130642E+01
      0.085371      0.132606E+01
      0.088176      0.134541E+01
      0.090982      0.136451E+01
      0.093788      0.138339E+01
      0.096593      0.140206E+01
      0.099399      0.142055E+01
      0.102204      0.143888E+01
      0.105010      0.145707E+01
      0.107816      0.147515E+01
      0.110621      0.149312E+01
      0.113427      0.151102E+01
      0.116232      0.152886E+01
      0.119038      0.154665E+01
      0.121844      0.156442E+01
      0.124649      0.158219E+01
      0.127455      0.159997E+01
      0.130261      0.161778E+01
      0.133066      0.163564E+01
      0.135872      0.165357E+01
      0.138677      0.167158E+01
      0.141483      0.168969E+01
      0.144289      0.170794E+01
      0.147094      0.172632E+01
      0.149900      0.174487E+01
      0.152705      0.176360E+01
      0.155511      0.178253E+01
      0.158317      0.180169E+01
      0.161122      0.182111E+01
      0.163928      0.184079E+01
      0.166733      0.186078E+01
      0.169539      0.188109E+01
      0.172345      0.190175E+01
      0.175150      0.192279E+01
      0.177956      0.194424E+01
      0.180762      0.196613E+01
      0.183567      0.198850E+01
      0.186373      0.201138E+01
      0.189178      0.203481E+01
      0.191984      0.205883E+01
      0.194790      0.208348E+01
      0.197595      0.210881E+01
      0.200401      0.213486E+01
      0.203206      0.216169E+01
      0.206012      0.218935E+01
      0.208818      0.221791E+01
      0.211623      0.224742E+01
      0.214429      0.227796E+01
      0.217234      0.230960E+01
      0.220040      0.234242E+01
      0.222846      0.237650E+01
      0.225651      0.241194E+01
      0.228457      0.244884E+01
      0.231263      0.248731E+01
      0.234068      0.252747E+01
      0.236874      0.256945E+01
      0.239679      0.261338E+01
      0.242485      0.265943E+01
      0.245291      0.270775E+01
      0.248096      0.275854E+01
      0.250902      0.281198E+01
      0.253707      0.286831E+01
      0.256513      0.292777E+01
      0.259319      0.299062E+01
      0.262124      0.305715E+01
      0.264930      0.312769E+01
      0.267735      0.320260E+01
      0.270541      0.328227E+01
      0.273347      0.336716E+01
      0.276152      0.345775E+01
      0.278958      0.355460E+01
      0.281764      0.365831E+01
      0.284569      0.376959E+01
      0.287375      0.388921E+01
      0.290180      0.401804E+01
      0.292986      0.415708E+01
      0.295792      0.430744E+01
      0.298597      0.447039E+01
      0.301403      0.464740E+01
      0.304208      0.484012E+01
      0.307014      0.505045E+01
      0.309820      0.528059E+01
      0.312625      0.553308E+01
      0.315431      0.581085E+01
      0.318236      0.611734E+01
      0.321042      0.645655E+01
      0.323848      0.683319E+01
      0.326653      0.725284E+01
      0.329459      0.772210E+01
      0.332265      0.824886E+01
      0.335070      0.884258E+01
      0.337876      0.951470E+01
      0.340681      0.102791E+02
      0.343487      0.111528E+02
      0.346293      0.121567E+02
      0.349098      0.133169E+02
      0.351904      0.146659E+02
      0.354709      0.162449E+02
      0.357515      0.181061E+02
      0.360321      0.203168E+02
      0.363126      0.229642E+02
      0.365932      0.261625E+02
      0.368737      0.300623E+02
      0.371543      0.348638E+02
      0.374349      0.408345E+02
      0.377154      0.483317E+02
      0.379960      0.578281E+02
      0.382766      0.699329E+02
      0.385571      0.853828E+02
      0.388377      0.104940E+03
      0.391182      0.129067E+03
      0.393988      0.157165E+03
      0.396794      0.186350E+03
      0.399599      0.210566E+03
      0.402405      0.222210E+03
      0.405210      0.217060E+03
      0.408016      0.197807E+03
      0.410822      0.171522E+03
      0.413627      0.144613E+03
      0.416433      0.120586E+03
      0.419238      0.100543E+03
      0.422044      0.843431E+02
      0.424850      0.714008E+02
      0.427655      0.610692E+02
      0.430461      0.527811E+02
      0.433267      0.460804E+02
      0.436072      0.406141E+02
      0.438878      0.361126E+02
      0.441683      0.323710E+02
      0.444489      0.292331E+02
      0.447295      0.265793E+02
      0.450100      0.243169E+02
      0.452906      0.223741E+02
      0.455711      0.206941E+02
      0.458517      0.192322E+02
      0.461323      0.179525E+02
      0.464128      0.168261E+02
      0.466934      0.158297E+02
      0.469739      0.149440E+02
      0.472545      0.141533E+02
      0.475351      0.134444E+02
      0.478156      0.128066E+02
      0.480962      0.122305E+02
      0.483768      0.117084E+02
      0.486573      0.112339E+02
      0.489379      0.108012E+02
      0.492184      0.104057E+02
      0.494990      0.100431E+02
      0.497796      0.970992E+01
      0.500601      0.940306E+01
      0.503407      0.911980E+01
      0.506212      0.885779E+01
      0.509018      0.861496E+01
      0.511824      0.838949E+01
      0.514629      0.817976E+01
      0.517435      0.798434E+01
      0.520240      0.780197E+01
      0.523046      0.763153E+01
      0.525852      0.747199E+01
      0.528657      0.732246E+01
      0.531463      0.718212E+01
      0.534269      0.705025E+01
      0.537074      0.692619E+01
      0.539880      0.680934E+01
      0.542685      0.669916E+01
      0.545491      0.659516E+01
      0.548297      0.649690E+01
      0.551102      0.640398E+01
      0.553908      0.631602E+01
      0.556713      0.623268E+01
      0.559519      0.615366E+01
      0.562325      0.607868E+01
      0.565130      0.600747E+01
      0.567936      0.593979E+01
      0.570741      0.587542E+01
      0.573547      0.581417E+01
      0.576353      0.575583E+01
      0.579158      0.570024E+01
      0.581964      0.564724E+01
      0.584770      0.559668E+01
      0.587575      0.554841E+01
      0.590381      0.550231E+01
      0.593186      0.545826E+01
      0.595992      0.541615E+01
      0.598798      0.537588E+01
      0.601603      0.533734E+01
      0.604409      0.530045E+01
      0.607214      0.526512E+01
      0.610020      0.523127E+01
      0.612826      0.519883E+01
      0.615631      0.516773E+01
      0.618437      0.513790E+01
      0.621242      0.510929E+01
      0.624048      0.508182E+01
      0.626854      0.505546E+01
      0.629659      0.503015E+01
      0.632465      0.500583E+01
      0.635271      0.498247E+01
      0.638076      0.496003E+01
      0.640882      0.493845E+01
      0.643687      0.491771E+01
      0.646493      0.489776E+01
      0.649299      0.487858E+01
      0.652104      0.486013E+01
      0.654910      0.484237E+01
      0.657715      0.482529E+01
      0.660521      0.480885E+01
      0.663327      0.479303E+01
      0.666132      0.477780E+01
      0.668938      0.476313E+01
      0.671743      0.474902E+01
      0.674549      0.473542E+01
      0.677355      0.472233E+01
      0.680160      0.470973E+01
      0.682966      0.469759E+01
      0.685772      0.468590E+01
      0.688577      0.467464E+01
      0.691383      0.466380E+01
      0.694188      0.465336E+01
      0.696994      0.464331E+01
      0.699800      0.463362E+01
      0.702605      0.462430E+01
      0.705411      0.461532E+01
      0.708216      0.460668E+01
      0.711022      0.459835E+01
      0.713828      0.459034E+01
      0.716633      0.458263E+01
      0.719439      0.457521E+01
      0.722244      0.456807E+01
      0.725050      0.456120E+01
      0.727856      0.455460E+01
      0.730661      0.454824E+01
      0.733467      0.454213E+01
      0.736273      0.453626E+01
      0.739078      0.453062E+01
      0.741884      0.452520E+01
      0.744689      0.451999E+01
      0.747495      0.451500E+01
      0.750301      0.451020E+01
      0.753106      0.450560E+01
      0.755912      0.450119E+01
      0.758717      0.449696E+01
      0.761523      0.449291E+01
      0.764329      0.448904E+01
      0.767134      0.448533E+01
      0.769940      0.448178E+01
      0.772745      0.447839E+01
      0.775551      0.447515E+01
      0.778357      0.447207E+01
      0.781162      0.446912E+01
      0.783968      0.446632E+01
      0.786774      0.446365E+01
      0.789579      0.446111E+01
      0.792385      0.445870E+01
      0.795190      0.445642E+01
      0.797996      0.445425E+01
      0.800802      0.445221E+01
      0.803607      0.445028E+01
      0.806413      0.444846E+01
      0.809218      0.444674E+01
      0.812024      0.444514E+01
      0.814830      0.444363E+01
      0.817635      0.444223E+01
      0.820441      0.444092E+01
      0.823246      0.443971E+01
      0.826052      0.443859E+01
      0.828858      0.443755E+01
      0.831663      0.443661E+01
      0.834469      0.443575E+01
      0.837275      0.443497E+01
      0.840080      0.443427E+01
      0.842886      0.443365E+01
      0.845691      0.443311E+01
      0.848497      0.443264E+01
      0.851303      0.443225E+01
      0.854108      0.443192E+01
      0.856914      0.443166E+01
      0.859719      0.443148E+01
      0.862525      0.443135E+01
      0.865331      0.443129E+01
      0.868136      0.443130E+01
      0.870942      0.443136E+01
      0.873747      0.443148E+01
      0.876553      0.443166E+01
      0.879359      0.443190E+01
      0.882164      0.443219E+01
      0.884970      0.443254E+01
      0.887776      0.443294E+01
      0.890581      0.443339E+01
      0.893387      0.443389E+01
      0.896192      0.443444E+01
      0.898998      0.443504E+01
      0.901804      0.443568E+01
      0.904609      0.443638E+01
      0.907415      0.443711E+01
      0.910220      0.443789E+01
      0.913026      0.443871E+01
      0.915832      0.443957E+01
      0.918637      0.444048E+01
      0.921443      0.444142E+01
      0.924248      0.444240E+01
      0.927054      0.444342E+01
      0.929860      0.444448E+01
      0.932665      0.444558E+01
      0.935471      0.444671E+01
      0.938277      0.444787E+01
      0.941082      0.444907E+01
      0.943888      0.445030E+01
      0.946693      0.445157E+01
      0.949499      0.445287E+01
      0.952305      0.445420E+01
      0.955110      0.445556E+01
      0.957916      0.445695E+01
      0.960721      0.445837E+01
      0.963527      0.445982E+01
      0.966333      0.446129E+01
      0.969138      0.446280E+01
      0.971944      0.446433E+01
      0.974749      0.446589E+01
      0.977555      0.446747E+01
      0.980361      0.446908E+01
      0.983166      0.447072E+01
      0.985972      0.447238E+01
      0.988778      0.447406E+01
      0.991583      0.447577E+01
      0.994389      0.447750E+01
      0.997194      0.447925E+01
      1.000000      0.448103E+01
