SS_DOS Data: Atom #   2
--------------------------------
Fermi energy:  0.65120595                                   
LIZ Radius: 12.05235558                                     
Num Energy Points:   500                                    
--------------------------------
        Energy           DOS
     -0.400000      0.000000E+00
     -0.397194      0.000000E+00
     -0.394389      0.000000E+00
     -0.391583      0.000000E+00
     -0.388778      0.000000E+00
     -0.385972      0.000000E+00
     -0.383166      0.000000E+00
     -0.380361      0.000000E+00
     -0.377555      0.000000E+00
     -0.374749      0.000000E+00
     -0.371944      0.000000E+00
     -0.369138      0.000000E+00
     -0.366333      0.000000E+00
     -0.363527      0.000000E+00
     -0.360721      0.000000E+00
     -0.357916      0.000000E+00
     -0.355110      0.000000E+00
     -0.352305      0.000000E+00
     -0.349499      0.000000E+00
     -0.346693      0.000000E+00
     -0.343888      0.000000E+00
     -0.341082      0.000000E+00
     -0.338277      0.000000E+00
     -0.335471      0.000000E+00
     -0.332665      0.000000E+00
     -0.329860      0.000000E+00
     -0.327054      0.000000E+00
     -0.324248      0.000000E+00
     -0.321443      0.000000E+00
     -0.318637      0.000000E+00
     -0.315832      0.000000E+00
     -0.313026      0.000000E+00
     -0.310220      0.000000E+00
     -0.307415      0.000000E+00
     -0.304609      0.000000E+00
     -0.301804      0.000000E+00
     -0.298998      0.000000E+00
     -0.296192      0.000000E+00
     -0.293387      0.000000E+00
     -0.290581      0.000000E+00
     -0.287776      0.000000E+00
     -0.284970      0.000000E+00
     -0.282164      0.000000E+00
     -0.279359      0.000000E+00
     -0.276553      0.000000E+00
     -0.273747      0.000000E+00
     -0.270942      0.000000E+00
     -0.268136      0.000000E+00
     -0.265331      0.000000E+00
     -0.262525      0.000000E+00
     -0.259719      0.000000E+00
     -0.256914      0.000000E+00
     -0.254108      0.000000E+00
     -0.251303      0.000000E+00
     -0.248497      0.000000E+00
     -0.245691      0.000000E+00
     -0.242886      0.000000E+00
     -0.240080      0.000000E+00
     -0.237275      0.000000E+00
     -0.234469      0.000000E+00
     -0.231663      0.000000E+00
     -0.228858      0.000000E+00
     -0.226052      0.000000E+00
     -0.223246      0.000000E+00
     -0.220441      0.000000E+00
     -0.217635      0.000000E+00
     -0.214830      0.000000E+00
     -0.212024      0.000000E+00
     -0.209218      0.000000E+00
     -0.206413      0.000000E+00
     -0.203607      0.000000E+00
     -0.200802      0.000000E+00
     -0.197996      0.000000E+00
     -0.195190      0.000000E+00
     -0.192385      0.000000E+00
     -0.189579      0.000000E+00
     -0.186774      0.000000E+00
     -0.183968      0.000000E+00
     -0.181162      0.000000E+00
     -0.178357      0.000000E+00
     -0.175551      0.000000E+00
     -0.172745      0.000000E+00
     -0.169940      0.000000E+00
     -0.167134      0.000000E+00
     -0.164329      0.000000E+00
     -0.161523      0.000000E+00
     -0.158717      0.000000E+00
     -0.155912      0.000000E+00
     -0.153106      0.000000E+00
     -0.150301      0.000000E+00
     -0.147495      0.000000E+00
     -0.144689      0.000000E+00
     -0.141884      0.000000E+00
     -0.139078      0.000000E+00
     -0.136273      0.000000E+00
     -0.133467      0.000000E+00
     -0.130661      0.000000E+00
     -0.127856      0.000000E+00
     -0.125050      0.000000E+00
     -0.122244      0.000000E+00
     -0.119439      0.000000E+00
     -0.116633      0.000000E+00
     -0.113828      0.000000E+00
     -0.111022      0.000000E+00
     -0.108216      0.000000E+00
     -0.105411      0.000000E+00
     -0.102605      0.000000E+00
     -0.099800      0.000000E+00
     -0.096994      0.000000E+00
     -0.094188      0.000000E+00
     -0.091383      0.000000E+00
     -0.088577      0.000000E+00
     -0.085772      0.000000E+00
     -0.082966      0.000000E+00
     -0.080160      0.000000E+00
     -0.077355      0.000000E+00
     -0.074549      0.000000E+00
     -0.071743      0.000000E+00
     -0.068938      0.000000E+00
     -0.066132      0.000000E+00
     -0.063327      0.000000E+00
     -0.060521      0.000000E+00
     -0.057715      0.000000E+00
     -0.054910      0.000000E+00
     -0.052104      0.000000E+00
     -0.049299      0.000000E+00
     -0.046493      0.000000E+00
     -0.043687      0.000000E+00
     -0.040882      0.000000E+00
     -0.038076      0.000000E+00
     -0.035271      0.000000E+00
     -0.032465      0.000000E+00
     -0.029659      0.000000E+00
     -0.026854      0.000000E+00
     -0.024048      0.000000E+00
     -0.021242      0.000000E+00
     -0.018437      0.000000E+00
     -0.015631      0.000000E+00
     -0.012826      0.000000E+00
     -0.010020      0.000000E+00
     -0.007214      0.000000E+00
     -0.004409      0.000000E+00
     -0.001603      0.000000E+00
      0.001202      0.173238E+00
      0.004008      0.314734E+00
      0.006814      0.408394E+00
      0.009619      0.482972E+00
      0.012425      0.546396E+00
      0.015230      0.602251E+00
      0.018036      0.652531E+00
      0.020842      0.698479E+00
      0.023647      0.740941E+00
      0.026453      0.780519E+00
      0.029259      0.817664E+00
      0.032064      0.852723E+00
      0.034870      0.885972E+00
      0.037675      0.917633E+00
      0.040481      0.947890E+00
      0.043287      0.976896E+00
      0.046092      0.100478E+01
      0.048898      0.103166E+01
      0.051703      0.105762E+01
      0.054509      0.108276E+01
      0.057315      0.110715E+01
      0.060120      0.113085E+01
      0.062926      0.115392E+01
      0.065731      0.117642E+01
      0.068537      0.119840E+01
      0.071343      0.121990E+01
      0.074148      0.124096E+01
      0.076954      0.126161E+01
      0.079760      0.128190E+01
      0.082565      0.130185E+01
      0.085371      0.132150E+01
      0.088176      0.134087E+01
      0.090982      0.135999E+01
      0.093788      0.137888E+01
      0.096593      0.139757E+01
      0.099399      0.141609E+01
      0.102204      0.143444E+01
      0.105010      0.145266E+01
      0.107816      0.147076E+01
      0.110621      0.148877E+01
      0.113427      0.150670E+01
      0.116232      0.152457E+01
      0.119038      0.154240E+01
      0.121844      0.156020E+01
      0.124649      0.157801E+01
      0.127455      0.159583E+01
      0.130261      0.161368E+01
      0.133066      0.163159E+01
      0.135872      0.164956E+01
      0.138677      0.166762E+01
      0.141483      0.168579E+01
      0.144289      0.170408E+01
      0.147094      0.172252E+01
      0.149900      0.174112E+01
      0.152705      0.175991E+01
      0.155511      0.177891E+01
      0.158317      0.179814E+01
      0.161122      0.181762E+01
      0.163928      0.183738E+01
      0.166733      0.185744E+01
      0.169539      0.187784E+01
      0.172345      0.189858E+01
      0.175150      0.191971E+01
      0.177956      0.194126E+01
      0.180762      0.196326E+01
      0.183567      0.198573E+01
      0.186373      0.200873E+01
      0.189178      0.203228E+01
      0.191984      0.205643E+01
      0.194790      0.208122E+01
      0.197595      0.210669E+01
      0.200401      0.213290E+01
      0.203206      0.215990E+01
      0.206012      0.218775E+01
      0.208818      0.221650E+01
      0.211623      0.224622E+01
      0.214429      0.227699E+01
      0.217234      0.230887E+01
      0.220040      0.234194E+01
      0.222846      0.237631E+01
      0.225651      0.241205E+01
      0.228457      0.244928E+01
      0.231263      0.248811E+01
      0.234068      0.252865E+01
      0.236874      0.257105E+01
      0.239679      0.261544E+01
      0.242485      0.266197E+01
      0.245291      0.271084E+01
      0.248096      0.276221E+01
      0.250902      0.281630E+01
      0.253707      0.287333E+01
      0.256513      0.293355E+01
      0.259319      0.299724E+01
      0.262124      0.306469E+01
      0.264930      0.313625E+01
      0.267735      0.321227E+01
      0.270541      0.329319E+01
      0.273347      0.337944E+01
      0.276152      0.347154E+01
      0.278958      0.357006E+01
      0.281764      0.367563E+01
      0.284569      0.378898E+01
      0.287375      0.391091E+01
      0.290180      0.404232E+01
      0.292986      0.418425E+01
      0.295792      0.433785E+01
      0.298597      0.450446E+01
      0.301403      0.468559E+01
      0.304208      0.488297E+01
      0.307014      0.509859E+01
      0.309820      0.533474E+01
      0.312625      0.559410E+01
      0.315431      0.587974E+01
      0.318236      0.619527E+01
      0.321042      0.654491E+01
      0.323848      0.693363E+01
      0.326653      0.736733E+01
      0.329459      0.785301E+01
      0.332265      0.839904E+01
      0.335070      0.901550E+01
      0.337876      0.971459E+01
      0.340681      0.105112E+02
      0.343487      0.114235E+02
      0.346293      0.124741E+02
      0.349098      0.136912E+02
      0.351904      0.151099E+02
      0.354709      0.167750E+02
      0.357515      0.187437E+02
      0.360321      0.210896E+02
      0.363126      0.239089E+02
      0.365932      0.273278E+02
      0.368737      0.315134E+02
      0.371543      0.366890E+02
      0.374349      0.431534E+02
      0.377154      0.513064E+02
      0.379960      0.616747E+02
      0.382766      0.749291E+02
      0.385571      0.918552E+02
      0.388377      0.113192E+03
      0.391182      0.139172E+03
      0.393988      0.168547E+03
      0.396794      0.197264E+03
      0.399599      0.218141E+03
      0.402405      0.223924E+03
      0.405210      0.212729E+03
      0.408016      0.189587E+03
      0.410822      0.162039E+03
      0.413627      0.135607E+03
      0.416433      0.112794E+03
      0.419238      0.940925E+02
      0.422044      0.791012E+02
      0.424850      0.671606E+02
      0.427655      0.576298E+02
      0.430461      0.499730E+02
      0.433267      0.437685E+02
      0.436072      0.386934E+02
      0.438878      0.345023E+02
      0.441683      0.310089E+02
      0.444489      0.280713E+02
      0.447295      0.255802E+02
      0.450100      0.234515E+02
      0.452906      0.216192E+02
      0.455711      0.200313E+02
      0.458517      0.186468E+02
      0.461323      0.174325E+02
      0.464128      0.163619E+02
      0.466934      0.154132E+02
      0.469739      0.145687E+02
      0.472545      0.138136E+02
      0.475351      0.131358E+02
      0.478156      0.125251E+02
      0.480962      0.119729E+02
      0.483768      0.114720E+02
      0.486573      0.110161E+02
      0.489379      0.106001E+02
      0.492184      0.102194E+02
      0.494990      0.987018E+01
      0.497796      0.954899E+01
      0.500601      0.925294E+01
      0.503407      0.897946E+01
      0.506212      0.872632E+01
      0.509018      0.849156E+01
      0.511824      0.827344E+01
      0.514629      0.807043E+01
      0.517435      0.788117E+01
      0.520240      0.770446E+01
      0.523046      0.753921E+01
      0.525852      0.738447E+01
      0.528657      0.723936E+01
      0.531463      0.710312E+01
      0.534269      0.697505E+01
      0.537074      0.685451E+01
      0.539880      0.674094E+01
      0.542685      0.663381E+01
      0.545491      0.653266E+01
      0.548297      0.643707E+01
      0.551102      0.634663E+01
      0.553908      0.626100E+01
      0.556713      0.617985E+01
      0.559519      0.610289E+01
      0.562325      0.602984E+01
      0.565130      0.596044E+01
      0.567936      0.589448E+01
      0.570741      0.583173E+01
      0.573547      0.577200E+01
      0.576353      0.571510E+01
      0.579158      0.566088E+01
      0.581964      0.560917E+01
      0.584770      0.555983E+01
      0.587575      0.551273E+01
      0.590381      0.546773E+01
      0.593186      0.542474E+01
      0.595992      0.538363E+01
      0.598798      0.534430E+01
      0.601603      0.530667E+01
      0.604409      0.527064E+01
      0.607214      0.523614E+01
      0.610020      0.520308E+01
      0.612826      0.517139E+01
      0.615631      0.514101E+01
      0.618437      0.511188E+01
      0.621242      0.508392E+01
      0.624048      0.505709E+01
      0.626854      0.503133E+01
      0.629659      0.500660E+01
      0.632465      0.498285E+01
      0.635271      0.496002E+01
      0.638076      0.493809E+01
      0.640882      0.491701E+01
      0.643687      0.489675E+01
      0.646493      0.487726E+01
      0.649299      0.485852E+01
      0.652104      0.484049E+01
      0.654910      0.482315E+01
      0.657715      0.480646E+01
      0.660521      0.479041E+01
      0.663327      0.477495E+01
      0.666132      0.476008E+01
      0.668938      0.474576E+01
      0.671743      0.473197E+01
      0.674549      0.471870E+01
      0.677355      0.470593E+01
      0.680160      0.469362E+01
      0.682966      0.468178E+01
      0.685772      0.467037E+01
      0.688577      0.465939E+01
      0.691383      0.464881E+01
      0.694188      0.463863E+01
      0.696994      0.462883E+01
      0.699800      0.461939E+01
      0.702605      0.461030E+01
      0.705411      0.460155E+01
      0.708216      0.459313E+01
      0.711022      0.458502E+01
      0.713828      0.457722E+01
      0.716633      0.456972E+01
      0.719439      0.456250E+01
      0.722244      0.455555E+01
      0.725050      0.454887E+01
      0.727856      0.454245E+01
      0.730661      0.453627E+01
      0.733467      0.453034E+01
      0.736273      0.452464E+01
      0.739078      0.451916E+01
      0.741884      0.451390E+01
      0.744689      0.450886E+01
      0.747495      0.450401E+01
      0.750301      0.449937E+01
      0.753106      0.449491E+01
      0.755912      0.449065E+01
      0.758717      0.448656E+01
      0.761523      0.448265E+01
      0.764329      0.447891E+01
      0.767134      0.447533E+01
      0.769940      0.447191E+01
      0.772745      0.446864E+01
      0.775551      0.446553E+01
      0.778357      0.446256E+01
      0.781162      0.445973E+01
      0.783968      0.445704E+01
      0.786774      0.445449E+01
      0.789579      0.445206E+01
      0.792385      0.444976E+01
      0.795190      0.444758E+01
      0.797996      0.444552E+01
      0.800802      0.444358E+01
      0.803607      0.444175E+01
      0.806413      0.444002E+01
      0.809218      0.443841E+01
      0.812024      0.443690E+01
      0.814830      0.443548E+01
      0.817635      0.443417E+01
      0.820441      0.443295E+01
      0.823246      0.443182E+01
      0.826052      0.443079E+01
      0.828858      0.442984E+01
      0.831663      0.442898E+01
      0.834469      0.442820E+01
      0.837275      0.442750E+01
      0.840080      0.442688E+01
      0.842886      0.442634E+01
      0.845691      0.442587E+01
      0.848497      0.442548E+01
      0.851303      0.442516E+01
      0.854108      0.442491E+01
      0.856914      0.442472E+01
      0.859719      0.442460E+01
      0.862525      0.442455E+01
      0.865331      0.442456E+01
      0.868136      0.442463E+01
      0.870942      0.442475E+01
      0.873747      0.442494E+01
      0.876553      0.442519E+01
      0.879359      0.442549E+01
      0.882164      0.442584E+01
      0.884970      0.442625E+01
      0.887776      0.442671E+01
      0.890581      0.442722E+01
      0.893387      0.442778E+01
      0.896192      0.442839E+01
      0.898998      0.442904E+01
      0.901804      0.442974E+01
      0.904609      0.443049E+01
      0.907415      0.443128E+01
      0.910220      0.443211E+01
      0.913026      0.443298E+01
      0.915832      0.443390E+01
      0.918637      0.443485E+01
      0.921443      0.443585E+01
      0.924248      0.443688E+01
      0.927054      0.443795E+01
      0.929860      0.443906E+01
      0.932665      0.444020E+01
      0.935471      0.444138E+01
      0.938277      0.444259E+01
      0.941082      0.444384E+01
      0.943888      0.444512E+01
      0.946693      0.444643E+01
      0.949499      0.444777E+01
      0.952305      0.444914E+01
      0.955110      0.445055E+01
      0.957916      0.445198E+01
      0.960721      0.445344E+01
      0.963527      0.445493E+01
      0.966333      0.445645E+01
      0.969138      0.445800E+01
      0.971944      0.445957E+01
      0.974749      0.446117E+01
      0.977555      0.446279E+01
      0.980361      0.446444E+01
      0.983166      0.446612E+01
      0.985972      0.446781E+01
      0.988778      0.446954E+01
      0.991583      0.447128E+01
      0.994389      0.447305E+01
      0.997194      0.447484E+01
      1.000000      0.447665E+01
