SS_DOS Data: Atom #  13
--------------------------------
Fermi energy:  0.65120595                                   
LIZ Radius: 12.05235558                                     
Num Energy Points:   500                                    
--------------------------------
        Energy           DOS
     -0.400000      0.000000E+00
     -0.397194      0.000000E+00
     -0.394389      0.000000E+00
     -0.391583      0.000000E+00
     -0.388778      0.000000E+00
     -0.385972      0.000000E+00
     -0.383166      0.000000E+00
     -0.380361      0.000000E+00
     -0.377555      0.000000E+00
     -0.374749      0.000000E+00
     -0.371944      0.000000E+00
     -0.369138      0.000000E+00
     -0.366333      0.000000E+00
     -0.363527      0.000000E+00
     -0.360721      0.000000E+00
     -0.357916      0.000000E+00
     -0.355110      0.000000E+00
     -0.352305      0.000000E+00
     -0.349499      0.000000E+00
     -0.346693      0.000000E+00
     -0.343888      0.000000E+00
     -0.341082      0.000000E+00
     -0.338277      0.000000E+00
     -0.335471      0.000000E+00
     -0.332665      0.000000E+00
     -0.329860      0.000000E+00
     -0.327054      0.000000E+00
     -0.324248      0.000000E+00
     -0.321443      0.000000E+00
     -0.318637      0.000000E+00
     -0.315832      0.000000E+00
     -0.313026      0.000000E+00
     -0.310220      0.000000E+00
     -0.307415      0.000000E+00
     -0.304609      0.000000E+00
     -0.301804      0.000000E+00
     -0.298998      0.000000E+00
     -0.296192      0.000000E+00
     -0.293387      0.000000E+00
     -0.290581      0.000000E+00
     -0.287776      0.000000E+00
     -0.284970      0.000000E+00
     -0.282164      0.000000E+00
     -0.279359      0.000000E+00
     -0.276553      0.000000E+00
     -0.273747      0.000000E+00
     -0.270942      0.000000E+00
     -0.268136      0.000000E+00
     -0.265331      0.000000E+00
     -0.262525      0.000000E+00
     -0.259719      0.000000E+00
     -0.256914      0.000000E+00
     -0.254108      0.000000E+00
     -0.251303      0.000000E+00
     -0.248497      0.000000E+00
     -0.245691      0.000000E+00
     -0.242886      0.000000E+00
     -0.240080      0.000000E+00
     -0.237275      0.000000E+00
     -0.234469      0.000000E+00
     -0.231663      0.000000E+00
     -0.228858      0.000000E+00
     -0.226052      0.000000E+00
     -0.223246      0.000000E+00
     -0.220441      0.000000E+00
     -0.217635      0.000000E+00
     -0.214830      0.000000E+00
     -0.212024      0.000000E+00
     -0.209218      0.000000E+00
     -0.206413      0.000000E+00
     -0.203607      0.000000E+00
     -0.200802      0.000000E+00
     -0.197996      0.000000E+00
     -0.195190      0.000000E+00
     -0.192385      0.000000E+00
     -0.189579      0.000000E+00
     -0.186774      0.000000E+00
     -0.183968      0.000000E+00
     -0.181162      0.000000E+00
     -0.178357      0.000000E+00
     -0.175551      0.000000E+00
     -0.172745      0.000000E+00
     -0.169940      0.000000E+00
     -0.167134      0.000000E+00
     -0.164329      0.000000E+00
     -0.161523      0.000000E+00
     -0.158717      0.000000E+00
     -0.155912      0.000000E+00
     -0.153106      0.000000E+00
     -0.150301      0.000000E+00
     -0.147495      0.000000E+00
     -0.144689      0.000000E+00
     -0.141884      0.000000E+00
     -0.139078      0.000000E+00
     -0.136273      0.000000E+00
     -0.133467      0.000000E+00
     -0.130661      0.000000E+00
     -0.127856      0.000000E+00
     -0.125050      0.000000E+00
     -0.122244      0.000000E+00
     -0.119439      0.000000E+00
     -0.116633      0.000000E+00
     -0.113828      0.000000E+00
     -0.111022      0.000000E+00
     -0.108216      0.000000E+00
     -0.105411      0.000000E+00
     -0.102605      0.000000E+00
     -0.099800      0.000000E+00
     -0.096994      0.000000E+00
     -0.094188      0.000000E+00
     -0.091383      0.000000E+00
     -0.088577      0.000000E+00
     -0.085772      0.000000E+00
     -0.082966      0.000000E+00
     -0.080160      0.000000E+00
     -0.077355      0.000000E+00
     -0.074549      0.000000E+00
     -0.071743      0.000000E+00
     -0.068938      0.000000E+00
     -0.066132      0.000000E+00
     -0.063327      0.000000E+00
     -0.060521      0.000000E+00
     -0.057715      0.000000E+00
     -0.054910      0.000000E+00
     -0.052104      0.000000E+00
     -0.049299      0.000000E+00
     -0.046493      0.000000E+00
     -0.043687      0.000000E+00
     -0.040882      0.000000E+00
     -0.038076      0.000000E+00
     -0.035271      0.000000E+00
     -0.032465      0.000000E+00
     -0.029659      0.000000E+00
     -0.026854      0.000000E+00
     -0.024048      0.000000E+00
     -0.021242      0.000000E+00
     -0.018437      0.000000E+00
     -0.015631      0.000000E+00
     -0.012826      0.000000E+00
     -0.010020      0.000000E+00
     -0.007214      0.000000E+00
     -0.004409      0.000000E+00
     -0.001603      0.000000E+00
      0.001202      0.454757E+00
      0.004008      0.808013E+00
      0.006814      0.102632E+01
      0.009619      0.118917E+01
      0.012425      0.131935E+01
      0.015230      0.142754E+01
      0.018036      0.151997E+01
      0.020842      0.160076E+01
      0.023647      0.167293E+01
      0.026453      0.173893E+01
      0.029259      0.180090E+01
      0.032064      0.186097E+01
      0.034870      0.192143E+01
      0.037675      0.198501E+01
      0.040481      0.205523E+01
      0.043287      0.213699E+01
      0.046092      0.223753E+01
      0.048898      0.236809E+01
      0.051703      0.254711E+01
      0.054509      0.280672E+01
      0.057315      0.320678E+01
      0.060120      0.386886E+01
      0.062926      0.506936E+01
      0.065731      0.754545E+01
      0.068537      0.138121E+02
      0.071343      0.372591E+02
      0.074148      0.316765E+03
      0.076954      0.431313E+03
      0.079760      0.515725E+02
      0.082565      0.212310E+02
      0.085371      0.126475E+02
      0.088176      0.900492E+01
      0.090982      0.710287E+01
      0.093788      0.597539E+01
      0.096593      0.524731E+01
      0.099399      0.474728E+01
      0.102204      0.438756E+01
      0.105010      0.411930E+01
      0.107816      0.391342E+01
      0.110621      0.375167E+01
      0.113427      0.362212E+01
      0.116232      0.351669E+01
      0.119038      0.342970E+01
      0.121844      0.335711E+01
      0.124649      0.329594E+01
      0.127455      0.324395E+01
      0.130261      0.319945E+01
      0.133066      0.316114E+01
      0.135872      0.312798E+01
      0.138677      0.309915E+01
      0.141483      0.307401E+01
      0.144289      0.305203E+01
      0.147094      0.303277E+01
      0.149900      0.301587E+01
      0.152705      0.300104E+01
      0.155511      0.298803E+01
      0.158317      0.297662E+01
      0.161122      0.296664E+01
      0.163928      0.295794E+01
      0.166733      0.295038E+01
      0.169539      0.294385E+01
      0.172345      0.293826E+01
      0.175150      0.293352E+01
      0.177956      0.292955E+01
      0.180762      0.292629E+01
      0.183567      0.292368E+01
      0.186373      0.292167E+01
      0.189178      0.292021E+01
      0.191984      0.291926E+01
      0.194790      0.291879E+01
      0.197595      0.291877E+01
      0.200401      0.291915E+01
      0.203206      0.291992E+01
      0.206012      0.292106E+01
      0.208818      0.292253E+01
      0.211623      0.292433E+01
      0.214429      0.292643E+01
      0.217234      0.292881E+01
      0.220040      0.293146E+01
      0.222846      0.293436E+01
      0.225651      0.293751E+01
      0.228457      0.294089E+01
      0.231263      0.294448E+01
      0.234068      0.294828E+01
      0.236874      0.295228E+01
      0.239679      0.295647E+01
      0.242485      0.296084E+01
      0.245291      0.296538E+01
      0.248096      0.297008E+01
      0.250902      0.297494E+01
      0.253707      0.297995E+01
      0.256513      0.298510E+01
      0.259319      0.299039E+01
      0.262124      0.299582E+01
      0.264930      0.300137E+01
      0.267735      0.300704E+01
      0.270541      0.301283E+01
      0.273347      0.301873E+01
      0.276152      0.302473E+01
      0.278958      0.303084E+01
      0.281764      0.303705E+01
      0.284569      0.304335E+01
      0.287375      0.304975E+01
      0.290180      0.305623E+01
      0.292986      0.306280E+01
      0.295792      0.306944E+01
      0.298597      0.307617E+01
      0.301403      0.308296E+01
      0.304208      0.308983E+01
      0.307014      0.309677E+01
      0.309820      0.310377E+01
      0.312625      0.311084E+01
      0.315431      0.311797E+01
      0.318236      0.312515E+01
      0.321042      0.313239E+01
      0.323848      0.313968E+01
      0.326653      0.314702E+01
      0.329459      0.315441E+01
      0.332265      0.316185E+01
      0.335070      0.316933E+01
      0.337876      0.317685E+01
      0.340681      0.318441E+01
      0.343487      0.319200E+01
      0.346293      0.319964E+01
      0.349098      0.320730E+01
      0.351904      0.321500E+01
      0.354709      0.322273E+01
      0.357515      0.323049E+01
      0.360321      0.323828E+01
      0.363126      0.324609E+01
      0.365932      0.325392E+01
      0.368737      0.326177E+01
      0.371543      0.326965E+01
      0.374349      0.327754E+01
      0.377154      0.328545E+01
      0.379960      0.329338E+01
      0.382766      0.330132E+01
      0.385571      0.330928E+01
      0.388377      0.331724E+01
      0.391182      0.332522E+01
      0.393988      0.333321E+01
      0.396794      0.334120E+01
      0.399599      0.334920E+01
      0.402405      0.335721E+01
      0.405210      0.336522E+01
      0.408016      0.337323E+01
      0.410822      0.338125E+01
      0.413627      0.338926E+01
      0.416433      0.339728E+01
      0.419238      0.340530E+01
      0.422044      0.341331E+01
      0.424850      0.342132E+01
      0.427655      0.342933E+01
      0.430461      0.343733E+01
      0.433267      0.344533E+01
      0.436072      0.345332E+01
      0.438878      0.346130E+01
      0.441683      0.346927E+01
      0.444489      0.347723E+01
      0.447295      0.348519E+01
      0.450100      0.349313E+01
      0.452906      0.350106E+01
      0.455711      0.350898E+01
      0.458517      0.351688E+01
      0.461323      0.352477E+01
      0.464128      0.353265E+01
      0.466934      0.354051E+01
      0.469739      0.354835E+01
      0.472545      0.355618E+01
      0.475351      0.356399E+01
      0.478156      0.357178E+01
      0.480962      0.357956E+01
      0.483768      0.358731E+01
      0.486573      0.359505E+01
      0.489379      0.360276E+01
      0.492184      0.361046E+01
      0.494990      0.361813E+01
      0.497796      0.362578E+01
      0.500601      0.363341E+01
      0.503407      0.364101E+01
      0.506212      0.364860E+01
      0.509018      0.365615E+01
      0.511824      0.366369E+01
      0.514629      0.367120E+01
      0.517435      0.367868E+01
      0.520240      0.368614E+01
      0.523046      0.369358E+01
      0.525852      0.370098E+01
      0.528657      0.370836E+01
      0.531463      0.371572E+01
      0.534269      0.372305E+01
      0.537074      0.373035E+01
      0.539880      0.373762E+01
      0.542685      0.374486E+01
      0.545491      0.375208E+01
      0.548297      0.375926E+01
      0.551102      0.376642E+01
      0.553908      0.377355E+01
      0.556713      0.378065E+01
      0.559519      0.378772E+01
      0.562325      0.379476E+01
      0.565130      0.380177E+01
      0.567936      0.380875E+01
      0.570741      0.381570E+01
      0.573547      0.382262E+01
      0.576353      0.382951E+01
      0.579158      0.383636E+01
      0.581964      0.384319E+01
      0.584770      0.384998E+01
      0.587575      0.385675E+01
      0.590381      0.386348E+01
      0.593186      0.387018E+01
      0.595992      0.387685E+01
      0.598798      0.388348E+01
      0.601603      0.389009E+01
      0.604409      0.389666E+01
      0.607214      0.390320E+01
      0.610020      0.390971E+01
      0.612826      0.391619E+01
      0.615631      0.392264E+01
      0.618437      0.392905E+01
      0.621242      0.393543E+01
      0.624048      0.394178E+01
      0.626854      0.394809E+01
      0.629659      0.395438E+01
      0.632465      0.396063E+01
      0.635271      0.396685E+01
      0.638076      0.397303E+01
      0.640882      0.397919E+01
      0.643687      0.398531E+01
      0.646493      0.399140E+01
      0.649299      0.399746E+01
      0.652104      0.400348E+01
      0.654910      0.400948E+01
      0.657715      0.401544E+01
      0.660521      0.402137E+01
      0.663327      0.402727E+01
      0.666132      0.403313E+01
      0.668938      0.403896E+01
      0.671743      0.404477E+01
      0.674549      0.405054E+01
      0.677355      0.405628E+01
      0.680160      0.406198E+01
      0.682966      0.406766E+01
      0.685772      0.407330E+01
      0.688577      0.407892E+01
      0.691383      0.408450E+01
      0.694188      0.409005E+01
      0.696994      0.409557E+01
      0.699800      0.410106E+01
      0.702605      0.410652E+01
      0.705411      0.411195E+01
      0.708216      0.411735E+01
      0.711022      0.412272E+01
      0.713828      0.412806E+01
      0.716633      0.413336E+01
      0.719439      0.413864E+01
      0.722244      0.414389E+01
      0.725050      0.414911E+01
      0.727856      0.415430E+01
      0.730661      0.415946E+01
      0.733467      0.416460E+01
      0.736273      0.416970E+01
      0.739078      0.417477E+01
      0.741884      0.417982E+01
      0.744689      0.418484E+01
      0.747495      0.418983E+01
      0.750301      0.419479E+01
      0.753106      0.419973E+01
      0.755912      0.420463E+01
      0.758717      0.420951E+01
      0.761523      0.421436E+01
      0.764329      0.421919E+01
      0.767134      0.422399E+01
      0.769940      0.422876E+01
      0.772745      0.423350E+01
      0.775551      0.423822E+01
      0.778357      0.424291E+01
      0.781162      0.424758E+01
      0.783968      0.425222E+01
      0.786774      0.425684E+01
      0.789579      0.426143E+01
      0.792385      0.426599E+01
      0.795190      0.427053E+01
      0.797996      0.427505E+01
      0.800802      0.427954E+01
      0.803607      0.428401E+01
      0.806413      0.428845E+01
      0.809218      0.429287E+01
      0.812024      0.429727E+01
      0.814830      0.430164E+01
      0.817635      0.430599E+01
      0.820441      0.431031E+01
      0.823246      0.431462E+01
      0.826052      0.431890E+01
      0.828858      0.432316E+01
      0.831663      0.432739E+01
      0.834469      0.433161E+01
      0.837275      0.433580E+01
      0.840080      0.433997E+01
      0.842886      0.434412E+01
      0.845691      0.434825E+01
      0.848497      0.435236E+01
      0.851303      0.435645E+01
      0.854108      0.436051E+01
      0.856914      0.436456E+01
      0.859719      0.436859E+01
      0.862525      0.437260E+01
      0.865331      0.437658E+01
      0.868136      0.438055E+01
      0.870942      0.438450E+01
      0.873747      0.438843E+01
      0.876553      0.439235E+01
      0.879359      0.439624E+01
      0.882164      0.440012E+01
      0.884970      0.440397E+01
      0.887776      0.440782E+01
      0.890581      0.441164E+01
      0.893387      0.441544E+01
      0.896192      0.441923E+01
      0.898998      0.442300E+01
      0.901804      0.442676E+01
      0.904609      0.443050E+01
      0.907415      0.443422E+01
      0.910220      0.443792E+01
      0.913026      0.444161E+01
      0.915832      0.444529E+01
      0.918637      0.444895E+01
      0.921443      0.445259E+01
      0.924248      0.445622E+01
      0.927054      0.445984E+01
      0.929860      0.446344E+01
      0.932665      0.446702E+01
      0.935471      0.447059E+01
      0.938277      0.447415E+01
      0.941082      0.447770E+01
      0.943888      0.448123E+01
      0.946693      0.448474E+01
      0.949499      0.448825E+01
      0.952305      0.449174E+01
      0.955110      0.449522E+01
      0.957916      0.449868E+01
      0.960721      0.450214E+01
      0.963527      0.450558E+01
      0.966333      0.450901E+01
      0.969138      0.451243E+01
      0.971944      0.451583E+01
      0.974749      0.451923E+01
      0.977555      0.452261E+01
      0.980361      0.452599E+01
      0.983166      0.452935E+01
      0.985972      0.453270E+01
      0.988778      0.453604E+01
      0.991583      0.453938E+01
      0.994389      0.454270E+01
      0.997194      0.454601E+01
      1.000000      0.454931E+01
