SS_DOS Data: Averaged over      8Cu_t01 atoms
--------------------------------
Fermi energy:  0.65120595                                   
LIZ Radius: 12.05235558                                     
Num Energy Points:   500                                    
--------------------------------
        Energy           DOS
     -0.400000      0.000000E+00
     -0.397194      0.000000E+00
     -0.394389      0.000000E+00
     -0.391583      0.000000E+00
     -0.388778      0.000000E+00
     -0.385972      0.000000E+00
     -0.383166      0.000000E+00
     -0.380361      0.000000E+00
     -0.377555      0.000000E+00
     -0.374749      0.000000E+00
     -0.371944      0.000000E+00
     -0.369138      0.000000E+00
     -0.366333      0.000000E+00
     -0.363527      0.000000E+00
     -0.360721      0.000000E+00
     -0.357916      0.000000E+00
     -0.355110      0.000000E+00
     -0.352305      0.000000E+00
     -0.349499      0.000000E+00
     -0.346693      0.000000E+00
     -0.343888      0.000000E+00
     -0.341082      0.000000E+00
     -0.338277      0.000000E+00
     -0.335471      0.000000E+00
     -0.332665      0.000000E+00
     -0.329860      0.000000E+00
     -0.327054      0.000000E+00
     -0.324248      0.000000E+00
     -0.321443      0.000000E+00
     -0.318637      0.000000E+00
     -0.315832      0.000000E+00
     -0.313026      0.000000E+00
     -0.310220      0.000000E+00
     -0.307415      0.000000E+00
     -0.304609      0.000000E+00
     -0.301804      0.000000E+00
     -0.298998      0.000000E+00
     -0.296192      0.000000E+00
     -0.293387      0.000000E+00
     -0.290581      0.000000E+00
     -0.287776      0.000000E+00
     -0.284970      0.000000E+00
     -0.282164      0.000000E+00
     -0.279359      0.000000E+00
     -0.276553      0.000000E+00
     -0.273747      0.000000E+00
     -0.270942      0.000000E+00
     -0.268136      0.000000E+00
     -0.265331      0.000000E+00
     -0.262525      0.000000E+00
     -0.259719      0.000000E+00
     -0.256914      0.000000E+00
     -0.254108      0.000000E+00
     -0.251303      0.000000E+00
     -0.248497      0.000000E+00
     -0.245691      0.000000E+00
     -0.242886      0.000000E+00
     -0.240080      0.000000E+00
     -0.237275      0.000000E+00
     -0.234469      0.000000E+00
     -0.231663      0.000000E+00
     -0.228858      0.000000E+00
     -0.226052      0.000000E+00
     -0.223246      0.000000E+00
     -0.220441      0.000000E+00
     -0.217635      0.000000E+00
     -0.214830      0.000000E+00
     -0.212024      0.000000E+00
     -0.209218      0.000000E+00
     -0.206413      0.000000E+00
     -0.203607      0.000000E+00
     -0.200802      0.000000E+00
     -0.197996      0.000000E+00
     -0.195190      0.000000E+00
     -0.192385      0.000000E+00
     -0.189579      0.000000E+00
     -0.186774      0.000000E+00
     -0.183968      0.000000E+00
     -0.181162      0.000000E+00
     -0.178357      0.000000E+00
     -0.175551      0.000000E+00
     -0.172745      0.000000E+00
     -0.169940      0.000000E+00
     -0.167134      0.000000E+00
     -0.164329      0.000000E+00
     -0.161523      0.000000E+00
     -0.158717      0.000000E+00
     -0.155912      0.000000E+00
     -0.153106      0.000000E+00
     -0.150301      0.000000E+00
     -0.147495      0.000000E+00
     -0.144689      0.000000E+00
     -0.141884      0.000000E+00
     -0.139078      0.000000E+00
     -0.136273      0.000000E+00
     -0.133467      0.000000E+00
     -0.130661      0.000000E+00
     -0.127856      0.000000E+00
     -0.125050      0.000000E+00
     -0.122244      0.000000E+00
     -0.119439      0.000000E+00
     -0.116633      0.000000E+00
     -0.113828      0.000000E+00
     -0.111022      0.000000E+00
     -0.108216      0.000000E+00
     -0.105411      0.000000E+00
     -0.102605      0.000000E+00
     -0.099800      0.000000E+00
     -0.096994      0.000000E+00
     -0.094188      0.000000E+00
     -0.091383      0.000000E+00
     -0.088577      0.000000E+00
     -0.085772      0.000000E+00
     -0.082966      0.000000E+00
     -0.080160      0.000000E+00
     -0.077355      0.000000E+00
     -0.074549      0.000000E+00
     -0.071743      0.000000E+00
     -0.068938      0.000000E+00
     -0.066132      0.000000E+00
     -0.063327      0.000000E+00
     -0.060521      0.000000E+00
     -0.057715      0.000000E+00
     -0.054910      0.000000E+00
     -0.052104      0.000000E+00
     -0.049299      0.000000E+00
     -0.046493      0.000000E+00
     -0.043687      0.000000E+00
     -0.040882      0.000000E+00
     -0.038076      0.000000E+00
     -0.035271      0.000000E+00
     -0.032465      0.000000E+00
     -0.029659      0.000000E+00
     -0.026854      0.000000E+00
     -0.024048      0.000000E+00
     -0.021242      0.000000E+00
     -0.018437      0.000000E+00
     -0.015631      0.000000E+00
     -0.012826      0.000000E+00
     -0.010020      0.000000E+00
     -0.007214      0.000000E+00
     -0.004409      0.000000E+00
     -0.001603      0.000000E+00
      0.001202      0.170423E+00
      0.004008      0.309694E+00
      0.006814      0.401950E+00
      0.009619      0.475461E+00
      0.012425      0.538023E+00
      0.015230      0.593157E+00
      0.018036      0.642819E+00
      0.020842      0.688235E+00
      0.023647      0.730231E+00
      0.026453      0.769399E+00
      0.029259      0.806182E+00
      0.032064      0.840920E+00
      0.034870      0.873883E+00
      0.037675      0.905290E+00
      0.040481      0.935320E+00
      0.043287      0.964123E+00
      0.046092      0.991828E+00
      0.048898      0.101854E+01
      0.051703      0.104436E+01
      0.054509      0.106937E+01
      0.057315      0.109365E+01
      0.060120      0.111724E+01
      0.062926      0.114023E+01
      0.065731      0.116265E+01
      0.068537      0.118455E+01
      0.071343      0.120599E+01
      0.074148      0.122699E+01
      0.076954      0.124760E+01
      0.079760      0.126784E+01
      0.082565      0.128775E+01
      0.085371      0.130736E+01
      0.088176      0.132670E+01
      0.090982      0.134579E+01
      0.093788      0.136466E+01
      0.096593      0.138332E+01
      0.099399      0.140181E+01
      0.102204      0.142014E+01
      0.105010      0.143834E+01
      0.107816      0.145641E+01
      0.110621      0.147440E+01
      0.113427      0.149230E+01
      0.116232      0.151014E+01
      0.119038      0.152794E+01
      0.121844      0.154571E+01
      0.124649      0.156348E+01
      0.127455      0.158125E+01
      0.130261      0.159906E+01
      0.133066      0.161691E+01
      0.135872      0.163483E+01
      0.138677      0.165282E+01
      0.141483      0.167092E+01
      0.144289      0.168913E+01
      0.147094      0.170748E+01
      0.149900      0.172599E+01
      0.152705      0.174468E+01
      0.155511      0.176356E+01
      0.158317      0.178266E+01
      0.161122      0.180200E+01
      0.163928      0.182160E+01
      0.166733      0.184150E+01
      0.169539      0.186170E+01
      0.172345      0.188225E+01
      0.175150      0.190316E+01
      0.177956      0.192447E+01
      0.180762      0.194620E+01
      0.183567      0.196839E+01
      0.186373      0.199108E+01
      0.189178      0.201430E+01
      0.191984      0.203808E+01
      0.194790      0.206248E+01
      0.197595      0.208753E+01
      0.200401      0.211328E+01
      0.203206      0.213977E+01
      0.206012      0.216708E+01
      0.208818      0.219524E+01
      0.211623      0.222432E+01
      0.214429      0.225439E+01
      0.217234      0.228552E+01
      0.220040      0.231779E+01
      0.222846      0.235127E+01
      0.225651      0.238607E+01
      0.228457      0.242226E+01
      0.231263      0.245996E+01
      0.234068      0.249929E+01
      0.236874      0.254036E+01
      0.239679      0.258330E+01
      0.242485      0.262827E+01
      0.245291      0.267543E+01
      0.248096      0.272494E+01
      0.250902      0.277701E+01
      0.253707      0.283183E+01
      0.256513      0.288963E+01
      0.259319      0.295068E+01
      0.262124      0.301525E+01
      0.264930      0.308363E+01
      0.267735      0.315619E+01
      0.270541      0.323328E+01
      0.273347      0.331534E+01
      0.276152      0.340282E+01
      0.278958      0.349624E+01
      0.281764      0.359618E+01
      0.284569      0.370329E+01
      0.287375      0.381831E+01
      0.290180      0.394204E+01
      0.292986      0.407543E+01
      0.295792      0.421950E+01
      0.298597      0.437547E+01
      0.301403      0.454468E+01
      0.304208      0.472867E+01
      0.307014      0.492923E+01
      0.309820      0.514840E+01
      0.312625      0.538853E+01
      0.315431      0.565234E+01
      0.318236      0.594303E+01
      0.321042      0.626429E+01
      0.323848      0.662050E+01
      0.326653      0.701679E+01
      0.329459      0.745926E+01
      0.332265      0.795518E+01
      0.335070      0.851328E+01
      0.337876      0.914406E+01
      0.340681      0.986032E+01
      0.343487      0.106777E+02
      0.346293      0.116154E+02
      0.349098      0.126973E+02
      0.351904      0.139533E+02
      0.354709      0.154213E+02
      0.357515      0.171493E+02
      0.360321      0.191990E+02
      0.363126      0.216509E+02
      0.365932      0.246100E+02
      0.368737      0.282150E+02
      0.371543      0.326499E+02
      0.374349      0.381595E+02
      0.377154      0.450661E+02
      0.379960      0.537851E+02
      0.382766      0.648214E+02
      0.385571      0.787130E+02
      0.388377      0.958595E+02
      0.391182      0.116190E+03
      0.393988      0.138761E+03
      0.396794      0.161580E+03
      0.399599      0.181742E+03
      0.402405      0.195833E+03
      0.405210      0.200989E+03
      0.408016      0.196230E+03
      0.410822      0.182763E+03
      0.413627      0.163370E+03
      0.416433      0.141522E+03
      0.419238      0.120245E+03
      0.422044      0.101351E+03
      0.424850      0.854626E+02
      0.427655      0.724756E+02
      0.430461      0.619819E+02
      0.433267      0.535156E+02
      0.436072      0.466573E+02
      0.438878      0.410624E+02
      0.441683      0.364599E+02
      0.444489      0.326404E+02
      0.447295      0.294429E+02
      0.450100      0.267433E+02
      0.452906      0.244459E+02
      0.455711      0.224760E+02
      0.458517      0.207750E+02
      0.461323      0.192968E+02
      0.464128      0.180042E+02
      0.466934      0.168678E+02
      0.469739      0.158633E+02
      0.472545      0.149711E+02
      0.475351      0.141752E+02
      0.478156      0.134622E+02
      0.480962      0.128209E+02
      0.483768      0.122420E+02
      0.486573      0.117176E+02
      0.489379      0.112412E+02
      0.492184      0.108069E+02
      0.494990      0.104101E+02
      0.497796      0.100464E+02
      0.500601      0.971225E+01
      0.503407      0.940457E+01
      0.506212      0.912063E+01
      0.509018      0.885802E+01
      0.511824      0.861468E+01
      0.514629      0.838875E+01
      0.517435      0.817863E+01
      0.520240      0.798287E+01
      0.523046      0.780019E+01
      0.525852      0.762948E+01
      0.528657      0.746970E+01
      0.531463      0.731995E+01
      0.534269      0.717942E+01
      0.537074      0.704737E+01
      0.539880      0.692314E+01
      0.542685      0.680614E+01
      0.545491      0.669582E+01
      0.548297      0.659170E+01
      0.551102      0.649332E+01
      0.553908      0.640029E+01
      0.556713      0.631223E+01
      0.559519      0.622880E+01
      0.562325      0.614969E+01
      0.565130      0.607462E+01
      0.567936      0.600333E+01
      0.570741      0.593557E+01
      0.573547      0.587114E+01
      0.576353      0.580981E+01
      0.579158      0.575141E+01
      0.581964      0.569576E+01
      0.584770      0.564269E+01
      0.587575      0.559207E+01
      0.590381      0.554375E+01
      0.593186      0.549760E+01
      0.595992      0.545350E+01
      0.598798      0.541134E+01
      0.601603      0.537102E+01
      0.604409      0.533243E+01
      0.607214      0.529550E+01
      0.610020      0.526012E+01
      0.612826      0.522623E+01
      0.615631      0.519376E+01
      0.618437      0.516262E+01
      0.621242      0.513275E+01
      0.624048      0.510410E+01
      0.626854      0.507660E+01
      0.629659      0.505021E+01
      0.632465      0.502486E+01
      0.635271      0.500052E+01
      0.638076      0.497713E+01
      0.640882      0.495465E+01
      0.643687      0.493304E+01
      0.646493      0.491227E+01
      0.649299      0.489230E+01
      0.652104      0.487309E+01
      0.654910      0.485462E+01
      0.657715      0.483684E+01
      0.660521      0.481973E+01
      0.663327      0.480327E+01
      0.666132      0.478743E+01
      0.668938      0.477218E+01
      0.671743      0.475749E+01
      0.674549      0.474336E+01
      0.677355      0.472975E+01
      0.680160      0.471664E+01
      0.682966      0.470402E+01
      0.685772      0.469187E+01
      0.688577      0.468016E+01
      0.691383      0.466889E+01
      0.694188      0.465804E+01
      0.696994      0.464758E+01
      0.699800      0.463751E+01
      0.702605      0.462782E+01
      0.705411      0.461849E+01
      0.708216      0.460950E+01
      0.711022      0.460084E+01
      0.713828      0.459251E+01
      0.716633      0.458449E+01
      0.719439      0.457677E+01
      0.722244      0.456935E+01
      0.725050      0.456220E+01
      0.727856      0.455533E+01
      0.730661      0.454871E+01
      0.733467      0.454235E+01
      0.736273      0.453624E+01
      0.739078      0.453037E+01
      0.741884      0.452472E+01
      0.744689      0.451930E+01
      0.747495      0.451409E+01
      0.750301      0.450909E+01
      0.753106      0.450430E+01
      0.755912      0.449969E+01
      0.758717      0.449528E+01
      0.761523      0.449106E+01
      0.764329      0.448701E+01
      0.767134      0.448313E+01
      0.769940      0.447943E+01
      0.772745      0.447588E+01
      0.775551      0.447249E+01
      0.778357      0.446926E+01
      0.781162      0.446618E+01
      0.783968      0.446324E+01
      0.786774      0.446043E+01
      0.789579      0.445777E+01
      0.792385      0.445524E+01
      0.795190      0.445284E+01
      0.797996      0.445056E+01
      0.800802      0.444840E+01
      0.803607      0.444636E+01
      0.806413      0.444444E+01
      0.809218      0.444263E+01
      0.812024      0.444092E+01
      0.814830      0.443933E+01
      0.817635      0.443783E+01
      0.820441      0.443643E+01
      0.823246      0.443514E+01
      0.826052      0.443393E+01
      0.828858      0.443282E+01
      0.831663      0.443180E+01
      0.834469      0.443087E+01
      0.837275      0.443002E+01
      0.840080      0.442925E+01
      0.842886      0.442857E+01
      0.845691      0.442796E+01
      0.848497      0.442743E+01
      0.851303      0.442697E+01
      0.854108      0.442659E+01
      0.856914      0.442628E+01
      0.859719      0.442604E+01
      0.862525      0.442586E+01
      0.865331      0.442575E+01
      0.868136      0.442571E+01
      0.870942      0.442573E+01
      0.873747      0.442581E+01
      0.876553      0.442594E+01
      0.879359      0.442614E+01
      0.882164      0.442640E+01
      0.884970      0.442671E+01
      0.887776      0.442707E+01
      0.890581      0.442748E+01
      0.893387      0.442795E+01
      0.896192      0.442847E+01
      0.898998      0.442904E+01
      0.901804      0.442965E+01
      0.904609      0.443032E+01
      0.907415      0.443103E+01
      0.910220      0.443178E+01
      0.913026      0.443258E+01
      0.915832      0.443342E+01
      0.918637      0.443430E+01
      0.921443      0.443522E+01
      0.924248      0.443618E+01
      0.927054      0.443719E+01
      0.929860      0.443823E+01
      0.932665      0.443931E+01
      0.935471      0.444042E+01
      0.938277      0.444157E+01
      0.941082      0.444276E+01
      0.943888      0.444398E+01
      0.946693      0.444523E+01
      0.949499      0.444652E+01
      0.952305      0.444784E+01
      0.955110      0.444919E+01
      0.957916      0.445057E+01
      0.960721      0.445198E+01
      0.963527      0.445342E+01
      0.966333      0.445489E+01
      0.969138      0.445639E+01
      0.971944      0.445792E+01
      0.974749      0.445947E+01
      0.977555      0.446105E+01
      0.980361      0.446266E+01
      0.983166      0.446429E+01
      0.985972      0.446595E+01
      0.988778      0.446763E+01
      0.991583      0.446934E+01
      0.994389      0.447107E+01
      0.997194      0.447282E+01
      1.000000      0.447460E+01
