SS_DOS Data: Averaged over      8Zn_t02 atoms
--------------------------------
Fermi energy:  0.65120595                                   
LIZ Radius: 12.05235558                                     
Num Energy Points:   500                                    
--------------------------------
        Energy           DOS
     -0.400000      0.000000E+00
     -0.397194      0.000000E+00
     -0.394389      0.000000E+00
     -0.391583      0.000000E+00
     -0.388778      0.000000E+00
     -0.385972      0.000000E+00
     -0.383166      0.000000E+00
     -0.380361      0.000000E+00
     -0.377555      0.000000E+00
     -0.374749      0.000000E+00
     -0.371944      0.000000E+00
     -0.369138      0.000000E+00
     -0.366333      0.000000E+00
     -0.363527      0.000000E+00
     -0.360721      0.000000E+00
     -0.357916      0.000000E+00
     -0.355110      0.000000E+00
     -0.352305      0.000000E+00
     -0.349499      0.000000E+00
     -0.346693      0.000000E+00
     -0.343888      0.000000E+00
     -0.341082      0.000000E+00
     -0.338277      0.000000E+00
     -0.335471      0.000000E+00
     -0.332665      0.000000E+00
     -0.329860      0.000000E+00
     -0.327054      0.000000E+00
     -0.324248      0.000000E+00
     -0.321443      0.000000E+00
     -0.318637      0.000000E+00
     -0.315832      0.000000E+00
     -0.313026      0.000000E+00
     -0.310220      0.000000E+00
     -0.307415      0.000000E+00
     -0.304609      0.000000E+00
     -0.301804      0.000000E+00
     -0.298998      0.000000E+00
     -0.296192      0.000000E+00
     -0.293387      0.000000E+00
     -0.290581      0.000000E+00
     -0.287776      0.000000E+00
     -0.284970      0.000000E+00
     -0.282164      0.000000E+00
     -0.279359      0.000000E+00
     -0.276553      0.000000E+00
     -0.273747      0.000000E+00
     -0.270942      0.000000E+00
     -0.268136      0.000000E+00
     -0.265331      0.000000E+00
     -0.262525      0.000000E+00
     -0.259719      0.000000E+00
     -0.256914      0.000000E+00
     -0.254108      0.000000E+00
     -0.251303      0.000000E+00
     -0.248497      0.000000E+00
     -0.245691      0.000000E+00
     -0.242886      0.000000E+00
     -0.240080      0.000000E+00
     -0.237275      0.000000E+00
     -0.234469      0.000000E+00
     -0.231663      0.000000E+00
     -0.228858      0.000000E+00
     -0.226052      0.000000E+00
     -0.223246      0.000000E+00
     -0.220441      0.000000E+00
     -0.217635      0.000000E+00
     -0.214830      0.000000E+00
     -0.212024      0.000000E+00
     -0.209218      0.000000E+00
     -0.206413      0.000000E+00
     -0.203607      0.000000E+00
     -0.200802      0.000000E+00
     -0.197996      0.000000E+00
     -0.195190      0.000000E+00
     -0.192385      0.000000E+00
     -0.189579      0.000000E+00
     -0.186774      0.000000E+00
     -0.183968      0.000000E+00
     -0.181162      0.000000E+00
     -0.178357      0.000000E+00
     -0.175551      0.000000E+00
     -0.172745      0.000000E+00
     -0.169940      0.000000E+00
     -0.167134      0.000000E+00
     -0.164329      0.000000E+00
     -0.161523      0.000000E+00
     -0.158717      0.000000E+00
     -0.155912      0.000000E+00
     -0.153106      0.000000E+00
     -0.150301      0.000000E+00
     -0.147495      0.000000E+00
     -0.144689      0.000000E+00
     -0.141884      0.000000E+00
     -0.139078      0.000000E+00
     -0.136273      0.000000E+00
     -0.133467      0.000000E+00
     -0.130661      0.000000E+00
     -0.127856      0.000000E+00
     -0.125050      0.000000E+00
     -0.122244      0.000000E+00
     -0.119439      0.000000E+00
     -0.116633      0.000000E+00
     -0.113828      0.000000E+00
     -0.111022      0.000000E+00
     -0.108216      0.000000E+00
     -0.105411      0.000000E+00
     -0.102605      0.000000E+00
     -0.099800      0.000000E+00
     -0.096994      0.000000E+00
     -0.094188      0.000000E+00
     -0.091383      0.000000E+00
     -0.088577      0.000000E+00
     -0.085772      0.000000E+00
     -0.082966      0.000000E+00
     -0.080160      0.000000E+00
     -0.077355      0.000000E+00
     -0.074549      0.000000E+00
     -0.071743      0.000000E+00
     -0.068938      0.000000E+00
     -0.066132      0.000000E+00
     -0.063327      0.000000E+00
     -0.060521      0.000000E+00
     -0.057715      0.000000E+00
     -0.054910      0.000000E+00
     -0.052104      0.000000E+00
     -0.049299      0.000000E+00
     -0.046493      0.000000E+00
     -0.043687      0.000000E+00
     -0.040882      0.000000E+00
     -0.038076      0.000000E+00
     -0.035271      0.000000E+00
     -0.032465      0.000000E+00
     -0.029659      0.000000E+00
     -0.026854      0.000000E+00
     -0.024048      0.000000E+00
     -0.021242      0.000000E+00
     -0.018437      0.000000E+00
     -0.015631      0.000000E+00
     -0.012826      0.000000E+00
     -0.010020      0.000000E+00
     -0.007214      0.000000E+00
     -0.004409      0.000000E+00
     -0.001603      0.000000E+00
      0.001202      0.513422E+00
      0.004008      0.907574E+00
      0.006814      0.114731E+01
      0.009619      0.132360E+01
      0.012425      0.146276E+01
      0.015230      0.157733E+01
      0.018036      0.167479E+01
      0.020842      0.176035E+01
      0.023647      0.183824E+01
      0.026453      0.191246E+01
      0.029259      0.198761E+01
      0.032064      0.206997E+01
      0.034870      0.216969E+01
      0.037675      0.230595E+01
      0.040481      0.252201E+01
      0.043287      0.294180E+01
      0.046092      0.410386E+01
      0.048898      0.126089E+02
      0.051703      0.490798E+02
      0.054509      0.168277E+02
      0.057315      0.590818E+04
      0.060120      0.207164E+02
      0.062926      0.216720E+02
      0.065731      0.360522E+03
      0.068537      0.242942E+04
      0.071343      0.327155E+02
      0.074148      0.889636E+02
      0.076954      0.112406E+03
      0.079760      0.172644E+02
      0.082565      0.903245E+01
      0.085371      0.648608E+01
      0.088176      0.531112E+01
      0.090982      0.465066E+01
      0.093788      0.423342E+01
      0.096593      0.394880E+01
      0.099399      0.374386E+01
      0.102204      0.359026E+01
      0.105010      0.347156E+01
      0.107816      0.337758E+01
      0.110621      0.330171E+01
      0.113427      0.323949E+01
      0.116232      0.318778E+01
      0.119038      0.314435E+01
      0.121844      0.310753E+01
      0.124649      0.307610E+01
      0.127455      0.304908E+01
      0.130261      0.302576E+01
      0.133066      0.300555E+01
      0.135872      0.298797E+01
      0.138677      0.297266E+01
      0.141483      0.295932E+01
      0.144289      0.294768E+01
      0.147094      0.293755E+01
      0.149900      0.292875E+01
      0.152705      0.292112E+01
      0.155511      0.291455E+01
      0.158317      0.290893E+01
      0.161122      0.290416E+01
      0.163928      0.290017E+01
      0.166733      0.289689E+01
      0.169539      0.289426E+01
      0.172345      0.289223E+01
      0.175150      0.289074E+01
      0.177956      0.288977E+01
      0.180762      0.288926E+01
      0.183567      0.288920E+01
      0.186373      0.288954E+01
      0.189178      0.289027E+01
      0.191984      0.289136E+01
      0.194790      0.289279E+01
      0.197595      0.289454E+01
      0.200401      0.289659E+01
      0.203206      0.289892E+01
      0.206012      0.290153E+01
      0.208818      0.290439E+01
      0.211623      0.290750E+01
      0.214429      0.291083E+01
      0.217234      0.291439E+01
      0.220040      0.291816E+01
      0.222846      0.292213E+01
      0.225651      0.292630E+01
      0.228457      0.293065E+01
      0.231263      0.293517E+01
      0.234068      0.293987E+01
      0.236874      0.294473E+01
      0.239679      0.294974E+01
      0.242485      0.295491E+01
      0.245291      0.296021E+01
      0.248096      0.296566E+01
      0.250902      0.297124E+01
      0.253707      0.297695E+01
      0.256513      0.298278E+01
      0.259319      0.298873E+01
      0.262124      0.299479E+01
      0.264930      0.300097E+01
      0.267735      0.300725E+01
      0.270541      0.301363E+01
      0.273347      0.302011E+01
      0.276152      0.302668E+01
      0.278958      0.303334E+01
      0.281764      0.304010E+01
      0.284569      0.304693E+01
      0.287375      0.305385E+01
      0.290180      0.306084E+01
      0.292986      0.306791E+01
      0.295792      0.307505E+01
      0.298597      0.308226E+01
      0.301403      0.308954E+01
      0.304208      0.309688E+01
      0.307014      0.310428E+01
      0.309820      0.311174E+01
      0.312625      0.311926E+01
      0.315431      0.312683E+01
      0.318236      0.313445E+01
      0.321042      0.314212E+01
      0.323848      0.314984E+01
      0.326653      0.315760E+01
      0.329459      0.316541E+01
      0.332265      0.317325E+01
      0.335070      0.318114E+01
      0.337876      0.318906E+01
      0.340681      0.319701E+01
      0.343487      0.320500E+01
      0.346293      0.321302E+01
      0.349098      0.322107E+01
      0.351904      0.322914E+01
      0.354709      0.323724E+01
      0.357515      0.324537E+01
      0.360321      0.325352E+01
      0.363126      0.326168E+01
      0.365932      0.326987E+01
      0.368737      0.327808E+01
      0.371543      0.328630E+01
      0.374349      0.329453E+01
      0.377154      0.330278E+01
      0.379960      0.331104E+01
      0.382766      0.331931E+01
      0.385571      0.332759E+01
      0.388377      0.333588E+01
      0.391182      0.334417E+01
      0.393988      0.335247E+01
      0.396794      0.336078E+01
      0.399599      0.336908E+01
      0.402405      0.337739E+01
      0.405210      0.338570E+01
      0.408016      0.339400E+01
      0.410822      0.340231E+01
      0.413627      0.341061E+01
      0.416433      0.341891E+01
      0.419238      0.342720E+01
      0.422044      0.343549E+01
      0.424850      0.344377E+01
      0.427655      0.345204E+01
      0.430461      0.346030E+01
      0.433267      0.346855E+01
      0.436072      0.347679E+01
      0.438878      0.348502E+01
      0.441683      0.349324E+01
      0.444489      0.350145E+01
      0.447295      0.350964E+01
      0.450100      0.351781E+01
      0.452906      0.352597E+01
      0.455711      0.353411E+01
      0.458517      0.354224E+01
      0.461323      0.355034E+01
      0.464128      0.355843E+01
      0.466934      0.356650E+01
      0.469739      0.357455E+01
      0.472545      0.358258E+01
      0.475351      0.359059E+01
      0.478156      0.359857E+01
      0.480962      0.360653E+01
      0.483768      0.361447E+01
      0.486573      0.362239E+01
      0.489379      0.363028E+01
      0.492184      0.363815E+01
      0.494990      0.364599E+01
      0.497796      0.365380E+01
      0.500601      0.366159E+01
      0.503407      0.366935E+01
      0.506212      0.367709E+01
      0.509018      0.368480E+01
      0.511824      0.369248E+01
      0.514629      0.370013E+01
      0.517435      0.370775E+01
      0.520240      0.371534E+01
      0.523046      0.372291E+01
      0.525852      0.373044E+01
      0.528657      0.373794E+01
      0.531463      0.374542E+01
      0.534269      0.375286E+01
      0.537074      0.376027E+01
      0.539880      0.376765E+01
      0.542685      0.377499E+01
      0.545491      0.378231E+01
      0.548297      0.378959E+01
      0.551102      0.379684E+01
      0.553908      0.380406E+01
      0.556713      0.381124E+01
      0.559519      0.381839E+01
      0.562325      0.382551E+01
      0.565130      0.383260E+01
      0.567936      0.383965E+01
      0.570741      0.384666E+01
      0.573547      0.385365E+01
      0.576353      0.386059E+01
      0.579158      0.386751E+01
      0.581964      0.387439E+01
      0.584770      0.388123E+01
      0.587575      0.388804E+01
      0.590381      0.389482E+01
      0.593186      0.390156E+01
      0.595992      0.390826E+01
      0.598798      0.391493E+01
      0.601603      0.392157E+01
      0.604409      0.392817E+01
      0.607214      0.393473E+01
      0.610020      0.394126E+01
      0.612826      0.394776E+01
      0.615631      0.395422E+01
      0.618437      0.396064E+01
      0.621242      0.396703E+01
      0.624048      0.397338E+01
      0.626854      0.397970E+01
      0.629659      0.398598E+01
      0.632465      0.399223E+01
      0.635271      0.399845E+01
      0.638076      0.400462E+01
      0.640882      0.401077E+01
      0.643687      0.401687E+01
      0.646493      0.402295E+01
      0.649299      0.402898E+01
      0.652104      0.403499E+01
      0.654910      0.404095E+01
      0.657715      0.404689E+01
      0.660521      0.405279E+01
      0.663327      0.405865E+01
      0.666132      0.406448E+01
      0.668938      0.407028E+01
      0.671743      0.407604E+01
      0.674549      0.408177E+01
      0.677355      0.408746E+01
      0.680160      0.409312E+01
      0.682966      0.409875E+01
      0.685772      0.410434E+01
      0.688577      0.410990E+01
      0.691383      0.411543E+01
      0.694188      0.412092E+01
      0.696994      0.412638E+01
      0.699800      0.413181E+01
      0.702605      0.413720E+01
      0.705411      0.414256E+01
      0.708216      0.414789E+01
      0.711022      0.415319E+01
      0.713828      0.415846E+01
      0.716633      0.416369E+01
      0.719439      0.416889E+01
      0.722244      0.417407E+01
      0.725050      0.417921E+01
      0.727856      0.418431E+01
      0.730661      0.418939E+01
      0.733467      0.419444E+01
      0.736273      0.419946E+01
      0.739078      0.420444E+01
      0.741884      0.420940E+01
      0.744689      0.421433E+01
      0.747495      0.421922E+01
      0.750301      0.422409E+01
      0.753106      0.422893E+01
      0.755912      0.423374E+01
      0.758717      0.423852E+01
      0.761523      0.424327E+01
      0.764329      0.424800E+01
      0.767134      0.425269E+01
      0.769940      0.425736E+01
      0.772745      0.426200E+01
      0.775551      0.426661E+01
      0.778357      0.427120E+01
      0.781162      0.427576E+01
      0.783968      0.428029E+01
      0.786774      0.428479E+01
      0.789579      0.428927E+01
      0.792385      0.429373E+01
      0.795190      0.429815E+01
      0.797996      0.430255E+01
      0.800802      0.430693E+01
      0.803607      0.431128E+01
      0.806413      0.431561E+01
      0.809218      0.431991E+01
      0.812024      0.432419E+01
      0.814830      0.432844E+01
      0.817635      0.433267E+01
      0.820441      0.433687E+01
      0.823246      0.434106E+01
      0.826052      0.434521E+01
      0.828858      0.434935E+01
      0.831663      0.435346E+01
      0.834469      0.435755E+01
      0.837275      0.436162E+01
      0.840080      0.436567E+01
      0.842886      0.436969E+01
      0.845691      0.437370E+01
      0.848497      0.437768E+01
      0.851303      0.438164E+01
      0.854108      0.438558E+01
      0.856914      0.438950E+01
      0.859719      0.439340E+01
      0.862525      0.439728E+01
      0.865331      0.440114E+01
      0.868136      0.440498E+01
      0.870942      0.440880E+01
      0.873747      0.441260E+01
      0.876553      0.441638E+01
      0.879359      0.442015E+01
      0.882164      0.442389E+01
      0.884970      0.442762E+01
      0.887776      0.443133E+01
      0.890581      0.443502E+01
      0.893387      0.443870E+01
      0.896192      0.444236E+01
      0.898998      0.444600E+01
      0.901804      0.444962E+01
      0.904609      0.445323E+01
      0.907415      0.445682E+01
      0.910220      0.446040E+01
      0.913026      0.446396E+01
      0.915832      0.446750E+01
      0.918637      0.447103E+01
      0.921443      0.447455E+01
      0.924248      0.447805E+01
      0.927054      0.448153E+01
      0.929860      0.448500E+01
      0.932665      0.448846E+01
      0.935471      0.449190E+01
      0.938277      0.449533E+01
      0.941082      0.449875E+01
      0.943888      0.450215E+01
      0.946693      0.450554E+01
      0.949499      0.450891E+01
      0.952305      0.451228E+01
      0.955110      0.451563E+01
      0.957916      0.451897E+01
      0.960721      0.452230E+01
      0.963527      0.452561E+01
      0.966333      0.452892E+01
      0.969138      0.453221E+01
      0.971944      0.453549E+01
      0.974749      0.453876E+01
      0.977555      0.454202E+01
      0.980361      0.454527E+01
      0.983166      0.454851E+01
      0.985972      0.455174E+01
      0.988778      0.455496E+01
      0.991583      0.455817E+01
      0.994389      0.456137E+01
      0.997194      0.456457E+01
      1.000000      0.456775E+01
