SS_DOS Data: Atom #   9
--------------------------------
Fermi energy:  0.65120595                                   
LIZ Radius: 12.05235558                                     
Num Energy Points:   500                                    
--------------------------------
        Energy           DOS
     -0.400000      0.000000E+00
     -0.397194      0.000000E+00
     -0.394389      0.000000E+00
     -0.391583      0.000000E+00
     -0.388778      0.000000E+00
     -0.385972      0.000000E+00
     -0.383166      0.000000E+00
     -0.380361      0.000000E+00
     -0.377555      0.000000E+00
     -0.374749      0.000000E+00
     -0.371944      0.000000E+00
     -0.369138      0.000000E+00
     -0.366333      0.000000E+00
     -0.363527      0.000000E+00
     -0.360721      0.000000E+00
     -0.357916      0.000000E+00
     -0.355110      0.000000E+00
     -0.352305      0.000000E+00
     -0.349499      0.000000E+00
     -0.346693      0.000000E+00
     -0.343888      0.000000E+00
     -0.341082      0.000000E+00
     -0.338277      0.000000E+00
     -0.335471      0.000000E+00
     -0.332665      0.000000E+00
     -0.329860      0.000000E+00
     -0.327054      0.000000E+00
     -0.324248      0.000000E+00
     -0.321443      0.000000E+00
     -0.318637      0.000000E+00
     -0.315832      0.000000E+00
     -0.313026      0.000000E+00
     -0.310220      0.000000E+00
     -0.307415      0.000000E+00
     -0.304609      0.000000E+00
     -0.301804      0.000000E+00
     -0.298998      0.000000E+00
     -0.296192      0.000000E+00
     -0.293387      0.000000E+00
     -0.290581      0.000000E+00
     -0.287776      0.000000E+00
     -0.284970      0.000000E+00
     -0.282164      0.000000E+00
     -0.279359      0.000000E+00
     -0.276553      0.000000E+00
     -0.273747      0.000000E+00
     -0.270942      0.000000E+00
     -0.268136      0.000000E+00
     -0.265331      0.000000E+00
     -0.262525      0.000000E+00
     -0.259719      0.000000E+00
     -0.256914      0.000000E+00
     -0.254108      0.000000E+00
     -0.251303      0.000000E+00
     -0.248497      0.000000E+00
     -0.245691      0.000000E+00
     -0.242886      0.000000E+00
     -0.240080      0.000000E+00
     -0.237275      0.000000E+00
     -0.234469      0.000000E+00
     -0.231663      0.000000E+00
     -0.228858      0.000000E+00
     -0.226052      0.000000E+00
     -0.223246      0.000000E+00
     -0.220441      0.000000E+00
     -0.217635      0.000000E+00
     -0.214830      0.000000E+00
     -0.212024      0.000000E+00
     -0.209218      0.000000E+00
     -0.206413      0.000000E+00
     -0.203607      0.000000E+00
     -0.200802      0.000000E+00
     -0.197996      0.000000E+00
     -0.195190      0.000000E+00
     -0.192385      0.000000E+00
     -0.189579      0.000000E+00
     -0.186774      0.000000E+00
     -0.183968      0.000000E+00
     -0.181162      0.000000E+00
     -0.178357      0.000000E+00
     -0.175551      0.000000E+00
     -0.172745      0.000000E+00
     -0.169940      0.000000E+00
     -0.167134      0.000000E+00
     -0.164329      0.000000E+00
     -0.161523      0.000000E+00
     -0.158717      0.000000E+00
     -0.155912      0.000000E+00
     -0.153106      0.000000E+00
     -0.150301      0.000000E+00
     -0.147495      0.000000E+00
     -0.144689      0.000000E+00
     -0.141884      0.000000E+00
     -0.139078      0.000000E+00
     -0.136273      0.000000E+00
     -0.133467      0.000000E+00
     -0.130661      0.000000E+00
     -0.127856      0.000000E+00
     -0.125050      0.000000E+00
     -0.122244      0.000000E+00
     -0.119439      0.000000E+00
     -0.116633      0.000000E+00
     -0.113828      0.000000E+00
     -0.111022      0.000000E+00
     -0.108216      0.000000E+00
     -0.105411      0.000000E+00
     -0.102605      0.000000E+00
     -0.099800      0.000000E+00
     -0.096994      0.000000E+00
     -0.094188      0.000000E+00
     -0.091383      0.000000E+00
     -0.088577      0.000000E+00
     -0.085772      0.000000E+00
     -0.082966      0.000000E+00
     -0.080160      0.000000E+00
     -0.077355      0.000000E+00
     -0.074549      0.000000E+00
     -0.071743      0.000000E+00
     -0.068938      0.000000E+00
     -0.066132      0.000000E+00
     -0.063327      0.000000E+00
     -0.060521      0.000000E+00
     -0.057715      0.000000E+00
     -0.054910      0.000000E+00
     -0.052104      0.000000E+00
     -0.049299      0.000000E+00
     -0.046493      0.000000E+00
     -0.043687      0.000000E+00
     -0.040882      0.000000E+00
     -0.038076      0.000000E+00
     -0.035271      0.000000E+00
     -0.032465      0.000000E+00
     -0.029659      0.000000E+00
     -0.026854      0.000000E+00
     -0.024048      0.000000E+00
     -0.021242      0.000000E+00
     -0.018437      0.000000E+00
     -0.015631      0.000000E+00
     -0.012826      0.000000E+00
     -0.010020      0.000000E+00
     -0.007214      0.000000E+00
     -0.004409      0.000000E+00
     -0.001603      0.000000E+00
      0.001202      0.599892E+00
      0.004008      0.105333E+01
      0.006814      0.132337E+01
      0.009619      0.151818E+01
      0.012425      0.166952E+01
      0.015230      0.179287E+01
      0.018036      0.189787E+01
      0.020842      0.199187E+01
      0.023647      0.208181E+01
      0.026453      0.217586E+01
      0.029259      0.228584E+01
      0.032064      0.243185E+01
      0.034870      0.265317E+01
      0.037675      0.303731E+01
      0.040481      0.381370E+01
      0.043287      0.574244E+01
      0.046092      0.126005E+02
      0.048898      0.756958E+02
      0.051703      0.354091E+03
      0.054509      0.268830E+02
      0.057315      0.113641E+02
      0.060120      0.730775E+01
      0.062926      0.563251E+01
      0.065731      0.476714E+01
      0.068537      0.425608E+01
      0.071343      0.392610E+01
      0.074148      0.369901E+01
      0.076954      0.353510E+01
      0.079760      0.341231E+01
      0.082565      0.331758E+01
      0.085371      0.324271E+01
      0.088176      0.318237E+01
      0.090982      0.313292E+01
      0.093788      0.309183E+01
      0.096593      0.305728E+01
      0.099399      0.302795E+01
      0.102204      0.300284E+01
      0.105010      0.298119E+01
      0.107816      0.296243E+01
      0.110621      0.294608E+01
      0.113427      0.293179E+01
      0.116232      0.291927E+01
      0.119038      0.290829E+01
      0.121844      0.289864E+01
      0.124649      0.289018E+01
      0.127455      0.288277E+01
      0.130261      0.287629E+01
      0.133066      0.287066E+01
      0.135872      0.286579E+01
      0.138677      0.286162E+01
      0.141483      0.285809E+01
      0.144289      0.285514E+01
      0.147094      0.285274E+01
      0.149900      0.285084E+01
      0.152705      0.284941E+01
      0.155511      0.284841E+01
      0.158317      0.284784E+01
      0.161122      0.284764E+01
      0.163928      0.284782E+01
      0.166733      0.284834E+01
      0.169539      0.284919E+01
      0.172345      0.285036E+01
      0.175150      0.285182E+01
      0.177956      0.285356E+01
      0.180762      0.285558E+01
      0.183567      0.285786E+01
      0.186373      0.286038E+01
      0.189178      0.286315E+01
      0.191984      0.286615E+01
      0.194790      0.286937E+01
      0.197595      0.287280E+01
      0.200401      0.287644E+01
      0.203206      0.288027E+01
      0.206012      0.288430E+01
      0.208818      0.288851E+01
      0.211623      0.289291E+01
      0.214429      0.289747E+01
      0.217234      0.290220E+01
      0.220040      0.290709E+01
      0.222846      0.291214E+01
      0.225651      0.291734E+01
      0.228457      0.292268E+01
      0.231263      0.292817E+01
      0.234068      0.293380E+01
      0.236874      0.293955E+01
      0.239679      0.294544E+01
      0.242485      0.295145E+01
      0.245291      0.295758E+01
      0.248096      0.296383E+01
      0.250902      0.297019E+01
      0.253707      0.297665E+01
      0.256513      0.298323E+01
      0.259319      0.298991E+01
      0.262124      0.299668E+01
      0.264930      0.300356E+01
      0.267735      0.301052E+01
      0.270541      0.301757E+01
      0.273347      0.302471E+01
      0.276152      0.303194E+01
      0.278958      0.303924E+01
      0.281764      0.304663E+01
      0.284569      0.305408E+01
      0.287375      0.306161E+01
      0.290180      0.306921E+01
      0.292986      0.307687E+01
      0.295792      0.308460E+01
      0.298597      0.309240E+01
      0.301403      0.310025E+01
      0.304208      0.310815E+01
      0.307014      0.311612E+01
      0.309820      0.312413E+01
      0.312625      0.313219E+01
      0.315431      0.314031E+01
      0.318236      0.314846E+01
      0.321042      0.315667E+01
      0.323848      0.316491E+01
      0.326653      0.317319E+01
      0.329459      0.318151E+01
      0.332265      0.318986E+01
      0.335070      0.319825E+01
      0.337876      0.320667E+01
      0.340681      0.321512E+01
      0.343487      0.322360E+01
      0.346293      0.323210E+01
      0.349098      0.324063E+01
      0.351904      0.324918E+01
      0.354709      0.325775E+01
      0.357515      0.326634E+01
      0.360321      0.327494E+01
      0.363126      0.328357E+01
      0.365932      0.329220E+01
      0.368737      0.330085E+01
      0.371543      0.330951E+01
      0.374349      0.331819E+01
      0.377154      0.332686E+01
      0.379960      0.333555E+01
      0.382766      0.334424E+01
      0.385571      0.335294E+01
      0.388377      0.336164E+01
      0.391182      0.337034E+01
      0.393988      0.337904E+01
      0.396794      0.338774E+01
      0.399599      0.339643E+01
      0.402405      0.340513E+01
      0.405210      0.341381E+01
      0.408016      0.342250E+01
      0.410822      0.343117E+01
      0.413627      0.343984E+01
      0.416433      0.344850E+01
      0.419238      0.345715E+01
      0.422044      0.346579E+01
      0.424850      0.347441E+01
      0.427655      0.348302E+01
      0.430461      0.349162E+01
      0.433267      0.350020E+01
      0.436072      0.350877E+01
      0.438878      0.351732E+01
      0.441683      0.352585E+01
      0.444489      0.353437E+01
      0.447295      0.354286E+01
      0.450100      0.355133E+01
      0.452906      0.355979E+01
      0.455711      0.356822E+01
      0.458517      0.357663E+01
      0.461323      0.358501E+01
      0.464128      0.359337E+01
      0.466934      0.360171E+01
      0.469739      0.361002E+01
      0.472545      0.361830E+01
      0.475351      0.362656E+01
      0.478156      0.363479E+01
      0.480962      0.364300E+01
      0.483768      0.365117E+01
      0.486573      0.365932E+01
      0.489379      0.366743E+01
      0.492184      0.367552E+01
      0.494990      0.368357E+01
      0.497796      0.369160E+01
      0.500601      0.369959E+01
      0.503407      0.370755E+01
      0.506212      0.371548E+01
      0.509018      0.372338E+01
      0.511824      0.373124E+01
      0.514629      0.373907E+01
      0.517435      0.374686E+01
      0.520240      0.375462E+01
      0.523046      0.376235E+01
      0.525852      0.377004E+01
      0.528657      0.377769E+01
      0.531463      0.378531E+01
      0.534269      0.379289E+01
      0.537074      0.380044E+01
      0.539880      0.380795E+01
      0.542685      0.381542E+01
      0.545491      0.382286E+01
      0.548297      0.383026E+01
      0.551102      0.383762E+01
      0.553908      0.384495E+01
      0.556713      0.385223E+01
      0.559519      0.385948E+01
      0.562325      0.386669E+01
      0.565130      0.387386E+01
      0.567936      0.388099E+01
      0.570741      0.388809E+01
      0.573547      0.389514E+01
      0.576353      0.390216E+01
      0.579158      0.390914E+01
      0.581964      0.391608E+01
      0.584770      0.392298E+01
      0.587575      0.392984E+01
      0.590381      0.393666E+01
      0.593186      0.394344E+01
      0.595992      0.395018E+01
      0.598798      0.395689E+01
      0.601603      0.396355E+01
      0.604409      0.397017E+01
      0.607214      0.397676E+01
      0.610020      0.398330E+01
      0.612826      0.398981E+01
      0.615631      0.399628E+01
      0.618437      0.400271E+01
      0.621242      0.400909E+01
      0.624048      0.401544E+01
      0.626854      0.402175E+01
      0.629659      0.402802E+01
      0.632465      0.403426E+01
      0.635271      0.404045E+01
      0.638076      0.404660E+01
      0.640882      0.405272E+01
      0.643687      0.405880E+01
      0.646493      0.406483E+01
      0.649299      0.407083E+01
      0.652104      0.407679E+01
      0.654910      0.408272E+01
      0.657715      0.408860E+01
      0.660521      0.409445E+01
      0.663327      0.410026E+01
      0.666132      0.410603E+01
      0.668938      0.411177E+01
      0.671743      0.411746E+01
      0.674549      0.412312E+01
      0.677355      0.412874E+01
      0.680160      0.413433E+01
      0.682966      0.413988E+01
      0.685772      0.414539E+01
      0.688577      0.415087E+01
      0.691383      0.415631E+01
      0.694188      0.416171E+01
      0.696994      0.416708E+01
      0.699800      0.417242E+01
      0.702605      0.417771E+01
      0.705411      0.418298E+01
      0.708216      0.418820E+01
      0.711022      0.419340E+01
      0.713828      0.419856E+01
      0.716633      0.420368E+01
      0.719439      0.420877E+01
      0.722244      0.421383E+01
      0.725050      0.421885E+01
      0.727856      0.422384E+01
      0.730661      0.422880E+01
      0.733467      0.423372E+01
      0.736273      0.423862E+01
      0.739078      0.424348E+01
      0.741884      0.424830E+01
      0.744689      0.425310E+01
      0.747495      0.425786E+01
      0.750301      0.426260E+01
      0.753106      0.426730E+01
      0.755912      0.427197E+01
      0.758717      0.427661E+01
      0.761523      0.428122E+01
      0.764329      0.428580E+01
      0.767134      0.429035E+01
      0.769940      0.429487E+01
      0.772745      0.429936E+01
      0.775551      0.430383E+01
      0.778357      0.430826E+01
      0.781162      0.431267E+01
      0.783968      0.431704E+01
      0.786774      0.432139E+01
      0.789579      0.432572E+01
      0.792385      0.433001E+01
      0.795190      0.433428E+01
      0.797996      0.433852E+01
      0.800802      0.434274E+01
      0.803607      0.434692E+01
      0.806413      0.435109E+01
      0.809218      0.435522E+01
      0.812024      0.435934E+01
      0.814830      0.436342E+01
      0.817635      0.436749E+01
      0.820441      0.437152E+01
      0.823246      0.437554E+01
      0.826052      0.437953E+01
      0.828858      0.438349E+01
      0.831663      0.438743E+01
      0.834469      0.439135E+01
      0.837275      0.439525E+01
      0.840080      0.439912E+01
      0.842886      0.440297E+01
      0.845691      0.440680E+01
      0.848497      0.441061E+01
      0.851303      0.441440E+01
      0.854108      0.441816E+01
      0.856914      0.442191E+01
      0.859719      0.442563E+01
      0.862525      0.442933E+01
      0.865331      0.443302E+01
      0.868136      0.443668E+01
      0.870942      0.444032E+01
      0.873747      0.444395E+01
      0.876553      0.444755E+01
      0.879359      0.445114E+01
      0.882164      0.445471E+01
      0.884970      0.445826E+01
      0.887776      0.446179E+01
      0.890581      0.446531E+01
      0.893387      0.446881E+01
      0.896192      0.447229E+01
      0.898998      0.447575E+01
      0.901804      0.447920E+01
      0.904609      0.448263E+01
      0.907415      0.448604E+01
      0.910220      0.448944E+01
      0.913026      0.449282E+01
      0.915832      0.449619E+01
      0.918637      0.449955E+01
      0.921443      0.450288E+01
      0.924248      0.450621E+01
      0.927054      0.450952E+01
      0.929860      0.451281E+01
      0.932665      0.451609E+01
      0.935471      0.451936E+01
      0.938277      0.452262E+01
      0.941082      0.452586E+01
      0.943888      0.452909E+01
      0.946693      0.453231E+01
      0.949499      0.453551E+01
      0.952305      0.453870E+01
      0.955110      0.454188E+01
      0.957916      0.454505E+01
      0.960721      0.454821E+01
      0.963527      0.455136E+01
      0.966333      0.455449E+01
      0.969138      0.455762E+01
      0.971944      0.456073E+01
      0.974749      0.456383E+01
      0.977555      0.456693E+01
      0.980361      0.457001E+01
      0.983166      0.457309E+01
      0.985972      0.457615E+01
      0.988778      0.457921E+01
      0.991583      0.458226E+01
      0.994389      0.458530E+01
      0.997194      0.458833E+01
      1.000000      0.459135E+01
