SS_DOS Data: Atom #  10
--------------------------------
Fermi energy:  0.65120595                                   
LIZ Radius: 12.05235558                                     
Num Energy Points:   500                                    
--------------------------------
        Energy           DOS
     -0.400000      0.000000E+00
     -0.397194      0.000000E+00
     -0.394389      0.000000E+00
     -0.391583      0.000000E+00
     -0.388778      0.000000E+00
     -0.385972      0.000000E+00
     -0.383166      0.000000E+00
     -0.380361      0.000000E+00
     -0.377555      0.000000E+00
     -0.374749      0.000000E+00
     -0.371944      0.000000E+00
     -0.369138      0.000000E+00
     -0.366333      0.000000E+00
     -0.363527      0.000000E+00
     -0.360721      0.000000E+00
     -0.357916      0.000000E+00
     -0.355110      0.000000E+00
     -0.352305      0.000000E+00
     -0.349499      0.000000E+00
     -0.346693      0.000000E+00
     -0.343888      0.000000E+00
     -0.341082      0.000000E+00
     -0.338277      0.000000E+00
     -0.335471      0.000000E+00
     -0.332665      0.000000E+00
     -0.329860      0.000000E+00
     -0.327054      0.000000E+00
     -0.324248      0.000000E+00
     -0.321443      0.000000E+00
     -0.318637      0.000000E+00
     -0.315832      0.000000E+00
     -0.313026      0.000000E+00
     -0.310220      0.000000E+00
     -0.307415      0.000000E+00
     -0.304609      0.000000E+00
     -0.301804      0.000000E+00
     -0.298998      0.000000E+00
     -0.296192      0.000000E+00
     -0.293387      0.000000E+00
     -0.290581      0.000000E+00
     -0.287776      0.000000E+00
     -0.284970      0.000000E+00
     -0.282164      0.000000E+00
     -0.279359      0.000000E+00
     -0.276553      0.000000E+00
     -0.273747      0.000000E+00
     -0.270942      0.000000E+00
     -0.268136      0.000000E+00
     -0.265331      0.000000E+00
     -0.262525      0.000000E+00
     -0.259719      0.000000E+00
     -0.256914      0.000000E+00
     -0.254108      0.000000E+00
     -0.251303      0.000000E+00
     -0.248497      0.000000E+00
     -0.245691      0.000000E+00
     -0.242886      0.000000E+00
     -0.240080      0.000000E+00
     -0.237275      0.000000E+00
     -0.234469      0.000000E+00
     -0.231663      0.000000E+00
     -0.228858      0.000000E+00
     -0.226052      0.000000E+00
     -0.223246      0.000000E+00
     -0.220441      0.000000E+00
     -0.217635      0.000000E+00
     -0.214830      0.000000E+00
     -0.212024      0.000000E+00
     -0.209218      0.000000E+00
     -0.206413      0.000000E+00
     -0.203607      0.000000E+00
     -0.200802      0.000000E+00
     -0.197996      0.000000E+00
     -0.195190      0.000000E+00
     -0.192385      0.000000E+00
     -0.189579      0.000000E+00
     -0.186774      0.000000E+00
     -0.183968      0.000000E+00
     -0.181162      0.000000E+00
     -0.178357      0.000000E+00
     -0.175551      0.000000E+00
     -0.172745      0.000000E+00
     -0.169940      0.000000E+00
     -0.167134      0.000000E+00
     -0.164329      0.000000E+00
     -0.161523      0.000000E+00
     -0.158717      0.000000E+00
     -0.155912      0.000000E+00
     -0.153106      0.000000E+00
     -0.150301      0.000000E+00
     -0.147495      0.000000E+00
     -0.144689      0.000000E+00
     -0.141884      0.000000E+00
     -0.139078      0.000000E+00
     -0.136273      0.000000E+00
     -0.133467      0.000000E+00
     -0.130661      0.000000E+00
     -0.127856      0.000000E+00
     -0.125050      0.000000E+00
     -0.122244      0.000000E+00
     -0.119439      0.000000E+00
     -0.116633      0.000000E+00
     -0.113828      0.000000E+00
     -0.111022      0.000000E+00
     -0.108216      0.000000E+00
     -0.105411      0.000000E+00
     -0.102605      0.000000E+00
     -0.099800      0.000000E+00
     -0.096994      0.000000E+00
     -0.094188      0.000000E+00
     -0.091383      0.000000E+00
     -0.088577      0.000000E+00
     -0.085772      0.000000E+00
     -0.082966      0.000000E+00
     -0.080160      0.000000E+00
     -0.077355      0.000000E+00
     -0.074549      0.000000E+00
     -0.071743      0.000000E+00
     -0.068938      0.000000E+00
     -0.066132      0.000000E+00
     -0.063327      0.000000E+00
     -0.060521      0.000000E+00
     -0.057715      0.000000E+00
     -0.054910      0.000000E+00
     -0.052104      0.000000E+00
     -0.049299      0.000000E+00
     -0.046493      0.000000E+00
     -0.043687      0.000000E+00
     -0.040882      0.000000E+00
     -0.038076      0.000000E+00
     -0.035271      0.000000E+00
     -0.032465      0.000000E+00
     -0.029659      0.000000E+00
     -0.026854      0.000000E+00
     -0.024048      0.000000E+00
     -0.021242      0.000000E+00
     -0.018437      0.000000E+00
     -0.015631      0.000000E+00
     -0.012826      0.000000E+00
     -0.010020      0.000000E+00
     -0.007214      0.000000E+00
     -0.004409      0.000000E+00
     -0.001603      0.000000E+00
      0.001202      0.509825E+00
      0.004008      0.901784E+00
      0.006814      0.114061E+01
      0.009619      0.131647E+01
      0.012425      0.145538E+01
      0.015230      0.156969E+01
      0.018036      0.166671E+01
      0.020842      0.175139E+01
      0.023647      0.182756E+01
      0.026453      0.189857E+01
      0.029259      0.196774E+01
      0.032064      0.203888E+01
      0.034870      0.211690E+01
      0.037675      0.220882E+01
      0.040481      0.232559E+01
      0.043287      0.248556E+01
      0.046092      0.272204E+01
      0.048898      0.310062E+01
      0.051703      0.376497E+01
      0.054509      0.507799E+01
      0.057315      0.817265E+01
      0.060120      0.181133E+02
      0.062926      0.856393E+02
      0.065731      0.268886E+04
      0.068537      0.590430E+02
      0.071343      0.201193E+02
      0.074148      0.113779E+02
      0.076954      0.800297E+01
      0.079760      0.632828E+01
      0.082565      0.536625E+01
      0.085371      0.475787E+01
      0.088176      0.434611E+01
      0.090982      0.405303E+01
      0.093788      0.383618E+01
      0.096593      0.367073E+01
      0.099399      0.354134E+01
      0.102204      0.343806E+01
      0.105010      0.335422E+01
      0.107816      0.328519E+01
      0.110621      0.322767E+01
      0.113427      0.317924E+01
      0.116232      0.313813E+01
      0.119038      0.310297E+01
      0.121844      0.307271E+01
      0.124649      0.304653E+01
      0.127455      0.302380E+01
      0.130261      0.300399E+01
      0.133066      0.298669E+01
      0.135872      0.297156E+01
      0.138677      0.295831E+01
      0.141483      0.294671E+01
      0.144289      0.293657E+01
      0.147094      0.292773E+01
      0.149900      0.292003E+01
      0.152705      0.291337E+01
      0.155511      0.290765E+01
      0.158317      0.290276E+01
      0.161122      0.289865E+01
      0.163928      0.289524E+01
      0.166733      0.289247E+01
      0.169539      0.289029E+01
      0.172345      0.288866E+01
      0.175150      0.288754E+01
      0.177956      0.288689E+01
      0.180762      0.288668E+01
      0.183567      0.288688E+01
      0.186373      0.288746E+01
      0.189178      0.288841E+01
      0.191984      0.288969E+01
      0.194790      0.289130E+01
      0.197595      0.289320E+01
      0.200401      0.289540E+01
      0.203206      0.289787E+01
      0.206012      0.290059E+01
      0.208818      0.290356E+01
      0.211623      0.290677E+01
      0.214429      0.291020E+01
      0.217234      0.291384E+01
      0.220040      0.291769E+01
      0.222846      0.292173E+01
      0.225651      0.292596E+01
      0.228457      0.293037E+01
      0.231263      0.293495E+01
      0.234068      0.293970E+01
      0.236874      0.294460E+01
      0.239679      0.294965E+01
      0.242485      0.295486E+01
      0.245291      0.296020E+01
      0.248096      0.296568E+01
      0.250902      0.297129E+01
      0.253707      0.297702E+01
      0.256513      0.298287E+01
      0.259319      0.298884E+01
      0.262124      0.299493E+01
      0.264930      0.300112E+01
      0.267735      0.300741E+01
      0.270541      0.301381E+01
      0.273347      0.302030E+01
      0.276152      0.302688E+01
      0.278958      0.303356E+01
      0.281764      0.304032E+01
      0.284569      0.304716E+01
      0.287375      0.305408E+01
      0.290180      0.306108E+01
      0.292986      0.306816E+01
      0.295792      0.307530E+01
      0.298597      0.308252E+01
      0.301403      0.308979E+01
      0.304208      0.309714E+01
      0.307014      0.310454E+01
      0.309820      0.311200E+01
      0.312625      0.311951E+01
      0.315431      0.312708E+01
      0.318236      0.313470E+01
      0.321042      0.314237E+01
      0.323848      0.315009E+01
      0.326653      0.315785E+01
      0.329459      0.316565E+01
      0.332265      0.317349E+01
      0.335070      0.318137E+01
      0.337876      0.318929E+01
      0.340681      0.319724E+01
      0.343487      0.320522E+01
      0.346293      0.321324E+01
      0.349098      0.322128E+01
      0.351904      0.322935E+01
      0.354709      0.323745E+01
      0.357515      0.324557E+01
      0.360321      0.325371E+01
      0.363126      0.326187E+01
      0.365932      0.327005E+01
      0.368737      0.327825E+01
      0.371543      0.328647E+01
      0.374349      0.329470E+01
      0.377154      0.330294E+01
      0.379960      0.331119E+01
      0.382766      0.331946E+01
      0.385571      0.332773E+01
      0.388377      0.333601E+01
      0.391182      0.334430E+01
      0.393988      0.335260E+01
      0.396794      0.336089E+01
      0.399599      0.336919E+01
      0.402405      0.337749E+01
      0.405210      0.338580E+01
      0.408016      0.339410E+01
      0.410822      0.340240E+01
      0.413627      0.341069E+01
      0.416433      0.341898E+01
      0.419238      0.342727E+01
      0.422044      0.343555E+01
      0.424850      0.344383E+01
      0.427655      0.345209E+01
      0.430461      0.346035E+01
      0.433267      0.346860E+01
      0.436072      0.347683E+01
      0.438878      0.348506E+01
      0.441683      0.349327E+01
      0.444489      0.350147E+01
      0.447295      0.350965E+01
      0.450100      0.351782E+01
      0.452906      0.352598E+01
      0.455711      0.353412E+01
      0.458517      0.354224E+01
      0.461323      0.355034E+01
      0.464128      0.355842E+01
      0.466934      0.356649E+01
      0.469739      0.357453E+01
      0.472545      0.358256E+01
      0.475351      0.359056E+01
      0.478156      0.359854E+01
      0.480962      0.360650E+01
      0.483768      0.361443E+01
      0.486573      0.362235E+01
      0.489379      0.363023E+01
      0.492184      0.363810E+01
      0.494990      0.364593E+01
      0.497796      0.365375E+01
      0.500601      0.366153E+01
      0.503407      0.366929E+01
      0.506212      0.367702E+01
      0.509018      0.368473E+01
      0.511824      0.369241E+01
      0.514629      0.370005E+01
      0.517435      0.370767E+01
      0.520240      0.371526E+01
      0.523046      0.372282E+01
      0.525852      0.373036E+01
      0.528657      0.373786E+01
      0.531463      0.374533E+01
      0.534269      0.375277E+01
      0.537074      0.376017E+01
      0.539880      0.376755E+01
      0.542685      0.377490E+01
      0.545491      0.378221E+01
      0.548297      0.378949E+01
      0.551102      0.379674E+01
      0.553908      0.380396E+01
      0.556713      0.381114E+01
      0.559519      0.381829E+01
      0.562325      0.382540E+01
      0.565130      0.383249E+01
      0.567936      0.383954E+01
      0.570741      0.384655E+01
      0.573547      0.385353E+01
      0.576353      0.386048E+01
      0.579158      0.386739E+01
      0.581964      0.387427E+01
      0.584770      0.388112E+01
      0.587575      0.388793E+01
      0.590381      0.389470E+01
      0.593186      0.390144E+01
      0.595992      0.390815E+01
      0.598798      0.391482E+01
      0.601603      0.392145E+01
      0.604409      0.392805E+01
      0.607214      0.393462E+01
      0.610020      0.394115E+01
      0.612826      0.394764E+01
      0.615631      0.395410E+01
      0.618437      0.396052E+01
      0.621242      0.396691E+01
      0.624048      0.397327E+01
      0.626854      0.397959E+01
      0.629659      0.398587E+01
      0.632465      0.399212E+01
      0.635271      0.399833E+01
      0.638076      0.400451E+01
      0.640882      0.401065E+01
      0.643687      0.401676E+01
      0.646493      0.402283E+01
      0.649299      0.402887E+01
      0.652104      0.403488E+01
      0.654910      0.404085E+01
      0.657715      0.404678E+01
      0.660521      0.405268E+01
      0.663327      0.405855E+01
      0.666132      0.406438E+01
      0.668938      0.407017E+01
      0.671743      0.407594E+01
      0.674549      0.408167E+01
      0.677355      0.408736E+01
      0.680160      0.409302E+01
      0.682966      0.409865E+01
      0.685772      0.410424E+01
      0.688577      0.410980E+01
      0.691383      0.411533E+01
      0.694188      0.412083E+01
      0.696994      0.412629E+01
      0.699800      0.413172E+01
      0.702605      0.413711E+01
      0.705411      0.414248E+01
      0.708216      0.414781E+01
      0.711022      0.415311E+01
      0.713828      0.415838E+01
      0.716633      0.416361E+01
      0.719439      0.416882E+01
      0.722244      0.417399E+01
      0.725050      0.417913E+01
      0.727856      0.418424E+01
      0.730661      0.418932E+01
      0.733467      0.419437E+01
      0.736273      0.419939E+01
      0.739078      0.420438E+01
      0.741884      0.420934E+01
      0.744689      0.421426E+01
      0.747495      0.421916E+01
      0.750301      0.422403E+01
      0.753106      0.422887E+01
      0.755912      0.423368E+01
      0.758717      0.423847E+01
      0.761523      0.424322E+01
      0.764329      0.424795E+01
      0.767134      0.425264E+01
      0.769940      0.425731E+01
      0.772745      0.426196E+01
      0.775551      0.426657E+01
      0.778357      0.427116E+01
      0.781162      0.427572E+01
      0.783968      0.428025E+01
      0.786774      0.428476E+01
      0.789579      0.428924E+01
      0.792385      0.429369E+01
      0.795190      0.429812E+01
      0.797996      0.430253E+01
      0.800802      0.430690E+01
      0.803607      0.431126E+01
      0.806413      0.431558E+01
      0.809218      0.431989E+01
      0.812024      0.432417E+01
      0.814830      0.432842E+01
      0.817635      0.433265E+01
      0.820441      0.433686E+01
      0.823246      0.434104E+01
      0.826052      0.434520E+01
      0.828858      0.434934E+01
      0.831663      0.435346E+01
      0.834469      0.435755E+01
      0.837275      0.436162E+01
      0.840080      0.436567E+01
      0.842886      0.436969E+01
      0.845691      0.437370E+01
      0.848497      0.437768E+01
      0.851303      0.438164E+01
      0.854108      0.438559E+01
      0.856914      0.438951E+01
      0.859719      0.439341E+01
      0.862525      0.439729E+01
      0.865331      0.440115E+01
      0.868136      0.440499E+01
      0.870942      0.440882E+01
      0.873747      0.441262E+01
      0.876553      0.441640E+01
      0.879359      0.442017E+01
      0.882164      0.442392E+01
      0.884970      0.442765E+01
      0.887776      0.443136E+01
      0.890581      0.443505E+01
      0.893387      0.443873E+01
      0.896192      0.444239E+01
      0.898998      0.444603E+01
      0.901804      0.444966E+01
      0.904609      0.445327E+01
      0.907415      0.445686E+01
      0.910220      0.446044E+01
      0.913026      0.446400E+01
      0.915832      0.446754E+01
      0.918637      0.447108E+01
      0.921443      0.447459E+01
      0.924248      0.447809E+01
      0.927054      0.448158E+01
      0.929860      0.448505E+01
      0.932665      0.448851E+01
      0.935471      0.449195E+01
      0.938277      0.449538E+01
      0.941082      0.449880E+01
      0.943888      0.450220E+01
      0.946693      0.450559E+01
      0.949499      0.450897E+01
      0.952305      0.451233E+01
      0.955110      0.451569E+01
      0.957916      0.451903E+01
      0.960721      0.452236E+01
      0.963527      0.452567E+01
      0.966333      0.452898E+01
      0.969138      0.453227E+01
      0.971944      0.453555E+01
      0.974749      0.453883E+01
      0.977555      0.454209E+01
      0.980361      0.454534E+01
      0.983166      0.454858E+01
      0.985972      0.455181E+01
      0.988778      0.455503E+01
      0.991583      0.455824E+01
      0.994389      0.456144E+01
      0.997194      0.456464E+01
      1.000000      0.456782E+01
