System Description            : Nb, bcc structure                               
Number of Atoms in Unit Cell  : 1                                               
Number of Atomic Species      : 1                                               
Number of Atoms in Each Type  : 1(Nb)                                           
Energy Offset                 : -7502                                           
=======================================================================================
    Iter     Energy      3PV     Efermi   Rms_rho    Rms_pot   Mix  Alg  Alpha 
---------------------------------------------------------------------------------------
**       1  -0.948699   0.06031  0.77578  0.270E-03  0.903E-03  pot  B   0.1000
         2  -0.948411   0.10482  0.77499  0.574E-05  0.768E-03  pot  B   0.1000
         3  -0.947326   0.25545  0.77170  0.228E-04  0.273E-03  pot  B   0.1000
         4  -0.946564   0.21124  0.77075  0.670E-05  0.158E-03  pot  B   0.1000
         5  -0.946047   0.23302  0.76967  0.455E-05  0.331E-04  pot  B   0.1000
         6  -0.945886   0.22787  0.76959  0.156E-05  0.517E-05  pot  B   0.1000
         7  -0.945873   0.22805  0.76957  0.755E-07  0.621E-05  pot  B   0.1000
         8  -0.945878   0.22733  0.76959  0.270E-06  0.135E-05  pot  B   0.1000
         9  -0.945871   0.22755  0.76959  0.576E-07  0.315E-06  pot  B   0.1000
        10  -0.945861   0.22749  0.76959  0.151E-07  0.266E-06  pot  B   0.1000
        11  -0.945862   0.22756  0.76959  0.169E-07  0.810E-07  pot  B   0.1000
        12  -0.945865   0.22756  0.76959  0.589E-08  0.212E-07  pot  B   0.1000
        13  -0.945866   0.22756  0.76959  0.174E-08  0.235E-07  pot  B   0.1000
        14  -0.945866   0.22756  0.76959  0.961E-09  0.177E-07  pot  B   0.1000
        15  -0.945866   0.22756  0.76959  0.564E-09  0.567E-08  pot  B   0.1000
**      16  -0.945866   0.22756  0.76959  0.276E-03  0.567E-08  pot  B   0.1000
        17  -0.945866   0.22756  0.76959  0.365E-10  0.532E-07  pot  B   0.1000
**      18  -0.945873   0.22755  0.76959  0.276E-03  0.264E-05  pot  B   0.1000
        19  -0.945873   0.22755  0.76959  0.131E-08  0.238E-05  pot  B   0.1000
        20  -0.945873   0.22751  0.76959  0.742E-08  0.760E-06  pot  B   0.1000
        21  -0.945873   0.22753  0.76959  0.246E-08  0.171E-06  pot  B   0.1000
        22  -0.945873   0.22753  0.76959  0.529E-09  0.221E-07  pot  B   0.1000
**      23  -0.945698   0.17357  0.77371  0.229E-03  0.564E-02  pot  S   0.1000
        24  -0.940019   0.42360  0.76669  0.145E-03  0.788E-03  pot  S   0.1000
        25  -0.939919   0.37727  0.76859  0.129E-04  0.636E-03  pot  S   0.1000
        26  -0.939919   0.34434  0.76922  0.413E-05  0.543E-03  pot  S   0.1000
        27  -0.939955   0.31824  0.76970  0.357E-05  0.460E-03  pot  S   0.1000
        28  -0.939984   0.29844  0.77010  0.290E-05  0.391E-03  pot  S   0.1000
        29  -0.940007   0.28354  0.77044  0.235E-05  0.333E-03  pot  S   0.1000
        30  -0.940025   0.27240  0.77072  0.192E-05  0.285E-03  pot  S   0.1000
        31  -0.940039   0.26416  0.77095  0.157E-05  0.244E-03  pot  S   0.1000
        32  -0.940050   0.25812  0.77115  0.130E-05  0.209E-03  pot  S   0.1000
        33  -0.940059   0.25376  0.77132  0.108E-05  0.179E-03  pot  S   0.1000
        34  -0.940066   0.25066  0.77146  0.904E-06  0.154E-03  pot  S   0.1000
        35  -0.940072   0.24852  0.77157  0.762E-06  0.133E-03  pot  S   0.1000
        36  -0.940077   0.24709  0.77167  0.646E-06  0.115E-03  pot  S   0.1000
        37  -0.940081   0.24618  0.77176  0.551E-06  0.995E-04  pot  S   0.1000
        38  -0.940084   0.24565  0.77183  0.472E-06  0.862E-04  pot  S   0.1000
        39  -0.940086   0.24539  0.77189  0.406E-06  0.748E-04  pot  S   0.1000
        40  -0.940088   0.24532  0.77194  0.351E-06  0.650E-04  pot  S   0.1000
        41  -0.940090   0.24539  0.77199  0.303E-06  0.565E-04  pot  S   0.1000
        42  -0.940091   0.24554  0.77202  0.263E-06  0.492E-04  pot  S   0.1000
        43  -0.940092   0.24575  0.77205  0.229E-06  0.429E-04  pot  S   0.1000
        44  -0.940093   0.24598  0.77208  0.199E-06  0.374E-04  pot  S   0.1000
        45  -0.940093   0.24622  0.77211  0.174E-06  0.327E-04  pot  S   0.1000
        46  -0.940094   0.24647  0.77213  0.151E-06  0.286E-04  pot  S   0.1000
        47  -0.940094   0.24671  0.77214  0.132E-06  0.250E-04  pot  S   0.1000
        48  -0.940095   0.24693  0.77216  0.116E-06  0.219E-04  pot  S   0.1000
        49  -0.940095   0.24714  0.77217  0.101E-06  0.192E-04  pot  S   0.1000
        50  -0.940095   0.24733  0.77218  0.886E-07  0.168E-04  pot  S   0.1000
        51  -0.940095   0.24750  0.77219  0.778E-07  0.148E-04  pot  S   0.1000
        52  -0.940095   0.24766  0.77220  0.681E-07  0.130E-04  pot  S   0.1000
        53  -0.940095   0.24780  0.77221  0.598E-07  0.114E-04  pot  S   0.1000
        54  -0.940095   0.24792  0.77221  0.525E-07  0.100E-04  pot  S   0.1000
        55  -0.940095   0.24803  0.77222  0.461E-07  0.882E-05  pot  S   0.1000
        56  -0.940095   0.24812  0.77223  0.405E-07  0.776E-05  pot  S   0.1000
        57  -0.940095   0.24820  0.77223  0.356E-07  0.684E-05  pot  S   0.1000
        58  -0.940095   0.24827  0.77223  0.313E-07  0.603E-05  pot  S   0.1000
        59  -0.940095   0.24833  0.77224  0.276E-07  0.531E-05  pot  S   0.1000
        60  -0.940095   0.24839  0.77224  0.243E-07  0.469E-05  pot  S   0.1000
        61  -0.940095   0.24843  0.77224  0.214E-07  0.414E-05  pot  S   0.1000
        62  -0.940095   0.24847  0.77224  0.189E-07  0.365E-05  pot  S   0.1000
        63  -0.940095   0.24850  0.77225  0.166E-07  0.323E-05  pot  S   0.1000
        64  -0.940095   0.24853  0.77225  0.147E-07  0.285E-05  pot  S   0.1000
        65  -0.940095   0.24856  0.77225  0.130E-07  0.252E-05  pot  S   0.1000
        66  -0.940095   0.24858  0.77225  0.115E-07  0.223E-05  pot  S   0.1000
        67  -0.940095   0.24859  0.77225  0.101E-07  0.197E-05  pot  S   0.1000
        68  -0.940095   0.24861  0.77225  0.895E-08  0.174E-05  pot  S   0.1000
        69  -0.940095   0.24862  0.77225  0.792E-08  0.154E-05  pot  S   0.1000
        70  -0.940095   0.24863  0.77225  0.701E-08  0.137E-05  pot  S   0.1000
        71  -0.940095   0.24864  0.77225  0.621E-08  0.121E-05  pot  S   0.1000
        72  -0.940095   0.24865  0.77225  0.550E-08  0.107E-05  pot  S   0.1000
        73  -0.940095   0.24865  0.77226  0.487E-08  0.952E-06  pot  S   0.1000
        74  -0.940095   0.24866  0.77226  0.432E-08  0.844E-06  pot  S   0.1000
        75  -0.940095   0.24866  0.77226  0.383E-08  0.748E-06  pot  S   0.1000
        76  -0.940095   0.24867  0.77226  0.340E-08  0.664E-06  pot  S   0.1000
        77  -0.940095   0.24867  0.77226  0.301E-08  0.589E-06  pot  S   0.1000
        78  -0.940095   0.24867  0.77226  0.267E-08  0.523E-06  pot  S   0.1000
        79  -0.940095   0.24867  0.77226  0.237E-08  0.465E-06  pot  S   0.1000
        80  -0.940095   0.24868  0.77226  0.211E-08  0.413E-06  pot  S   0.1000
        81  -0.940095   0.24868  0.77226  0.187E-08  0.367E-06  pot  S   0.1000
        82  -0.940095   0.24868  0.77226  0.166E-08  0.326E-06  pot  S   0.1000
        83  -0.940095   0.24868  0.77226  0.148E-08  0.290E-06  pot  S   0.1000
        84  -0.940095   0.24868  0.77226  0.131E-08  0.257E-06  pot  S   0.1000
        85  -0.940095   0.24868  0.77226  0.116E-08  0.229E-06  pot  S   0.1000
        86  -0.940095   0.24868  0.77226  0.104E-08  0.204E-06  pot  S   0.1000
        87  -0.940095   0.24868  0.77226  0.920E-09  0.181E-06  pot  S   0.1000
        88  -0.940095   0.24868  0.77226  0.818E-09  0.161E-06  pot  S   0.1000
        89  -0.940095   0.24868  0.77226  0.727E-09  0.143E-06  pot  S   0.1000
        90  -0.940095   0.24868  0.77226  0.647E-09  0.128E-06  pot  S   0.1000
        91  -0.940095   0.24868  0.77226  0.575E-09  0.114E-06  pot  S   0.1000
        92  -0.940095   0.24868  0.77226  0.512E-09  0.101E-06  pot  S   0.1000
        93  -0.940095   0.24868  0.77226  0.455E-09  0.902E-07  pot  S   0.1000
