 icrys=  1 alat=12.11000 ncmp=  1 nspn=  2
 at. # =     57
 conc  = 1.0000
   #              energy(ryd)  press(mbar)   rmsrh
  97             -16296.34444    47.54465   0.26E+01
  97             -16430.70159     1.27797   0.82E-08                            
  97             -16430.70159     1.27797   0.86E-08                            
  97             -16430.70159     1.27797   0.95E-08                            
  97             -16430.70159     1.27797   0.10E-07                            
  97             -16430.70159     1.27797   0.17E-07                            
  97             -16430.70159     1.27797   0.18E-07                            
  97             -16430.70159     1.27797   0.21E-07                            
  97             -16430.70159     1.27797   0.33E-07                            
  97             -16430.70159     1.27797   0.28E-07                            
  97             -16430.70159     1.27798   0.73E-07                            
  97             -16430.70159     1.27798   0.60E-07                            
  97             -16430.70159     1.27797   0.39E-07                            
  97             -16430.70159     1.27797   0.45E-07                            
  97             -16430.70159     1.27797   0.48E-07                            
  97             -16430.70159     1.27797   0.12E-06                            
  97             -16430.70159     1.27798   0.13E-06                            
  97             -16430.70159     1.27798   0.17E-06                            
  97             -16430.70159     1.27798   0.19E-06                            
  97             -16430.70159     1.27804   0.18E-05                            
  97             -16430.70159     1.27797   0.36E-06                            
  97             -16430.70159     1.27780   0.45E-05                            
  97             -16430.70159     1.27765   0.48E-05                            
  97             -16430.70159     1.27786   0.88E-05                            
  97             -16430.70159     1.27805   0.13E-04                            
  97             -16430.70160     1.28049   0.55E-04                            
  97             -16430.70160     1.28061   0.59E-04                            
  97             -16430.70159     1.28038   0.67E-04                            
  97             -16430.70161     1.27845   0.95E-04                            
  97             -16430.70161     1.26591   0.27E-03                            
  97             -16430.70164     1.26204   0.30E-03                            
  97             -16430.70169     1.27360   0.42E-03                            
  97             -16430.70174     1.26891   0.46E-03                            
  97             -16430.70169     1.28898   0.58E-03                            
  97             -16430.70166     1.29375   0.60E-03                            
  97             -16430.70180     1.26795   0.87E-03                            
  97             -16430.70151     1.23889   0.12E-02                            
  97             -16430.70179     1.22573   0.13E-02                            
  97             -16430.69983     1.51808   0.67E-02                            
  97             -16430.69900     1.61355   0.83E-02                            
  97             -16430.69993     1.44399   0.56E-02                            
  97             -16430.70069     1.37930   0.33E-02                            
  97             -16430.70208     1.42719   0.41E-02                            
  97             -16430.68735     2.74944   0.35E-01                            
  97             -16430.69340     2.63184   0.30E-01                            
  97             -16430.71034     1.82820   0.13E-01                            
  97             -16430.70925     0.54998   0.20E-01                            
  97             -16430.70929    -0.16382   0.28E-01                            
  97             -16430.75382     0.85338   0.22E+00                            
  97             -16430.83231     1.76962   0.50E+00                            
  97             -16430.86022     1.11870   0.54E+00                            
  97             -16430.67822     1.47486   0.99E-07                            
  97             -16430.67822     1.47487   0.22E-06                            
  97             -16430.67822     1.47487   0.27E-06                            
  97             -16430.67822     1.47484   0.81E-06                            
  97             -16430.67822     1.47486   0.95E-06                            
  97             -16430.67822     1.47485   0.86E-06                            
  97             -16430.67822     1.47493   0.15E-05                            
  97             -16430.67822     1.47491   0.17E-05                            
  97             -16430.67822     1.47490   0.18E-05                            
  97             -16430.67822     1.47482   0.35E-05                            
  97             -16430.67822     1.47484   0.37E-05                            
  97             -16430.67822     1.47496   0.43E-05                            
  97             -16430.67822     1.47499   0.47E-05                            
  97             -16430.67822     1.47497   0.59E-05                            
  97             -16430.67822     1.47511   0.12E-04                            
  97             -16430.67822     1.47601   0.18E-04                            
  97             -16430.67822     1.47546   0.24E-04                            
  97             -16430.67822     1.47531   0.27E-04                            
  97             -16430.67821     1.47600   0.47E-04                            
  97             -16430.67821     1.47595   0.50E-04                            
  97             -16430.67821     1.47448   0.66E-04                            
  97             -16430.67821     1.47336   0.72E-04                            
  97             -16430.67821     1.46935   0.99E-04                            
  97             -16430.67819     1.46843   0.13E-03                            
  97             -16430.67818     1.46809   0.14E-03                            
  97             -16430.67819     1.46510   0.16E-03                            
  97             -16430.67821     1.46079   0.19E-03                            
  97             -16430.67821     1.45752   0.25E-03                            
  97             -16430.67820     1.45855   0.28E-03                            
  97             -16430.67821     1.46645   0.41E-03                            
  97             -16430.67818     1.46928   0.45E-03                            
  97             -16430.67823     1.46125   0.60E-03                            
  97             -16430.67826     1.45993   0.64E-03                            
  97             -16430.67835     1.52939   0.12E-02                            
  97             -16430.67846     1.52230   0.13E-02                            
  97             -16430.67862     1.49670   0.16E-02                            
  97             -16430.67883     1.48204   0.18E-02                            
  97             -16430.67828     1.35903   0.33E-02                            
  97             -16430.67806     1.36347   0.35E-02                            
  97             -16430.68081     1.17900   0.44E-02                            
  97             -16430.67219     2.14422   0.22E-01                            
  97             -16430.67284     2.17023   0.22E-01                            
  97             -16430.66866     2.78971   0.30E-01                            
  97             -16430.67354     2.33860   0.21E-01                            
  97             -16430.71081     1.81104   0.97E-02                            
  97             -16430.70053     0.11353   0.40E-01                            
