Source Code Version           : : Develop                                       
System Description            : Cu, fcc structure                               
Number of Atoms in Unit Cell  : 1                                               
Number of Atomic Species      : 1                                               
Number of Atoms in Each Type  : 1(Cu)                                           
Unit Cell Volume (au^3)       : 0.78608000D+02                                  
Average Atomic Volume (au^3)  : 78.60800                                        
Energy Offset                 : -3281                                           
=======================================================================================
    Iter     Energy      3PV     Efermi   Rms_rho    Rms_pot   Mix  Alg  Alpha 
---------------------------------------------------------------------------------------
**       1  -0.635380  34.89630  0.63348  0.242E-03  0.531E-02  pot  B   0.1000
         2  -0.630105  33.67970  0.64017  0.330E-03  0.172E-02  pot  B   0.1000
         3  -0.633192  34.30528  0.63520  0.148E-03  0.663E-03  pot  B   0.1000
         4  -0.634441  34.63499  0.63451  0.754E-04  0.142E-03  pot  B   0.1000
         5  -0.634360  34.61294  0.63447  0.516E-05  0.175E-03  pot  B   0.1000
         6  -0.634754  34.71985  0.63412  0.272E-04  0.114E-04  pot  B   0.1000
         7  -0.634764  34.72241  0.63408  0.642E-06  0.128E-04  pot  B   0.1000
         8  -0.634751  34.71838  0.63413  0.957E-06  0.296E-05  pot  B   0.1000
         9  -0.634748  34.71731  0.63414  0.252E-06  0.111E-05  pot  B   0.1000
        10  -0.634746  34.71706  0.63414  0.611E-07  0.637E-06  pot  B   0.1000
        11  -0.634745  34.71679  0.63414  0.667E-07  0.118E-06  pot  B   0.1000
        12  -0.634745  34.71666  0.63415  0.314E-07  0.134E-06  pot  B   0.1000
        13  -0.634745  34.71667  0.63415  0.134E-08  0.119E-06  pot  B   0.1000
        14  -0.634743  34.71692  0.63415  0.753E-07  0.368E-06  pot  B   0.1000
        15  -0.634740  34.71714  0.63415  0.643E-07  0.757E-06  pot  B   0.1000
        16  -0.634741  34.71734  0.63416  0.722E-07  0.115E-05  pot  B   0.1000
        17  -0.634728  34.71853  0.63418  0.673E-06  0.515E-05  pot  B   0.1000
        18  -0.634731  34.71834  0.63418  0.991E-07  0.497E-05  pot  B   0.1000
        19  -0.634711  34.71974  0.63420  0.471E-06  0.703E-05  pot  B   0.1000
        20  -0.634689  34.72381  0.63431  0.186E-05  0.169E-04  pot  B   0.1000
        21  -0.634631  34.72481  0.63428  0.281E-05  0.170E-04  pot  B   0.1000
        22  -0.634870  34.71679  0.63430  0.967E-05  0.328E-04  pot  B   0.1000
        23  -0.633901  34.73592  0.63452  0.281E-04  0.639E-04  pot  B   0.1000
        24  -0.628384  34.57995  0.64037  0.197E-03  0.481E-03  pot  B   0.1000
        25  -0.603691  35.41841  0.63537  0.555E-03  0.231E-02  pot  B   0.1000
        26   1.149149  55.02169  0.63037  0.135E-01  0.600E-01  pot  B   0.1000
        27  -0.490821  35.62796  0.62537  0.125E-01  0.884E-02  pot  B   0.1000
        28   9.633679  96.56233  0.62037  0.392E-01  0.202E+00  pot  B   0.1000
**      29  -0.635380  34.89630  0.63348  0.242E-03  0.531E-02  pot  S   0.1000
        30  -0.630105  33.67970  0.64017  0.330E-03  0.172E-02  pot  S   0.1000
        31  -0.633192  34.30528  0.63520  0.148E-03  0.663E-03  pot  S   0.1000
        32  -0.633947  34.50282  0.63519  0.450E-04  0.346E-03  pot  S   0.1000
        33  -0.634359  34.61227  0.63461  0.253E-04  0.174E-03  pot  S   0.1000
        34  -0.634556  34.66674  0.63421  0.127E-04  0.958E-04  pot  S   0.1000
        35  -0.634655  34.69415  0.63403  0.649E-05  0.645E-04  pot  S   0.1000
        36  -0.634704  34.70790  0.63396  0.336E-05  0.534E-04  pot  S   0.1000
        37  -0.634729  34.71467  0.63394  0.176E-05  0.482E-04  pot  S   0.1000
        38  -0.634742  34.71786  0.63394  0.937E-06  0.442E-04  pot  S   0.1000
        39  -0.634747  34.71924  0.63395  0.524E-06  0.404E-04  pot  S   0.1000
        40  -0.634750  34.71971  0.63397  0.325E-06  0.367E-04  pot  S   0.1000
        41  -0.634751  34.71975  0.63398  0.233E-06  0.331E-04  pot  S   0.1000
        42  -0.634751  34.71958  0.63400  0.186E-06  0.299E-04  pot  S   0.1000
        43  -0.634751  34.71934  0.63401  0.159E-06  0.268E-04  pot  S   0.1000
        44  -0.634750  34.71908  0.63403  0.140E-06  0.241E-04  pot  S   0.1000
        45  -0.634750  34.71882  0.63404  0.124E-06  0.217E-04  pot  S   0.1000
        46  -0.634749  34.71858  0.63405  0.110E-06  0.194E-04  pot  S   0.1000
        47  -0.634749  34.71836  0.63406  0.980E-07  0.174E-04  pot  S   0.1000
        48  -0.634748  34.71817  0.63407  0.873E-07  0.156E-04  pot  S   0.1000
        49  -0.634748  34.71800  0.63408  0.779E-07  0.140E-04  pot  S   0.1000
        50  -0.634748  34.71784  0.63408  0.695E-07  0.126E-04  pot  S   0.1000
        51  -0.634747  34.71771  0.63409  0.620E-07  0.113E-04  pot  S   0.1000
        52  -0.634747  34.71759  0.63409  0.553E-07  0.101E-04  pot  S   0.1000
        53  -0.634747  34.71748  0.63410  0.493E-07  0.909E-05  pot  S   0.1000
        54  -0.634747  34.71739  0.63410  0.440E-07  0.815E-05  pot  S   0.1000
        55  -0.634746  34.71731  0.63411  0.393E-07  0.731E-05  pot  S   0.1000
        56  -0.634746  34.71724  0.63411  0.351E-07  0.656E-05  pot  S   0.1000
        57  -0.634746  34.71718  0.63412  0.313E-07  0.588E-05  pot  S   0.1000
        58  -0.634746  34.71712  0.63412  0.280E-07  0.528E-05  pot  S   0.1000
        59  -0.634746  34.71707  0.63412  0.250E-07  0.473E-05  pot  S   0.1000
        60  -0.634746  34.71703  0.63412  0.223E-07  0.424E-05  pot  S   0.1000
        61  -0.634746  34.71700  0.63413  0.199E-07  0.381E-05  pot  S   0.1000
        62  -0.634746  34.71696  0.63413  0.178E-07  0.342E-05  pot  S   0.1000
        63  -0.634746  34.71693  0.63413  0.159E-07  0.306E-05  pot  S   0.1000
        64  -0.634745  34.71691  0.63413  0.142E-07  0.275E-05  pot  S   0.1000
        65  -0.634745  34.71689  0.63413  0.127E-07  0.246E-05  pot  S   0.1000
        66  -0.634745  34.71687  0.63413  0.114E-07  0.221E-05  pot  S   0.1000
        67  -0.634745  34.71685  0.63414  0.101E-07  0.198E-05  pot  S   0.1000
        68  -0.634745  34.71683  0.63414  0.907E-08  0.178E-05  pot  S   0.1000
        69  -0.634745  34.71682  0.63414  0.811E-08  0.159E-05  pot  S   0.1000
        70  -0.634745  34.71681  0.63414  0.725E-08  0.143E-05  pot  S   0.1000
        71  -0.634745  34.71680  0.63414  0.649E-08  0.128E-05  pot  S   0.1000
        72  -0.634745  34.71679  0.63414  0.580E-08  0.115E-05  pot  S   0.1000
        73  -0.634745  34.71678  0.63414  0.519E-08  0.103E-05  pot  S   0.1000
        74  -0.634745  34.71678  0.63414  0.464E-08  0.925E-06  pot  S   0.1000
        75  -0.634745  34.71677  0.63414  0.415E-08  0.831E-06  pot  S   0.1000
        76  -0.634745  34.71676  0.63414  0.371E-08  0.748E-06  pot  S   0.1000
        77  -0.634745  34.71676  0.63414  0.332E-08  0.668E-06  pot  S   0.1000
        78  -0.634745  34.71676  0.63414  0.297E-08  0.599E-06  pot  S   0.1000
        79  -0.634745  34.71675  0.63414  0.266E-08  0.537E-06  pot  S   0.1000
        80  -0.634745  34.71675  0.63414  0.238E-08  0.482E-06  pot  S   0.1000
        81  -0.634745  34.71675  0.63414  0.213E-08  0.432E-06  pot  S   0.1000
        82  -0.634745  34.71674  0.63414  0.190E-08  0.387E-06  pot  S   0.1000
        83  -0.634745  34.71674  0.63414  0.170E-08  0.348E-06  pot  S   0.1000
        84  -0.634745  34.71674  0.63414  0.153E-08  0.312E-06  pot  S   0.1000
        85  -0.634745  34.71674  0.63414  0.136E-08  0.280E-06  pot  S   0.1000
        86  -0.634745  34.71674  0.63414  0.122E-08  0.251E-06  pot  S   0.1000
        87  -0.634745  34.71673  0.63414  0.109E-08  0.225E-06  pot  S   0.1000
        88  -0.634745  34.71673  0.63414  0.980E-09  0.202E-06  pot  S   0.1000
        89  -0.634745  34.71673  0.63414  0.878E-09  0.181E-06  pot  S   0.1000
        90  -0.634745  34.71673  0.63414  0.762E-09  0.164E-06  pot  S   0.1000
        91  -0.634745  34.71673  0.63414  0.705E-09  0.155E-06  pot  S   0.1000
        92  -0.634745  34.71673  0.63414  0.603E-09  0.130E-06  pot  S   0.1000
        93  -0.634745  34.71673  0.63414  0.547E-09  0.130E-06  pot  S   0.1000
        94  -0.634745  34.71673  0.63414  0.563E-09  0.105E-06  pot  S   0.1000
        95  -0.634745  34.71673  0.63414  0.453E-09  0.952E-07  pot  S   0.1000
**      96  -0.635380  34.89630  0.63348  0.242E-03  0.531E-02  pot  B   0.1000
        97  -0.630105  33.67970  0.64017  0.330E-03  0.172E-02  pot  B   0.1000
        98  -0.633192  34.30528  0.63520  0.148E-03  0.663E-03  pot  B   0.1000
        99  -0.634441  34.63499  0.63451  0.754E-04  0.142E-03  pot  B   0.1000
       100  -0.634360  34.61294  0.63447  0.516E-05  0.175E-03  pot  B   0.1000
       101  -0.634754  34.71984  0.63412  0.272E-04  0.114E-04  pot  B   0.1000
       102  -0.634764  34.72241  0.63408  0.642E-06  0.128E-04  pot  B   0.1000
       103  -0.634751  34.71841  0.63413  0.948E-06  0.301E-05  pot  B   0.1000
       104  -0.634747  34.71733  0.63414  0.255E-06  0.115E-05  pot  B   0.1000
       105  -0.634747  34.71726  0.63414  0.186E-07  0.100E-05  pot  B   0.1000
       106  -0.634745  34.71662  0.63415  0.157E-06  0.206E-06  pot  B   0.1000
       107  -0.634745  34.71664  0.63415  0.492E-08  0.173E-06  pot  B   0.1000
       108  -0.634745  34.71665  0.63415  0.254E-08  0.153E-06  pot  B   0.1000
       109  -0.634745  34.71671  0.63414  0.147E-07  0.348E-07  pot  B   0.1000
       110  -0.634745  34.71673  0.63414  0.480E-08  0.193E-07  pot  B   0.1000
       111  -0.634745  34.71673  0.63414  0.150E-09  0.256E-07  pot  B   0.1000
