 Least-squares fit of etot(v) by Murnaghan eq.
 
            UNIT OF LENGTH: ULA =  0.529177 ANGSTROEM
            UNIT OF ENERGY INPUT:  IN RYDBERGS

 IN THE STRUCTURE CONSIDERED, THE UNIT CELL VOLUME = A**3 *       0.500000

 Min and Max alat to compute Etot for at  50 points =   4.00000 and   8.00000
         NUMBER OF DATA POINTS: N =    9
 -------------------------------------------------------------------------------

     I     ALATT         VOLUME        ENERGY(EV)          ENERGY(RY)
     1   5.70000        92.59650        -6.93731            -0.50988
     2   5.80000        97.55600        -7.21601            -0.53036
     3   5.90000       102.68950        -7.42818            -0.54596
     4   6.00000       108.00000        -7.58054            -0.55715
     5   6.10000       113.49050        -7.68037            -0.56449
     6   6.20000       119.16400        -7.73019            -0.56815
     7   6.25000       122.07031        -7.73769            -0.56870
     8   6.30000       125.02350        -7.73434            -0.56846
     9   6.40000       131.07200        -7.69898            -0.56586
 -------------------------------------------------------------------------------

        ALATT0   VOL0 (ULA**3)  B0 (MBAR)    B0PRIME      E0 (EV)      E0 (RY)
        6.2500    122.07031      1.00000      4.00000     -7.73769     -0.56870
                                                                (=INITIAL GUESS)

 MIN:   3.1250     15.25879      0.01000      0.01000
 MAX:   9.3750    411.98730     10.00000     10.00000
 -------------------------------------------------------------------------------

 FIT BY MURNAGHAN EQUATION EQUATION OF STATE
 -------------------------------------------------------------------------------

 ITER  ALATT0   VOL0(ULA**3)  B0(MBAR)  B0PRIME    E0(EV)  SUM OF SQUARES  IERR

   20  6.2615    122.74447    1.62886   2.77578     -7.73799     0.00000      1
   40  6.2615    122.74447    1.62886   2.77578     -7.73799     0.00000      0
   40  6.2615    122.74447    1.62886   2.77578     -7.73799     0.00000      0
 -------------------------------------------------------------------------------

      ALATT0   VOL0 (ULA**3)   B0(MBAR)      B0PRIME       E0(EV)       E0(RY)

      6.2615     122.74447      1.62886      2.77578     -7.73799     -0.56873
 -------------------------------------------------------------------------------

Alat =      6.26148(Bohr) =      3.31343(A)
 B0  =      1.62886(MBar)   =    162.88627(GPa)
 B0p =      2.77578
 E0  =     -7.73799(EV)     =     -0.56873(Ryd) =     -0.28436(Hartree)
 -------------------------------------------------------------------------------

  alat(A)     alat(bohr)     energy(ev)     energy(Ryd)    P(MBar)     B(MBar)
 -------------------------------------------------------------------------------

   2.11671       4.00000        24.41883       1.79473     23.91188    68.00291
   2.15991       4.08163        20.36079       1.49648     20.11839    57.47304
   2.20310       4.16327        16.80256       1.23495     16.97070    48.73575
   2.24630       4.24490        13.67731       1.00525     14.34929    41.45929
   2.28950       4.32653        10.92827       0.80320     12.15846    35.37804
   2.33270       4.40816         8.50709       0.62525     10.32128    30.27843
   2.37590       4.48980         6.37248       0.46836      8.77562    25.98804
   2.41910       4.57143         4.48906       0.32994      7.47114    22.36708
   2.46229       4.65306         2.82644       0.20774      6.36685    19.30183
   2.50549       4.73469         1.35846       0.09984      5.42931    16.69941
   2.54869       4.81633         0.06249       0.00459      4.63107    14.48368
   2.59189       4.89796        -1.08101      -0.07945      3.94958    12.59203
   2.63509       4.97959        -2.08904      -0.15354      3.36624    10.97279
   2.67828       5.06122        -2.97635      -0.21876      2.86563     9.58320
   2.72148       5.14286        -3.75581      -0.27604      2.43495     8.38775
   2.76468       5.22449        -4.43866      -0.32623      2.06356     7.35684
   2.80788       5.30612        -5.03474      -0.37004      1.74254     6.46577
   2.85108       5.38776        -5.55267      -0.40811      1.46444     5.69384
   2.89428       5.46939        -6.00003      -0.44099      1.22301     5.02366
   2.93747       5.55102        -6.38347      -0.46917      1.01295     4.44060
   2.98067       5.63265        -6.70889      -0.49309      0.82983     3.93228
   3.02387       5.71429        -6.98147      -0.51312      0.66986     3.48825
   3.06707       5.79592        -7.20579      -0.52961      0.52985     3.09962
   3.11027       5.87755        -7.38593      -0.54285      0.40709     2.75884
   3.15346       5.95918        -7.52547      -0.55311      0.29924     2.45948
   3.19666       6.04082        -7.62764      -0.56062      0.20433     2.19603
   3.23986       6.12245        -7.69526      -0.56559      0.12066     1.96378
   3.28306       6.20408        -7.73088      -0.56820      0.04678     1.75870
   3.32626       6.28571        -7.73676      -0.56864     -0.01857     1.57731
   3.36945       6.36735        -7.71490      -0.56703     -0.07646     1.41661
   3.41265       6.44898        -7.66710      -0.56352     -0.12783     1.27403
   3.45585       6.53061        -7.59498      -0.55822     -0.17348     1.14733
   3.49905       6.61224        -7.49996      -0.55123     -0.21410     1.03458
   3.54225       6.69388        -7.38335      -0.54266     -0.25030     0.93409
   3.58545       6.77551        -7.24628      -0.53259     -0.28261     0.84441
   3.62864       6.85714        -7.08979      -0.52108     -0.31148     0.76426
   3.67184       6.93878        -6.91481      -0.50822     -0.33732     0.69253
   3.71504       7.02041        -6.72217      -0.49407     -0.36048     0.62826
   3.75824       7.10204        -6.51260      -0.47866     -0.38125     0.57060
   3.80144       7.18367        -6.28679      -0.46207     -0.39991     0.51880
   3.84463       7.26531        -6.04532      -0.44432     -0.41670     0.47221
   3.88783       7.34694        -5.78873      -0.42546     -0.43181     0.43025
   3.93103       7.42857        -5.51750      -0.40552     -0.44544     0.39243
   3.97423       7.51020        -5.23207      -0.38455     -0.45773     0.35829
   4.01743       7.59184        -4.93281      -0.36255     -0.46885     0.32745
   4.06062       7.67347        -4.62007      -0.33957     -0.47890     0.29954
   4.10382       7.75510        -4.29416      -0.31561     -0.48800     0.27428
   4.14702       7.83673        -3.95534      -0.29071     -0.49625     0.25137
   4.19022       7.91837        -3.60387      -0.26488     -0.50374     0.23059
   4.23342       8.00000        -3.23996      -0.23813     -0.51054     0.21171
