System Description            : V, bcc structure                                
Number of Atoms in Unit Cell  : 1                                               
Number of Atomic Species      : 1                                               
Number of Atoms in Each Type  : 1(V)                                            
Energy Offset                 : -1883                                           
=======================================================================================
    Iter     Energy      3PV     Efermi   Rms_rho    Rms_pot   Mix  Alg  Alpha 
---------------------------------------------------------------------------------------
**       1  -0.992307  -0.29995  0.69522  0.615E-03  0.466E-02  pot  B   0.1000
         2  -0.989795  -0.38471  0.69626  0.902E-04  0.221E-03  pot  B   0.1000
         3  -0.989792  -0.35927  0.69595  0.551E-05  0.157E-03  pot  B   0.1000
         4  -0.989806  -0.30255  0.69520  0.125E-04  0.361E-04  pot  B   0.1000
         5  -0.989813  -0.30828  0.69540  0.240E-05  0.250E-04  pot  B   0.1000
         6  -0.989816  -0.29987  0.69532  0.201E-05  0.336E-05  pot  B   0.1000
         7  -0.989816  -0.29952  0.69530  0.169E-06  0.727E-06  pot  B   0.1000
         8  -0.989816  -0.29941  0.69529  0.328E-07  0.109E-05  pot  B   0.1000
         9  -0.989816  -0.29967  0.69530  0.773E-07  0.309E-07  pot  B   0.1000
        10  -0.989816  -0.29967  0.69530  0.162E-09  0.365E-07  pot  B   0.1000
**      11  -0.976777  -0.09481  0.68495  0.525E-03  0.521E-03  pot  B   0.1000
        12  -0.976243  -0.90365  0.70189  0.263E-03  0.229E-02  pot  B   0.1000
        13  -0.976375  -0.62686  0.67145  0.865E-04  0.139E-02  pot  B   0.1000
        14  -0.979021  -0.63499  0.68280  0.138E-03  0.199E-02  pot  B   0.1000
        15  -0.975617  -0.60721  0.68690  0.130E-03  0.170E-02  pot  B   0.1000
        16  -0.975610  -0.45499  0.68792  0.141E-03  0.101E-02  pot  B   0.1000
        17  -0.975561  -0.48012  0.68843  0.667E-05  0.108E-02  pot  B   0.1000
        18  -0.975603  -0.44363  0.68747  0.127E-04  0.938E-03  pot  B   0.1000
        19  -0.975653  -0.40467  0.68648  0.106E-04  0.789E-03  pot  B   0.1000
        20  -0.975696  -0.36257  0.68538  0.115E-04  0.629E-03  pot  B   0.1000
        21  -0.975731  -0.31566  0.68411  0.128E-04  0.448E-03  pot  B   0.1000
        22  -0.975751  -0.27505  0.68305  0.109E-04  0.289E-03  pot  B   0.1000
        23  -0.975766  -0.28025  0.68324  0.739E-05  0.312E-03  pot  B   0.1000
        24  -0.975762  -0.27407  0.68313  0.280E-05  0.286E-03  pot  B   0.1000
        25  -0.975774  -0.32012  0.68415  0.155E-04  0.467E-03  pot  B   0.1000
        26  -0.975742  -0.33785  0.68460  0.681E-05  0.529E-03  pot  B   0.1000
        27  -0.975742  -0.30394  0.68362  0.135E-04  0.386E-03  pot  B   0.1000
        28  -0.975764  -0.24206  0.68147  0.186E-04  0.135E-03  pot  B   0.1000
        29  -0.975776  -0.23575  0.68166  0.127E-04  0.117E-03  pot  B   0.1000
        30  -0.975749  -0.19036  0.68018  0.173E-04  0.699E-04  pot  B   0.1000
        31  -0.975790  -0.21181  0.68085  0.153E-04  0.238E-04  pot  B   0.1000
        32  -0.975770  -0.20688  0.68088  0.478E-05  0.163E-05  pot  B   0.1000
        33  -0.975768  -0.20567  0.68085  0.504E-06  0.365E-05  pot  B   0.1000
        34  -0.975769  -0.20565  0.68085  0.111E-06  0.381E-05  pot  B   0.1000
        35  -0.975772  -0.20968  0.68094  0.137E-05  0.125E-04  pot  B   0.1000
        36  -0.975771  -0.21055  0.68097  0.381E-06  0.157E-04  pot  B   0.1000
        37  -0.975771  -0.21134  0.68100  0.207E-06  0.187E-04  pot  B   0.1000
        38  -0.975770  -0.21134  0.68100  0.134E-06  0.187E-04  pot  B   0.1000
        39  -0.975770  -0.21152  0.68101  0.495E-07  0.194E-04  pot  B   0.1000
        40  -0.975770  -0.21162  0.68101  0.270E-07  0.198E-04  pot  B   0.1000
        41  -0.975770  -0.21160  0.68101  0.222E-07  0.197E-04  pot  B   0.1000
        42  -0.975765  -0.21139  0.68100  0.605E-07  0.190E-04  pot  B   0.1000
        43  -0.975758  -0.21371  0.68105  0.850E-06  0.285E-04  pot  B   0.1000
        44  -0.975729  -0.21253  0.68101  0.515E-06  0.241E-04  pot  B   0.1000
        45  -0.975733  -0.21035  0.68097  0.530E-06  0.172E-04  pot  B   0.1000
        46  -0.975750  -0.20607  0.68089  0.118E-05  0.269E-05  pot  B   0.1000
        47  -0.975777  -0.20884  0.68092  0.884E-06  0.905E-05  pot  B   0.1000
        48  -0.975775  -0.20764  0.68090  0.488E-06  0.472E-05  pot  B   0.1000
        49  -0.975775  -0.20702  0.68089  0.153E-06  0.263E-05  pot  B   0.1000
        50  -0.975688  -0.21549  0.68100  0.345E-05  0.388E-04  pot  B   0.1000
        51  -0.975692  -0.21035  0.68093  0.203E-05  0.201E-04  pot  B   0.1000
        52  -0.975717  -0.20738  0.68087  0.809E-06  0.950E-05  pot  B   0.1000
        53  -0.973919  -0.20285  0.68032  0.755E-05  0.448E-04  pot  B   0.1000
        54  -0.976693  -0.22517  0.68128  0.942E-05  0.600E-04  pot  B   0.1000
        55  -0.975931  -0.20804  0.68096  0.906E-05  0.275E-05  pot  B   0.1000
        56  -0.975651  -0.21122  0.68098  0.353E-05  0.217E-04  pot  B   0.1000
        57  -0.975480  -0.21126  0.68100  0.264E-06  0.252E-04  pot  B   0.1000
        58  -0.975348  -0.21609  0.68108  0.203E-05  0.477E-04  pot  B   0.1000
        59  -0.975061  -0.22003  0.68119  0.173E-05  0.702E-04  pot  B   0.1000
        60  -0.975025  -0.21759  0.68118  0.133E-05  0.608E-04  pot  B   0.1000
        61  -0.975008  -0.21827  0.68119  0.349E-06  0.640E-04  pot  B   0.1000
        62  -0.974911  -0.21725  0.68117  0.233E-06  0.621E-04  pot  B   0.1000
        63  -0.975527  -0.21540  0.68110  0.212E-05  0.401E-04  pot  B   0.1000
        64  -0.975637  -0.21237  0.68097  0.915E-06  0.260E-04  pot  B   0.1000
        65  -0.975709  -0.21208  0.68096  0.693E-06  0.241E-04  pot  B   0.1000
        66  -0.975809  -0.20753  0.68082  0.162E-05  0.395E-05  pot  B   0.1000
        67  -0.975759  -0.20835  0.68079  0.132E-05  0.929E-05  pot  B   0.1000
        68  -0.975854  -0.21124  0.68090  0.898E-06  0.182E-04  pot  B   0.1000
        69  -0.975946  -0.20699  0.68083  0.218E-05  0.202E-05  pot  B   0.1000
        70  -0.975927  -0.20850  0.68085  0.913E-06  0.511E-05  pot  B   0.1000
**      71  -0.975927  -0.20850  0.68085  0.422E-03  0.511E-05  pot  S   0.1000
        72  -0.975767  -0.20067  0.68076  0.234E-05  0.195E-04  pot  S   0.1000
**      73  -0.976777  -0.09481  0.68495  0.525E-03  0.521E-03  pot  S   0.1000
        74  -0.976243  -0.90363  0.70188  0.263E-03  0.229E-02  pot  S   0.1000
        75  -0.976375  -0.62668  0.67145  0.865E-04  0.139E-02  pot  S   0.1000
        76  -0.979986  -0.67797  0.67970  0.949E-04  0.179E-02  pot  S   0.1000
        77  -0.976128  -0.49611  0.68736  0.903E-04  0.128E-02  pot  S   0.1000
        78  -0.975904  -0.23611  0.68360  0.146E-03  0.261E-03  pot  S   0.1000
        79  -0.975760  -0.24486  0.68327  0.179E-04  0.306E-03  pot  S   0.1000
        80  -0.975762  -0.22434  0.68266  0.599E-05  0.225E-03  pot  S   0.1000
        81  -0.975768  -0.21533  0.68239  0.314E-05  0.185E-03  pot  S   0.1000
        82  -0.975768  -0.20655  0.68207  0.288E-05  0.143E-03  pot  S   0.1000
        83  -0.975770  -0.20237  0.68187  0.168E-05  0.117E-03  pot  S   0.1000
        84  -0.975770  -0.19926  0.68169  0.141E-05  0.941E-04  pot  S   0.1000
        85  -0.975771  -0.19776  0.68155  0.998E-06  0.775E-04  pot  S   0.1000
        86  -0.975771  -0.19704  0.68144  0.796E-06  0.642E-04  pot  S   0.1000
        87  -0.975771  -0.19694  0.68135  0.624E-06  0.537E-04  pot  S   0.1000
        88  -0.975771  -0.19721  0.68128  0.508E-06  0.453E-04  pot  S   0.1000
        89  -0.975771  -0.19771  0.68122  0.422E-06  0.385E-04  pot  S   0.1000
        90  -0.975771  -0.19835  0.68117  0.357E-06  0.329E-04  pot  S   0.1000
        91  -0.975771  -0.19905  0.68112  0.306E-06  0.283E-04  pot  S   0.1000
        92  -0.975771  -0.19976  0.68109  0.265E-06  0.244E-04  pot  S   0.1000
        93  -0.975771  -0.20046  0.68106  0.231E-06  0.212E-04  pot  S   0.1000
        94  -0.975770  -0.20113  0.68104  0.202E-06  0.184E-04  pot  S   0.1000
        95  -0.975770  -0.20175  0.68101  0.177E-06  0.161E-04  pot  S   0.1000
        96  -0.975770  -0.20232  0.68100  0.156E-06  0.140E-04  pot  S   0.1000
        97  -0.975770  -0.20284  0.68098  0.137E-06  0.123E-04  pot  S   0.1000
        98  -0.975770  -0.20331  0.68097  0.120E-06  0.108E-04  pot  S   0.1000
        99  -0.975770  -0.20373  0.68095  0.105E-06  0.949E-05  pot  S   0.1000
       100  -0.975770  -0.20410  0.68094  0.921E-07  0.835E-05  pot  S   0.1000
       101  -0.975770  -0.20443  0.68093  0.806E-07  0.736E-05  pot  S   0.1000
       102  -0.975770  -0.20472  0.68093  0.705E-07  0.648E-05  pot  S   0.1000
       103  -0.975770  -0.20498  0.68092  0.617E-07  0.572E-05  pot  S   0.1000
       104  -0.975770  -0.20520  0.68091  0.539E-07  0.505E-05  pot  S   0.1000
       105  -0.975770  -0.20540  0.68091  0.471E-07  0.446E-05  pot  S   0.1000
       106  -0.975770  -0.20557  0.68090  0.411E-07  0.394E-05  pot  S   0.1000
       107  -0.975770  -0.20572  0.68090  0.359E-07  0.348E-05  pot  S   0.1000
       108  -0.975770  -0.20585  0.68090  0.314E-07  0.308E-05  pot  S   0.1000
       109  -0.975770  -0.20596  0.68089  0.274E-07  0.272E-05  pot  S   0.1000
       110  -0.975770  -0.20606  0.68089  0.239E-07  0.241E-05  pot  S   0.1000
       111  -0.975770  -0.20615  0.68089  0.208E-07  0.213E-05  pot  S   0.1000
       112  -0.975770  -0.20622  0.68089  0.182E-07  0.189E-05  pot  S   0.1000
       113  -0.975770  -0.20629  0.68088  0.159E-07  0.167E-05  pot  S   0.1000
       114  -0.975770  -0.20634  0.68088  0.138E-07  0.148E-05  pot  S   0.1000
       115  -0.975770  -0.20639  0.68088  0.121E-07  0.131E-05  pot  S   0.1000
       116  -0.975770  -0.20643  0.68088  0.106E-07  0.116E-05  pot  S   0.1000
       117  -0.975770  -0.20647  0.68088  0.921E-08  0.103E-05  pot  S   0.1000
       118  -0.975770  -0.20650  0.68088  0.805E-08  0.914E-06  pot  S   0.1000
       119  -0.975770  -0.20653  0.68088  0.703E-08  0.811E-06  pot  S   0.1000
       120  -0.975770  -0.20655  0.68088  0.615E-08  0.718E-06  pot  S   0.1000
       121  -0.975770  -0.20657  0.68087  0.538E-08  0.638E-06  pot  S   0.1000
       122  -0.975770  -0.20659  0.68087  0.470E-08  0.565E-06  pot  S   0.1000
       123  -0.975770  -0.20661  0.68087  0.412E-08  0.502E-06  pot  S   0.1000
       124  -0.975770  -0.20662  0.68087  0.360E-08  0.445E-06  pot  S   0.1000
       125  -0.975770  -0.20663  0.68087  0.316E-08  0.394E-06  pot  S   0.1000
       126  -0.975770  -0.20664  0.68087  0.277E-08  0.350E-06  pot  S   0.1000
       127  -0.975770  -0.20665  0.68087  0.243E-08  0.311E-06  pot  S   0.1000
       128  -0.975770  -0.20665  0.68087  0.213E-08  0.276E-06  pot  S   0.1000
       129  -0.975770  -0.20666  0.68087  0.187E-08  0.246E-06  pot  S   0.1000
       130  -0.975770  -0.20667  0.68087  0.164E-08  0.219E-06  pot  S   0.1000
       131  -0.975770  -0.20667  0.68087  0.144E-08  0.194E-06  pot  S   0.1000
       132  -0.975770  -0.20667  0.68087  0.127E-08  0.179E-06  pot  S   0.1000
       133  -0.975770  -0.20668  0.68087  0.112E-08  0.154E-06  pot  S   0.1000
       134  -0.975770  -0.20668  0.68087  0.985E-09  0.144E-06  pot  S   0.1000
       135  -0.975770  -0.20668  0.68087  0.867E-09  0.122E-06  pot  S   0.1000
       136  -0.975770  -0.20669  0.68087  0.765E-09  0.109E-06  pot  S   0.1000
       137  -0.975770  -0.20669  0.68087  0.675E-09  0.117E-06  pot  S   0.1000
       138  -0.975770  -0.20669  0.68087  0.596E-09  0.888E-07  pot  S   0.1000
**     139  -0.976463  -0.22067  0.68083  0.422E-03  0.399E-04  pot  S   0.1000
       140  -0.976461  -0.21740  0.68078  0.737E-06  0.322E-04  pot  S   0.1000
       141  -0.976461  -0.21531  0.68075  0.466E-06  0.272E-04  pot  S   0.1000
       142  -0.976460  -0.21376  0.68073  0.349E-06  0.234E-04  pot  S   0.1000
       143  -0.976459  -0.21267  0.68071  0.252E-06  0.204E-04  pot  S   0.1000
       144  -0.976458  -0.21189  0.68070  0.184E-06  0.181E-04  pot  S   0.1000
       145  -0.976457  -0.21134  0.68070  0.134E-06  0.161E-04  pot  S   0.1000
       146  -0.976457  -0.21096  0.68069  0.972E-07  0.144E-04  pot  S   0.1000
       147  -0.976456  -0.21070  0.68069  0.708E-07  0.130E-04  pot  S   0.1000
       148  -0.976456  -0.21053  0.68069  0.518E-07  0.117E-04  pot  S   0.1000
       149  -0.976455  -0.21041  0.68069  0.381E-07  0.105E-04  pot  S   0.1000
       150  -0.976455  -0.21034  0.68069  0.283E-07  0.950E-05  pot  S   0.1000
       151  -0.976454  -0.21030  0.68069  0.214E-07  0.858E-05  pot  S   0.1000
       152  -0.976454  -0.21028  0.68069  0.165E-07  0.774E-05  pot  S   0.1000
       153  -0.976453  -0.21027  0.68069  0.130E-07  0.699E-05  pot  S   0.1000
       154  -0.976453  -0.21027  0.68070  0.105E-07  0.630E-05  pot  S   0.1000
       155  -0.976453  -0.21028  0.68070  0.874E-08  0.569E-05  pot  S   0.1000
       156  -0.976453  -0.21028  0.68070  0.742E-08  0.513E-05  pot  S   0.1000
       157  -0.976452  -0.21030  0.68070  0.640E-08  0.463E-05  pot  S   0.1000
       158  -0.976452  -0.21031  0.68070  0.558E-08  0.417E-05  pot  S   0.1000
       159  -0.976452  -0.21032  0.68070  0.490E-08  0.376E-05  pot  S   0.1000
       160  -0.976452  -0.21033  0.68070  0.432E-08  0.339E-05  pot  S   0.1000
       161  -0.976452  -0.21034  0.68070  0.382E-08  0.306E-05  pot  S   0.1000
       162  -0.976452  -0.21035  0.68071  0.338E-08  0.276E-05  pot  S   0.1000
       163  -0.976452  -0.21036  0.68071  0.299E-08  0.249E-05  pot  S   0.1000
       164  -0.976451  -0.21037  0.68071  0.265E-08  0.224E-05  pot  S   0.1000
       165  -0.976451  -0.21038  0.68071  0.234E-08  0.202E-05  pot  S   0.1000
       166  -0.976451  -0.21039  0.68071  0.207E-08  0.182E-05  pot  S   0.1000
       167  -0.976451  -0.21039  0.68071  0.183E-08  0.164E-05  pot  S   0.1000
       168  -0.976451  -0.21040  0.68071  0.162E-08  0.148E-05  pot  S   0.1000
       169  -0.976451  -0.21040  0.68071  0.143E-08  0.133E-05  pot  S   0.1000
       170  -0.976451  -0.21041  0.68071  0.126E-08  0.120E-05  pot  S   0.1000
       171  -0.976451  -0.21041  0.68071  0.112E-08  0.108E-05  pot  S   0.1000
       172  -0.976451  -0.21041  0.68071  0.988E-09  0.976E-06  pot  S   0.1000
       173  -0.976451  -0.21042  0.68071  0.873E-09  0.880E-06  pot  S   0.1000
       174  -0.976451  -0.21042  0.68071  0.772E-09  0.793E-06  pot  S   0.1000
       175  -0.976451  -0.21042  0.68071  0.684E-09  0.715E-06  pot  S   0.1000
       176  -0.976451  -0.21042  0.68071  0.604E-09  0.644E-06  pot  S   0.1000
       177  -0.976451  -0.21042  0.68071  0.536E-09  0.581E-06  pot  S   0.1000
       178  -0.976451  -0.21043  0.68071  0.474E-09  0.524E-06  pot  S   0.1000
       179  -0.976451  -0.21043  0.68071  0.420E-09  0.472E-06  pot  S   0.1000
       180  -0.976451  -0.21043  0.68071  0.373E-09  0.425E-06  pot  S   0.1000
       181  -0.976451  -0.21043  0.68071  0.331E-09  0.383E-06  pot  S   0.1000
       182  -0.976451  -0.21043  0.68071  0.294E-09  0.345E-06  pot  S   0.1000
       183  -0.976451  -0.21043  0.68071  0.261E-09  0.314E-06  pot  S   0.1000
       184  -0.976451  -0.21043  0.68071  0.232E-09  0.281E-06  pot  S   0.1000
       185  -0.976451  -0.21043  0.68071  0.207E-09  0.253E-06  pot  S   0.1000
       186  -0.976451  -0.21043  0.68071  0.184E-09  0.228E-06  pot  S   0.1000
       187  -0.976451  -0.21043  0.68071  0.163E-09  0.206E-06  pot  S   0.1000
       188  -0.976451  -0.21043  0.68071  0.146E-09  0.185E-06  pot  S   0.1000
       189  -0.976451  -0.21043  0.68071  0.130E-09  0.169E-06  pot  S   0.1000
       190  -0.976451  -0.21043  0.68071  0.115E-09  0.150E-06  pot  S   0.1000
       191  -0.976451  -0.21043  0.68071  0.103E-09  0.136E-06  pot  S   0.1000
       192  -0.976451  -0.21043  0.68071  0.923E-10  0.123E-06  pot  S   0.1000
       193  -0.976451  -0.21043  0.68071  0.823E-10  0.110E-06  pot  S   0.1000
       194  -0.976451  -0.21043  0.68071  0.733E-10  0.102E-06  pot  S   0.1000
       195  -0.976451  -0.21043  0.68071  0.655E-10  0.923E-07  pot  S   0.1000
**     196  -0.981182  -0.28283  0.68283  0.411E-03  0.197E-03  pot  S   0.1000
       197  -0.981098  -0.24540  0.68135  0.193E-04  0.610E-04  pot  S   0.1000
       198  -0.981116  -0.25062  0.68180  0.805E-05  0.883E-04  pot  S   0.1000
       199  -0.981102  -0.23971  0.68162  0.413E-05  0.509E-04  pot  S   0.1000
       200  -0.981102  -0.23675  0.68155  0.802E-06  0.417E-04  pot  S   0.1000
       201  -0.981102  -0.23401  0.68149  0.681E-06  0.325E-04  pot  S   0.1000
       202  -0.981101  -0.23226  0.68144  0.451E-06  0.262E-04  pot  S   0.1000
       203  -0.981100  -0.23104  0.68141  0.335E-06  0.213E-04  pot  S   0.1000
       204  -0.981100  -0.23023  0.68138  0.243E-06  0.177E-04  pot  S   0.1000
       205  -0.981099  -0.22970  0.68136  0.178E-06  0.149E-04  pot  S   0.1000
       206  -0.981099  -0.22937  0.68135  0.132E-06  0.127E-04  pot  S   0.1000
       207  -0.981098  -0.22917  0.68133  0.993E-07  0.109E-04  pot  S   0.1000
       208  -0.981098  -0.22908  0.68133  0.762E-07  0.952E-05  pot  S   0.1000
       209  -0.981097  -0.22904  0.68132  0.600E-07  0.835E-05  pot  S   0.1000
       210  -0.981097  -0.22905  0.68131  0.485E-07  0.736E-05  pot  S   0.1000
       211  -0.981096  -0.22909  0.68131  0.402E-07  0.652E-05  pot  S   0.1000
       212  -0.981096  -0.22913  0.68130  0.340E-07  0.580E-05  pot  S   0.1000
       213  -0.981096  -0.22919  0.68130  0.293E-07  0.517E-05  pot  S   0.1000
       214  -0.981095  -0.22925  0.68130  0.255E-07  0.461E-05  pot  S   0.1000
       215  -0.981095  -0.22931  0.68130  0.223E-07  0.413E-05  pot  S   0.1000
       216  -0.981095  -0.22937  0.68130  0.197E-07  0.369E-05  pot  S   0.1000
       217  -0.981095  -0.22942  0.68130  0.173E-07  0.331E-05  pot  S   0.1000
       218  -0.981095  -0.22947  0.68129  0.153E-07  0.297E-05  pot  S   0.1000
       219  -0.981094  -0.22952  0.68129  0.135E-07  0.266E-05  pot  S   0.1000
       220  -0.981094  -0.22956  0.68129  0.119E-07  0.239E-05  pot  S   0.1000
       221  -0.981094  -0.22959  0.68129  0.104E-07  0.215E-05  pot  S   0.1000
       222  -0.981094  -0.22962  0.68129  0.919E-08  0.193E-05  pot  S   0.1000
       223  -0.981094  -0.22965  0.68129  0.808E-08  0.173E-05  pot  S   0.1000
       224  -0.981094  -0.22968  0.68129  0.711E-08  0.156E-05  pot  S   0.1000
       225  -0.981094  -0.22970  0.68129  0.625E-08  0.140E-05  pot  S   0.1000
       226  -0.981094  -0.22972  0.68129  0.549E-08  0.126E-05  pot  S   0.1000
       227  -0.981093  -0.22973  0.68129  0.482E-08  0.113E-05  pot  S   0.1000
       228  -0.981093  -0.22975  0.68129  0.423E-08  0.102E-05  pot  S   0.1000
       229  -0.981093  -0.22976  0.68129  0.372E-08  0.918E-06  pot  S   0.1000
       230  -0.981093  -0.22977  0.68129  0.326E-08  0.826E-06  pot  S   0.1000
       231  -0.981093  -0.22978  0.68129  0.287E-08  0.744E-06  pot  S   0.1000
       232  -0.981093  -0.22979  0.68129  0.252E-08  0.669E-06  pot  S   0.1000
       233  -0.981093  -0.22980  0.68129  0.222E-08  0.603E-06  pot  S   0.1000
       234  -0.981093  -0.22980  0.68129  0.195E-08  0.542E-06  pot  S   0.1000
       235  -0.981093  -0.22981  0.68129  0.171E-08  0.489E-06  pot  S   0.1000
       236  -0.981093  -0.22981  0.68129  0.151E-08  0.441E-06  pot  S   0.1000
       237  -0.981093  -0.22981  0.68129  0.133E-08  0.397E-06  pot  S   0.1000
       238  -0.981093  -0.22982  0.68129  0.117E-08  0.358E-06  pot  S   0.1000
       239  -0.981093  -0.22982  0.68129  0.103E-08  0.322E-06  pot  S   0.1000
       240  -0.981093  -0.22982  0.68129  0.912E-09  0.289E-06  pot  S   0.1000
       241  -0.981093  -0.22982  0.68129  0.805E-09  0.262E-06  pot  S   0.1000
       242  -0.981093  -0.22983  0.68129  0.711E-09  0.235E-06  pot  S   0.1000
       243  -0.981093  -0.22983  0.68129  0.628E-09  0.212E-06  pot  S   0.1000
       244  -0.981093  -0.22983  0.68129  0.556E-09  0.192E-06  pot  S   0.1000
       245  -0.981093  -0.22983  0.68129  0.492E-09  0.172E-06  pot  S   0.1000
       246  -0.981093  -0.22983  0.68129  0.436E-09  0.155E-06  pot  S   0.1000
       247  -0.981093  -0.22983  0.68129  0.386E-09  0.148E-06  pot  S   0.1000
       248  -0.981093  -0.22983  0.68129  0.342E-09  0.127E-06  pot  S   0.1000
       249  -0.981093  -0.22983  0.68129  0.304E-09  0.115E-06  pot  S   0.1000
       250  -0.981093  -0.22983  0.68129  0.270E-09  0.103E-06  pot  S   0.1000
       251  -0.981093  -0.22983  0.68129  0.240E-09  0.105E-06  pot  S   0.1000
       252  -0.981093  -0.22983  0.68129  0.213E-09  0.948E-07  pot  S   0.1000
**     253  -0.978107  -0.34273  0.68954  0.386E-03  0.476E-02  pot  S   0.1000
       254  -0.977725   0.21696  0.68433  0.219E-03  0.158E-02  pot  S   0.1000
       255  -0.976696  -0.11008  0.67736  0.144E-03  0.288E-03  pot  S   0.1000
       256  -0.976646  -0.22861  0.68029  0.101E-03  0.225E-03  pot  S   0.1000
       257  -0.976406  -0.11351  0.67847  0.961E-04  0.293E-03  pot  S   0.1000
       258  -0.976501  -0.17007  0.67994  0.280E-04  0.922E-04  pot  S   0.1000
       259  -0.976441  -0.16528  0.67984  0.134E-04  0.133E-03  pot  S   0.1000
       260  -0.976452  -0.18121  0.68008  0.439E-05  0.858E-04  pot  S   0.1000
       261  -0.976451  -0.18909  0.68023  0.162E-05  0.654E-04  pot  S   0.1000
       262  -0.976451  -0.19502  0.68034  0.122E-05  0.497E-04  pot  S   0.1000
       263  -0.976451  -0.19930  0.68042  0.882E-06  0.383E-04  pot  S   0.1000
       264  -0.976451  -0.20240  0.68049  0.638E-06  0.299E-04  pot  S   0.1000
       265  -0.976451  -0.20464  0.68053  0.462E-06  0.236E-04  pot  S   0.1000
       266  -0.976451  -0.20627  0.68057  0.335E-06  0.190E-04  pot  S   0.1000
       267  -0.976451  -0.20745  0.68060  0.243E-06  0.156E-04  pot  S   0.1000
       268  -0.976451  -0.20830  0.68062  0.176E-06  0.129E-04  pot  S   0.1000
       269  -0.976451  -0.20891  0.68064  0.128E-06  0.109E-04  pot  S   0.1000
       270  -0.976451  -0.20935  0.68065  0.940E-07  0.929E-05  pot  S   0.1000
       271  -0.976451  -0.20967  0.68066  0.695E-07  0.801E-05  pot  S   0.1000
       272  -0.976451  -0.20990  0.68067  0.522E-07  0.697E-05  pot  S   0.1000
       273  -0.976451  -0.21006  0.68068  0.400E-07  0.611E-05  pot  S   0.1000
       274  -0.976451  -0.21017  0.68068  0.316E-07  0.538E-05  pot  S   0.1000
       275  -0.976451  -0.21025  0.68069  0.257E-07  0.476E-05  pot  S   0.1000
       276  -0.976451  -0.21031  0.68069  0.215E-07  0.423E-05  pot  S   0.1000
       277  -0.976451  -0.21035  0.68069  0.185E-07  0.377E-05  pot  S   0.1000
       278  -0.976451  -0.21038  0.68070  0.163E-07  0.336E-05  pot  S   0.1000
       279  -0.976451  -0.21040  0.68070  0.144E-07  0.300E-05  pot  S   0.1000
       280  -0.976451  -0.21041  0.68070  0.129E-07  0.269E-05  pot  S   0.1000
       281  -0.976451  -0.21042  0.68070  0.116E-07  0.241E-05  pot  S   0.1000
       282  -0.976451  -0.21042  0.68070  0.105E-07  0.216E-05  pot  S   0.1000
       283  -0.976451  -0.21043  0.68070  0.945E-08  0.193E-05  pot  S   0.1000
       284  -0.976451  -0.21043  0.68071  0.852E-08  0.174E-05  pot  S   0.1000
       285  -0.976451  -0.21043  0.68071  0.768E-08  0.156E-05  pot  S   0.1000
       286  -0.976451  -0.21043  0.68071  0.692E-08  0.140E-05  pot  S   0.1000
       287  -0.976451  -0.21043  0.68071  0.623E-08  0.126E-05  pot  S   0.1000
       288  -0.976451  -0.21043  0.68071  0.560E-08  0.113E-05  pot  S   0.1000
       289  -0.976451  -0.21043  0.68071  0.504E-08  0.101E-05  pot  S   0.1000
       290  -0.976451  -0.21043  0.68071  0.453E-08  0.912E-06  pot  S   0.1000
       291  -0.976451  -0.21043  0.68071  0.407E-08  0.819E-06  pot  S   0.1000
       292  -0.976451  -0.21043  0.68071  0.365E-08  0.736E-06  pot  S   0.1000
       293  -0.976451  -0.21043  0.68071  0.328E-08  0.662E-06  pot  S   0.1000
       294  -0.976451  -0.21043  0.68071  0.294E-08  0.595E-06  pot  S   0.1000
       295  -0.976451  -0.21043  0.68071  0.264E-08  0.538E-06  pot  S   0.1000
       296  -0.976451  -0.21043  0.68071  0.237E-08  0.482E-06  pot  S   0.1000
       297  -0.976451  -0.21043  0.68071  0.213E-08  0.433E-06  pot  S   0.1000
       298  -0.976451  -0.21043  0.68071  0.191E-08  0.390E-06  pot  S   0.1000
       299  -0.976451  -0.21043  0.68071  0.171E-08  0.351E-06  pot  S   0.1000
       300  -0.976451  -0.21043  0.68071  0.154E-08  0.319E-06  pot  S   0.1000
       301  -0.976451  -0.21043  0.68071  0.138E-08  0.284E-06  pot  S   0.1000
       302  -0.976451  -0.21043  0.68071  0.124E-08  0.256E-06  pot  S   0.1000
       303  -0.976451  -0.21043  0.68071  0.111E-08  0.235E-06  pot  S   0.1000
       304  -0.976451  -0.21043  0.68071  0.995E-09  0.211E-06  pot  S   0.1000
       305  -0.976451  -0.21043  0.68071  0.892E-09  0.187E-06  pot  S   0.1000
       306  -0.976451  -0.21043  0.68071  0.800E-09  0.168E-06  pot  S   0.1000
       307  -0.976451  -0.21043  0.68071  0.718E-09  0.152E-06  pot  S   0.1000
       308  -0.976451  -0.21043  0.68071  0.643E-09  0.142E-06  pot  S   0.1000
       309  -0.976451  -0.21043  0.68071  0.578E-09  0.123E-06  pot  S   0.1000
       310  -0.976451  -0.21043  0.68071  0.518E-09  0.112E-06  pot  S   0.1000
       311  -0.976451  -0.21043  0.68071  0.464E-09  0.101E-06  pot  S   0.1000
       312  -0.976451  -0.21043  0.68071  0.417E-09  0.932E-07  pot  S   0.1000
