Atomic site index   :    1
Atomic species name : Nb              
----------------------------------------------------
Fermi energy      :  0.63539202                             
Species index     :  2                                      
Num Energy Points :   300                                   
----------------------------------------------------
    Energy     DOS_total        DOS_up      DOS_down
 -0.400000  0.195477E-01  0.977385E-02  0.977385E-02
 -0.395318  0.196169E-01  0.980845E-02  0.980845E-02
 -0.390635  0.196880E-01  0.984399E-02  0.984399E-02
 -0.385953  0.197610E-01  0.988048E-02  0.988048E-02
 -0.381271  0.198359E-01  0.991795E-02  0.991795E-02
 -0.376589  0.199128E-01  0.995639E-02  0.995639E-02
 -0.371906  0.199916E-01  0.999582E-02  0.999582E-02
 -0.367224  0.200725E-01  0.100363E-01  0.100363E-01
 -0.362542  0.201554E-01  0.100777E-01  0.100777E-01
 -0.357860  0.202404E-01  0.101202E-01  0.101202E-01
 -0.353177  0.203274E-01  0.101637E-01  0.101637E-01
 -0.348495  0.204166E-01  0.102083E-01  0.102083E-01
 -0.343813  0.205079E-01  0.102539E-01  0.102539E-01
 -0.339130  0.206014E-01  0.103007E-01  0.103007E-01
 -0.334448  0.206971E-01  0.103485E-01  0.103485E-01
 -0.329766  0.207950E-01  0.103975E-01  0.103975E-01
 -0.325084  0.208952E-01  0.104476E-01  0.104476E-01
 -0.320401  0.209977E-01  0.104989E-01  0.104989E-01
 -0.315719  0.211026E-01  0.105513E-01  0.105513E-01
 -0.311037  0.212098E-01  0.106049E-01  0.106049E-01
 -0.306355  0.213195E-01  0.106597E-01  0.106597E-01
 -0.301672  0.214316E-01  0.107158E-01  0.107158E-01
 -0.296990  0.215463E-01  0.107731E-01  0.107731E-01
 -0.292308  0.216635E-01  0.108317E-01  0.108317E-01
 -0.287625  0.217833E-01  0.108916E-01  0.108916E-01
 -0.282943  0.219058E-01  0.109529E-01  0.109529E-01
 -0.278261  0.220309E-01  0.110155E-01  0.110155E-01
 -0.273579  0.221588E-01  0.110794E-01  0.110794E-01
 -0.268896  0.222895E-01  0.111447E-01  0.111447E-01
 -0.264214  0.224230E-01  0.112115E-01  0.112115E-01
 -0.259532  0.225595E-01  0.112797E-01  0.112797E-01
 -0.254849  0.226989E-01  0.113495E-01  0.113495E-01
 -0.250167  0.228414E-01  0.114207E-01  0.114207E-01
 -0.245485  0.229869E-01  0.114935E-01  0.114935E-01
 -0.240803  0.231356E-01  0.115678E-01  0.115678E-01
 -0.236120  0.232875E-01  0.116438E-01  0.116438E-01
 -0.231438  0.234427E-01  0.117214E-01  0.117214E-01
 -0.226756  0.236013E-01  0.118007E-01  0.118007E-01
 -0.222074  0.237633E-01  0.118817E-01  0.118817E-01
 -0.217391  0.239288E-01  0.119644E-01  0.119644E-01
 -0.212709  0.240980E-01  0.120490E-01  0.120490E-01
 -0.208027  0.242708E-01  0.121354E-01  0.121354E-01
 -0.203344  0.244473E-01  0.122237E-01  0.122237E-01
 -0.198662  0.246277E-01  0.123139E-01  0.123139E-01
 -0.193980  0.248121E-01  0.124060E-01  0.124060E-01
 -0.189298  0.250004E-01  0.125002E-01  0.125002E-01
 -0.184615  0.251930E-01  0.125965E-01  0.125965E-01
 -0.179933  0.253897E-01  0.126949E-01  0.126949E-01
 -0.175251  0.255908E-01  0.127954E-01  0.127954E-01
 -0.170569  0.257964E-01  0.128982E-01  0.128982E-01
 -0.165886  0.260065E-01  0.130033E-01  0.130033E-01
 -0.161204  0.262214E-01  0.131107E-01  0.131107E-01
 -0.156522  0.264410E-01  0.132205E-01  0.132205E-01
 -0.151839  0.266656E-01  0.133328E-01  0.133328E-01
 -0.147157  0.268953E-01  0.134476E-01  0.134476E-01
 -0.142475  0.271302E-01  0.135651E-01  0.135651E-01
 -0.137793  0.273704E-01  0.136852E-01  0.136852E-01
 -0.133110  0.276162E-01  0.138081E-01  0.138081E-01
 -0.128428  0.278676E-01  0.139338E-01  0.139338E-01
 -0.123746  0.281249E-01  0.140625E-01  0.140625E-01
 -0.119064  0.283882E-01  0.141941E-01  0.141941E-01
 -0.114381  0.286577E-01  0.143288E-01  0.143288E-01
 -0.109699  0.289335E-01  0.144667E-01  0.144667E-01
 -0.105017  0.292159E-01  0.146079E-01  0.146079E-01
 -0.100334  0.295050E-01  0.147525E-01  0.147525E-01
 -0.095652  0.298012E-01  0.149006E-01  0.149006E-01
 -0.090970  0.301045E-01  0.150522E-01  0.150522E-01
 -0.086288  0.304152E-01  0.152076E-01  0.152076E-01
 -0.081605  0.307336E-01  0.153668E-01  0.153668E-01
 -0.076923  0.310600E-01  0.155300E-01  0.155300E-01
 -0.072241  0.313944E-01  0.156972E-01  0.156972E-01
 -0.067559  0.317374E-01  0.158687E-01  0.158687E-01
 -0.062876  0.320890E-01  0.160445E-01  0.160445E-01
 -0.058194  0.324497E-01  0.162249E-01  0.162249E-01
 -0.053512  0.328198E-01  0.164099E-01  0.164099E-01
 -0.048829  0.331995E-01  0.165998E-01  0.165998E-01
 -0.044147  0.335893E-01  0.167947E-01  0.167947E-01
 -0.039465  0.339895E-01  0.169947E-01  0.169947E-01
 -0.034783  0.344004E-01  0.172002E-01  0.172002E-01
 -0.030100  0.348226E-01  0.174113E-01  0.174113E-01
 -0.025418  0.352563E-01  0.176281E-01  0.176281E-01
 -0.020736  0.357021E-01  0.178510E-01  0.178510E-01
 -0.016054  0.361604E-01  0.180802E-01  0.180802E-01
 -0.011371  0.366318E-01  0.183159E-01  0.183159E-01
 -0.006689  0.371167E-01  0.185583E-01  0.185583E-01
 -0.002007  0.376157E-01  0.188079E-01  0.188079E-01
  0.002676  0.381295E-01  0.190647E-01  0.190647E-01
  0.007358  0.386583E-01  0.193292E-01  0.193292E-01
  0.012040  0.392033E-01  0.196016E-01  0.196016E-01
  0.016722  0.397649E-01  0.198825E-01  0.198825E-01
  0.021405  0.403440E-01  0.201720E-01  0.201720E-01
  0.026087  0.409413E-01  0.204706E-01  0.204706E-01
  0.030769  0.415576E-01  0.207788E-01  0.207788E-01
  0.035452  0.421938E-01  0.210969E-01  0.210969E-01
  0.040134  0.428510E-01  0.214255E-01  0.214255E-01
  0.044816  0.435301E-01  0.217651E-01  0.217651E-01
  0.049498  0.442322E-01  0.221161E-01  0.221161E-01
  0.054181  0.449585E-01  0.224793E-01  0.224793E-01
  0.058863  0.457103E-01  0.228551E-01  0.228551E-01
  0.063545  0.464888E-01  0.232444E-01  0.232444E-01
  0.068227  0.472957E-01  0.236478E-01  0.236478E-01
  0.072910  0.481324E-01  0.240662E-01  0.240662E-01
  0.077592  0.490007E-01  0.245003E-01  0.245003E-01
  0.082274  0.499023E-01  0.249512E-01  0.249512E-01
  0.086957  0.508395E-01  0.254197E-01  0.254197E-01
  0.091639  0.518143E-01  0.259071E-01  0.259071E-01
  0.096321  0.528292E-01  0.264146E-01  0.264146E-01
  0.101003  0.538868E-01  0.269434E-01  0.269434E-01
  0.105686  0.549900E-01  0.274950E-01  0.274950E-01
  0.110368  0.561422E-01  0.280711E-01  0.280711E-01
  0.115050  0.573468E-01  0.286734E-01  0.286734E-01
  0.119732  0.586080E-01  0.293040E-01  0.293040E-01
  0.124415  0.599302E-01  0.299651E-01  0.299651E-01
  0.129097  0.613186E-01  0.306593E-01  0.306593E-01
  0.133779  0.627790E-01  0.313895E-01  0.313895E-01
  0.138462  0.643180E-01  0.321590E-01  0.321590E-01
  0.143144  0.659441E-01  0.329720E-01  0.329720E-01
  0.147826  0.676651E-01  0.338326E-01  0.338326E-01
  0.152508  0.694923E-01  0.347462E-01  0.347462E-01
  0.157191  0.714386E-01  0.357193E-01  0.357193E-01
  0.161873  0.735195E-01  0.367597E-01  0.367597E-01
  0.166555  0.757544E-01  0.378772E-01  0.378772E-01
  0.171237  0.781677E-01  0.390839E-01  0.390839E-01
  0.175920  0.807914E-01  0.403957E-01  0.403957E-01
  0.180602  0.836678E-01  0.418339E-01  0.418339E-01
  0.185284  0.868558E-01  0.434279E-01  0.434279E-01
  0.189967  0.904408E-01  0.452204E-01  0.452204E-01
  0.194649  0.945532E-01  0.472766E-01  0.472766E-01
  0.199331  0.994080E-01  0.497040E-01  0.497040E-01
  0.204013  0.105396E+00  0.526978E-01  0.526978E-01
  0.208696  0.113329E+00  0.566645E-01  0.566645E-01
  0.213378  0.125295E+00  0.626477E-01  0.626477E-01
  0.218060  0.148899E+00  0.744494E-01  0.744494E-01
  0.222742  0.226099E+00  0.113049E+00  0.113049E+00
  0.227425  0.294463E+00  0.147231E+00  0.147231E+00
  0.232107  0.395800E+00  0.197900E+00  0.197900E+00
  0.236789  0.530483E+00  0.265242E+00  0.265242E+00
  0.241472  0.537064E+00  0.268532E+00  0.268532E+00
  0.246154  0.423046E+00  0.211523E+00  0.211523E+00
  0.250836  0.718343E+00  0.359171E+00  0.359171E+00
  0.255518  0.766591E+00  0.383296E+00  0.383296E+00
  0.260201  0.807362E+00  0.403681E+00  0.403681E+00
  0.264883  0.800406E+00  0.400203E+00  0.400203E+00
  0.269565  0.620870E+00  0.310435E+00  0.310435E+00
  0.274247  0.871944E+00  0.435972E+00  0.435972E+00
  0.278930  0.113315E+01  0.566573E+00  0.566573E+00
  0.283612  0.111798E+01  0.558991E+00  0.558991E+00
  0.288294  0.119491E+01  0.597453E+00  0.597453E+00
  0.292977  0.105823E+01  0.529115E+00  0.529115E+00
  0.297659  0.941714E+00  0.470857E+00  0.470857E+00
  0.302341  0.114915E+01  0.574573E+00  0.574573E+00
  0.307023  0.141224E+01  0.706121E+00  0.706121E+00
  0.311706  0.165658E+01  0.828292E+00  0.828292E+00
  0.316388  0.150698E+01  0.753488E+00  0.753488E+00
  0.321070  0.155651E+01  0.778255E+00  0.778255E+00
  0.325753  0.170838E+01  0.854191E+00  0.854191E+00
  0.330435  0.157859E+01  0.789297E+00  0.789297E+00
  0.335117  0.159823E+01  0.799116E+00  0.799116E+00
  0.339799  0.194871E+01  0.974357E+00  0.974357E+00
  0.344482  0.229637E+01  0.114819E+01  0.114819E+01
  0.349164  0.249318E+01  0.124659E+01  0.124659E+01
  0.353846  0.250083E+01  0.125042E+01  0.125042E+01
  0.358528  0.268093E+01  0.134047E+01  0.134047E+01
  0.363211  0.312315E+01  0.156158E+01  0.156158E+01
  0.367893  0.356677E+01  0.178338E+01  0.178338E+01
  0.372575  0.449191E+01  0.224595E+01  0.224595E+01
  0.377258  0.610995E+01  0.305498E+01  0.305498E+01
  0.381940  0.804709E+01  0.402354E+01  0.402354E+01
  0.386622  0.984297E+01  0.492149E+01  0.492149E+01
  0.391304  0.113290E+02  0.566448E+01  0.566448E+01
  0.395987  0.125679E+02  0.628395E+01  0.628395E+01
  0.400669  0.136280E+02  0.681399E+01  0.681399E+01
  0.405351  0.145378E+02  0.726888E+01  0.726888E+01
  0.410033  0.153329E+02  0.766644E+01  0.766644E+01
  0.414716  0.160916E+02  0.804579E+01  0.804579E+01
  0.419398  0.168166E+02  0.840832E+01  0.840832E+01
  0.424080  0.174620E+02  0.873099E+01  0.873099E+01
  0.428763  0.179772E+02  0.898858E+01  0.898858E+01
  0.433445  0.183258E+02  0.916291E+01  0.916291E+01
  0.438127  0.185500E+02  0.927502E+01  0.927502E+01
  0.442809  0.187400E+02  0.937002E+01  0.937002E+01
  0.447492  0.189011E+02  0.945055E+01  0.945055E+01
  0.452174  0.189701E+02  0.948503E+01  0.948503E+01
  0.456856  0.189339E+02  0.946693E+01  0.946693E+01
  0.461538  0.188316E+02  0.941582E+01  0.941582E+01
  0.466221  0.186792E+02  0.933960E+01  0.933960E+01
  0.470903  0.184579E+02  0.922894E+01  0.922894E+01
  0.475585  0.181388E+02  0.906940E+01  0.906940E+01
  0.480268  0.176975E+02  0.884874E+01  0.884874E+01
  0.484950  0.171943E+02  0.859716E+01  0.859716E+01
  0.489632  0.167645E+02  0.838226E+01  0.838226E+01
  0.494314  0.162839E+02  0.814196E+01  0.814196E+01
  0.498997  0.155365E+02  0.776823E+01  0.776823E+01
  0.503679  0.145915E+02  0.729576E+01  0.729576E+01
  0.508361  0.139441E+02  0.697205E+01  0.697205E+01
  0.513043  0.138875E+02  0.694376E+01  0.694376E+01
  0.517726  0.147995E+02  0.739976E+01  0.739976E+01
  0.522408  0.172305E+02  0.861524E+01  0.861524E+01
  0.527090  0.198327E+02  0.991635E+01  0.991635E+01
  0.531773  0.218077E+02  0.109039E+02  0.109039E+02
  0.536455  0.230698E+02  0.115349E+02  0.115349E+02
  0.541137  0.237312E+02  0.118656E+02  0.118656E+02
  0.545819  0.239440E+02  0.119720E+02  0.119720E+02
  0.550502  0.238254E+02  0.119127E+02  0.119127E+02
  0.555184  0.234399E+02  0.117199E+02  0.117199E+02
  0.559866  0.228530E+02  0.114265E+02  0.114265E+02
  0.564548  0.221289E+02  0.110645E+02  0.110645E+02
  0.569231  0.213574E+02  0.106787E+02  0.106787E+02
  0.573913  0.206542E+02  0.103271E+02  0.103271E+02
  0.578595  0.201057E+02  0.100528E+02  0.100528E+02
  0.583278  0.197304E+02  0.986518E+01  0.986518E+01
  0.587960  0.194451E+02  0.972255E+01  0.972255E+01
  0.592642  0.192244E+02  0.961222E+01  0.961222E+01
  0.597324  0.190686E+02  0.953432E+01  0.953432E+01
  0.602007  0.190497E+02  0.952483E+01  0.952483E+01
  0.606689  0.193491E+02  0.967455E+01  0.967455E+01
  0.611371  0.199130E+02  0.995648E+01  0.995648E+01
  0.616054  0.204459E+02  0.102230E+02  0.102230E+02
  0.620736  0.206841E+02  0.103420E+02  0.103420E+02
  0.625418  0.206667E+02  0.103334E+02  0.103334E+02
  0.630100  0.203892E+02  0.101946E+02  0.101946E+02
  0.634783  0.197027E+02  0.985135E+01  0.985135E+01
  0.639465  0.186488E+02  0.932441E+01  0.932441E+01
  0.644147  0.173319E+02  0.866594E+01  0.866594E+01
  0.648829  0.159201E+02  0.796005E+01  0.796005E+01
  0.653512  0.146375E+02  0.731874E+01  0.731874E+01
  0.658194  0.135676E+02  0.678382E+01  0.678382E+01
  0.662876  0.126725E+02  0.633626E+01  0.633626E+01
  0.667559  0.116771E+02  0.583856E+01  0.583856E+01
  0.672241  0.107455E+02  0.537274E+01  0.537274E+01
  0.676923  0.967798E+01  0.483899E+01  0.483899E+01
  0.681605  0.853908E+01  0.426954E+01  0.426954E+01
  0.686288  0.778705E+01  0.389352E+01  0.389352E+01
  0.690970  0.752676E+01  0.376338E+01  0.376338E+01
  0.695652  0.753923E+01  0.376961E+01  0.376961E+01
  0.700334  0.724630E+01  0.362315E+01  0.362315E+01
  0.705017  0.618019E+01  0.309010E+01  0.309010E+01
  0.709699  0.555527E+01  0.277764E+01  0.277764E+01
  0.714381  0.614698E+01  0.307349E+01  0.307349E+01
  0.719064  0.681442E+01  0.340721E+01  0.340721E+01
  0.723746  0.809231E+01  0.404616E+01  0.404616E+01
  0.728428  0.890184E+01  0.445092E+01  0.445092E+01
  0.733110  0.982485E+01  0.491242E+01  0.491242E+01
  0.737793  0.101437E+02  0.507186E+01  0.507186E+01
  0.742475  0.100751E+02  0.503757E+01  0.503757E+01
  0.747157  0.102495E+02  0.512474E+01  0.512474E+01
  0.751839  0.114474E+02  0.572371E+01  0.572371E+01
  0.756522  0.126332E+02  0.631658E+01  0.631658E+01
  0.761204  0.133218E+02  0.666090E+01  0.666090E+01
  0.765886  0.135909E+02  0.679546E+01  0.679546E+01
  0.770569  0.137109E+02  0.685545E+01  0.685545E+01
  0.775251  0.139868E+02  0.699341E+01  0.699341E+01
  0.779933  0.144079E+02  0.720393E+01  0.720393E+01
  0.784615  0.149642E+02  0.748212E+01  0.748212E+01
  0.789298  0.156092E+02  0.780461E+01  0.780461E+01
  0.793980  0.162071E+02  0.810354E+01  0.810354E+01
  0.798662  0.166843E+02  0.834213E+01  0.834213E+01
  0.803344  0.170248E+02  0.851242E+01  0.851242E+01
  0.808027  0.171996E+02  0.859980E+01  0.859980E+01
  0.812709  0.172266E+02  0.861329E+01  0.861329E+01
  0.817391  0.172394E+02  0.861968E+01  0.861968E+01
  0.822074  0.173901E+02  0.869503E+01  0.869503E+01
  0.826756  0.177217E+02  0.886084E+01  0.886084E+01
  0.831438  0.181917E+02  0.909584E+01  0.909584E+01
  0.836120  0.187492E+02  0.937460E+01  0.937460E+01
  0.840803  0.193579E+02  0.967897E+01  0.967897E+01
  0.845485  0.199866E+02  0.999329E+01  0.999329E+01
  0.850167  0.206021E+02  0.103011E+02  0.103011E+02
  0.854849  0.211714E+02  0.105857E+02  0.105857E+02
  0.859532  0.216720E+02  0.108360E+02  0.108360E+02
  0.864214  0.221107E+02  0.110554E+02  0.110554E+02
  0.868896  0.225211E+02  0.112606E+02  0.112606E+02
  0.873579  0.229195E+02  0.114598E+02  0.114598E+02
  0.878261  0.232783E+02  0.116391E+02  0.116391E+02
  0.882943  0.235440E+02  0.117720E+02  0.117720E+02
  0.887625  0.236567E+02  0.118284E+02  0.118284E+02
  0.892308  0.235586E+02  0.117793E+02  0.117793E+02
  0.896990  0.232014E+02  0.116007E+02  0.116007E+02
  0.901672  0.225569E+02  0.112784E+02  0.112784E+02
  0.906355  0.216334E+02  0.108167E+02  0.108167E+02
  0.911037  0.204910E+02  0.102455E+02  0.102455E+02
  0.915719  0.192336E+02  0.961681E+01  0.961681E+01
  0.920401  0.179717E+02  0.898585E+01  0.898585E+01
  0.925084  0.167864E+02  0.839321E+01  0.839321E+01
  0.929766  0.156997E+02  0.784986E+01  0.784986E+01
  0.934448  0.146779E+02  0.733893E+01  0.733893E+01
  0.939130  0.137349E+02  0.686747E+01  0.686747E+01
  0.943813  0.129747E+02  0.648736E+01  0.648736E+01
  0.948495  0.123737E+02  0.618683E+01  0.618683E+01
  0.953177  0.117919E+02  0.589596E+01  0.589596E+01
  0.957860  0.111839E+02  0.559196E+01  0.559196E+01
  0.962542  0.106213E+02  0.531066E+01  0.531066E+01
  0.967224  0.101667E+02  0.508334E+01  0.508334E+01
  0.971906  0.978090E+01  0.489045E+01  0.489045E+01
  0.976589  0.943688E+01  0.471844E+01  0.471844E+01
  0.981271  0.915795E+01  0.457898E+01  0.457898E+01
  0.985953  0.883310E+01  0.441655E+01  0.441655E+01
  0.990635  0.838309E+01  0.419154E+01  0.419154E+01
  0.995318  0.788369E+01  0.394185E+01  0.394185E+01
  1.000000  0.741504E+01  0.370752E+01  0.370752E+01
