This file contains single site DOS for a stand-alone atom, i.e., in vacuum
Atomic index in the system :   1
----------------------------------------------------
Fermi energy     :  0.63539202                              
Species index    :  3                                       
Num Energy Points:   300                                    
----------------------------------------------------
    Energy     DOS_total        DOS_up      DOS_down
 -0.400000  0.000000E+00  0.000000E+00  0.000000E+00
 -0.395318  0.000000E+00  0.000000E+00  0.000000E+00
 -0.390635  0.000000E+00  0.000000E+00  0.000000E+00
 -0.385953  0.000000E+00  0.000000E+00  0.000000E+00
 -0.381271  0.000000E+00  0.000000E+00  0.000000E+00
 -0.376589  0.000000E+00  0.000000E+00  0.000000E+00
 -0.371906  0.000000E+00  0.000000E+00  0.000000E+00
 -0.367224  0.000000E+00  0.000000E+00  0.000000E+00
 -0.362542  0.000000E+00  0.000000E+00  0.000000E+00
 -0.357860  0.000000E+00  0.000000E+00  0.000000E+00
 -0.353177  0.000000E+00  0.000000E+00  0.000000E+00
 -0.348495  0.000000E+00  0.000000E+00  0.000000E+00
 -0.343813  0.000000E+00  0.000000E+00  0.000000E+00
 -0.339130  0.000000E+00  0.000000E+00  0.000000E+00
 -0.334448  0.000000E+00  0.000000E+00  0.000000E+00
 -0.329766  0.000000E+00  0.000000E+00  0.000000E+00
 -0.325084  0.000000E+00  0.000000E+00  0.000000E+00
 -0.320401  0.000000E+00  0.000000E+00  0.000000E+00
 -0.315719  0.000000E+00  0.000000E+00  0.000000E+00
 -0.311037  0.000000E+00  0.000000E+00  0.000000E+00
 -0.306355  0.000000E+00  0.000000E+00  0.000000E+00
 -0.301672  0.000000E+00  0.000000E+00  0.000000E+00
 -0.296990  0.000000E+00  0.000000E+00  0.000000E+00
 -0.292308  0.000000E+00  0.000000E+00  0.000000E+00
 -0.287625  0.000000E+00  0.000000E+00  0.000000E+00
 -0.282943  0.000000E+00  0.000000E+00  0.000000E+00
 -0.278261  0.000000E+00  0.000000E+00  0.000000E+00
 -0.273579  0.000000E+00  0.000000E+00  0.000000E+00
 -0.268896  0.000000E+00  0.000000E+00  0.000000E+00
 -0.264214  0.000000E+00  0.000000E+00  0.000000E+00
 -0.259532  0.000000E+00  0.000000E+00  0.000000E+00
 -0.254849  0.000000E+00  0.000000E+00  0.000000E+00
 -0.250167  0.000000E+00  0.000000E+00  0.000000E+00
 -0.245485  0.000000E+00  0.000000E+00  0.000000E+00
 -0.240803  0.000000E+00  0.000000E+00  0.000000E+00
 -0.236120  0.000000E+00  0.000000E+00  0.000000E+00
 -0.231438  0.000000E+00  0.000000E+00  0.000000E+00
 -0.226756  0.000000E+00  0.000000E+00  0.000000E+00
 -0.222074  0.000000E+00  0.000000E+00  0.000000E+00
 -0.217391  0.000000E+00  0.000000E+00  0.000000E+00
 -0.212709  0.000000E+00  0.000000E+00  0.000000E+00
 -0.208027  0.000000E+00  0.000000E+00  0.000000E+00
 -0.203344  0.000000E+00  0.000000E+00  0.000000E+00
 -0.198662  0.000000E+00  0.000000E+00  0.000000E+00
 -0.193980  0.000000E+00  0.000000E+00  0.000000E+00
 -0.189298  0.000000E+00  0.000000E+00  0.000000E+00
 -0.184615  0.000000E+00  0.000000E+00  0.000000E+00
 -0.179933  0.000000E+00  0.000000E+00  0.000000E+00
 -0.175251  0.000000E+00  0.000000E+00  0.000000E+00
 -0.170569  0.000000E+00  0.000000E+00  0.000000E+00
 -0.165886  0.000000E+00  0.000000E+00  0.000000E+00
 -0.161204  0.000000E+00  0.000000E+00  0.000000E+00
 -0.156522  0.000000E+00  0.000000E+00  0.000000E+00
 -0.151839  0.000000E+00  0.000000E+00  0.000000E+00
 -0.147157  0.000000E+00  0.000000E+00  0.000000E+00
 -0.142475  0.000000E+00  0.000000E+00  0.000000E+00
 -0.137793  0.000000E+00  0.000000E+00  0.000000E+00
 -0.133110  0.000000E+00  0.000000E+00  0.000000E+00
 -0.128428  0.000000E+00  0.000000E+00  0.000000E+00
 -0.123746  0.000000E+00  0.000000E+00  0.000000E+00
 -0.119064  0.000000E+00  0.000000E+00  0.000000E+00
 -0.114381  0.000000E+00  0.000000E+00  0.000000E+00
 -0.109699  0.000000E+00  0.000000E+00  0.000000E+00
 -0.105017  0.000000E+00  0.000000E+00  0.000000E+00
 -0.100334  0.000000E+00  0.000000E+00  0.000000E+00
 -0.095652  0.000000E+00  0.000000E+00  0.000000E+00
 -0.090970  0.000000E+00  0.000000E+00  0.000000E+00
 -0.086288  0.000000E+00  0.000000E+00  0.000000E+00
 -0.081605  0.000000E+00  0.000000E+00  0.000000E+00
 -0.076923  0.000000E+00  0.000000E+00  0.000000E+00
 -0.072241  0.000000E+00  0.000000E+00  0.000000E+00
 -0.067559  0.000000E+00  0.000000E+00  0.000000E+00
 -0.062876  0.000000E+00  0.000000E+00  0.000000E+00
 -0.058194  0.000000E+00  0.000000E+00  0.000000E+00
 -0.053512  0.000000E+00  0.000000E+00  0.000000E+00
 -0.048829  0.000000E+00  0.000000E+00  0.000000E+00
 -0.044147  0.000000E+00  0.000000E+00  0.000000E+00
 -0.039465  0.000000E+00  0.000000E+00  0.000000E+00
 -0.034783  0.000000E+00  0.000000E+00  0.000000E+00
 -0.030100  0.000000E+00  0.000000E+00  0.000000E+00
 -0.025418  0.000000E+00  0.000000E+00  0.000000E+00
 -0.020736  0.000000E+00  0.000000E+00  0.000000E+00
 -0.016054  0.000000E+00  0.000000E+00  0.000000E+00
 -0.011371  0.000000E+00  0.000000E+00  0.000000E+00
 -0.006689  0.000000E+00  0.000000E+00  0.000000E+00
 -0.002007  0.000000E+00  0.000000E+00  0.000000E+00
  0.002676  0.868582E-01  0.434291E-01  0.434291E-01
  0.007358  0.146264E+00  0.731318E-01  0.731318E-01
  0.012040  0.189920E+00  0.949602E-01  0.949602E-01
  0.016722  0.227119E+00  0.113559E+00  0.113559E+00
  0.021405  0.260660E+00  0.130330E+00  0.130330E+00
  0.026087  0.291831E+00  0.145916E+00  0.145916E+00
  0.030769  0.321347E+00  0.160674E+00  0.160674E+00
  0.035452  0.349654E+00  0.174827E+00  0.174827E+00
  0.040134  0.377052E+00  0.188526E+00  0.188526E+00
  0.044816  0.403756E+00  0.201878E+00  0.201878E+00
  0.049498  0.429927E+00  0.214963E+00  0.214963E+00
  0.054181  0.455690E+00  0.227845E+00  0.227845E+00
  0.058863  0.481145E+00  0.240572E+00  0.240572E+00
  0.063545  0.506375E+00  0.253187E+00  0.253187E+00
  0.068227  0.531450E+00  0.265725E+00  0.265725E+00
  0.072910  0.556430E+00  0.278215E+00  0.278215E+00
  0.077592  0.581370E+00  0.290685E+00  0.290685E+00
  0.082274  0.606317E+00  0.303159E+00  0.303159E+00
  0.086957  0.631316E+00  0.315658E+00  0.315658E+00
  0.091639  0.656408E+00  0.328204E+00  0.328204E+00
  0.096321  0.681631E+00  0.340815E+00  0.340815E+00
  0.101003  0.707021E+00  0.353511E+00  0.353511E+00
  0.105686  0.732616E+00  0.366308E+00  0.366308E+00
  0.110368  0.758448E+00  0.379224E+00  0.379224E+00
  0.115050  0.784552E+00  0.392276E+00  0.392276E+00
  0.119732  0.810962E+00  0.405481E+00  0.405481E+00
  0.124415  0.837710E+00  0.418855E+00  0.418855E+00
  0.129097  0.864830E+00  0.432415E+00  0.432415E+00
  0.133779  0.892357E+00  0.446178E+00  0.446178E+00
  0.138462  0.920323E+00  0.460162E+00  0.460162E+00
  0.143144  0.948764E+00  0.474382E+00  0.474382E+00
  0.147826  0.977715E+00  0.488857E+00  0.488857E+00
  0.152508  0.100721E+01  0.503606E+00  0.503606E+00
  0.157191  0.103729E+01  0.518646E+00  0.518646E+00
  0.161873  0.106799E+01  0.533996E+00  0.533996E+00
  0.166555  0.109935E+01  0.549677E+00  0.549677E+00
  0.171237  0.113142E+01  0.565708E+00  0.565708E+00
  0.175920  0.116422E+01  0.582111E+00  0.582111E+00
  0.180602  0.119781E+01  0.598907E+00  0.598907E+00
  0.185284  0.123224E+01  0.616118E+00  0.616118E+00
  0.189967  0.126754E+01  0.633769E+00  0.633769E+00
  0.194649  0.130377E+01  0.651884E+00  0.651884E+00
  0.199331  0.134097E+01  0.670487E+00  0.670487E+00
  0.204013  0.137921E+01  0.689606E+00  0.689606E+00
  0.208696  0.141854E+01  0.709268E+00  0.709268E+00
  0.213378  0.145901E+01  0.729503E+00  0.729503E+00
  0.218060  0.150068E+01  0.750339E+00  0.750339E+00
  0.222742  0.154362E+01  0.771810E+00  0.771810E+00
  0.227425  0.158789E+01  0.793947E+00  0.793947E+00
  0.232107  0.163357E+01  0.816786E+00  0.816786E+00
  0.236789  0.168072E+01  0.840362E+00  0.840362E+00
  0.241472  0.172943E+01  0.864715E+00  0.864715E+00
  0.246154  0.177977E+01  0.889883E+00  0.889883E+00
  0.250836  0.183182E+01  0.915909E+00  0.915909E+00
  0.255518  0.188567E+01  0.942837E+00  0.942837E+00
  0.260201  0.194143E+01  0.970713E+00  0.970713E+00
  0.264883  0.199917E+01  0.999585E+00  0.999585E+00
  0.269565  0.205901E+01  0.102950E+01  0.102950E+01
  0.274247  0.212105E+01  0.106053E+01  0.106053E+01
  0.278930  0.218541E+01  0.109271E+01  0.109271E+01
  0.283612  0.225220E+01  0.112610E+01  0.112610E+01
  0.288294  0.232156E+01  0.116078E+01  0.116078E+01
  0.292977  0.239360E+01  0.119680E+01  0.119680E+01
  0.297659  0.246847E+01  0.123424E+01  0.123424E+01
  0.302341  0.254632E+01  0.127316E+01  0.127316E+01
  0.307023  0.262730E+01  0.131365E+01  0.131365E+01
  0.311706  0.271157E+01  0.135578E+01  0.135578E+01
  0.316388  0.279930E+01  0.139965E+01  0.139965E+01
  0.321070  0.289067E+01  0.144533E+01  0.144533E+01
  0.325753  0.298587E+01  0.149293E+01  0.149293E+01
  0.330435  0.308510E+01  0.154255E+01  0.154255E+01
  0.335117  0.318856E+01  0.159428E+01  0.159428E+01
  0.339799  0.329648E+01  0.164824E+01  0.164824E+01
  0.344482  0.340909E+01  0.170455E+01  0.170455E+01
  0.349164  0.352663E+01  0.176332E+01  0.176332E+01
  0.353846  0.364936E+01  0.182468E+01  0.182468E+01
  0.358528  0.377754E+01  0.188877E+01  0.188877E+01
  0.363211  0.391146E+01  0.195573E+01  0.195573E+01
  0.367893  0.405141E+01  0.202571E+01  0.202571E+01
  0.372575  0.419770E+01  0.209885E+01  0.209885E+01
  0.377258  0.435065E+01  0.217533E+01  0.217533E+01
  0.381940  0.451061E+01  0.225530E+01  0.225530E+01
  0.386622  0.467791E+01  0.233896E+01  0.233896E+01
  0.391304  0.485294E+01  0.242647E+01  0.242647E+01
  0.395987  0.503607E+01  0.251804E+01  0.251804E+01
  0.400669  0.522770E+01  0.261385E+01  0.261385E+01
  0.405351  0.542824E+01  0.271412E+01  0.271412E+01
  0.410033  0.563811E+01  0.281905E+01  0.281905E+01
  0.414716  0.585774E+01  0.292887E+01  0.292887E+01
  0.419398  0.608758E+01  0.304379E+01  0.304379E+01
  0.424080  0.632809E+01  0.316404E+01  0.316404E+01
  0.428763  0.657972E+01  0.328986E+01  0.328986E+01
  0.433445  0.684293E+01  0.342147E+01  0.342147E+01
  0.438127  0.711820E+01  0.355910E+01  0.355910E+01
  0.442809  0.740597E+01  0.370298E+01  0.370298E+01
  0.447492  0.770670E+01  0.385335E+01  0.385335E+01
  0.452174  0.802083E+01  0.401041E+01  0.401041E+01
  0.456856  0.834876E+01  0.417438E+01  0.417438E+01
  0.461538  0.869089E+01  0.434544E+01  0.434544E+01
  0.466221  0.904755E+01  0.452378E+01  0.452378E+01
  0.470903  0.941904E+01  0.470952E+01  0.470952E+01
  0.475585  0.980560E+01  0.490280E+01  0.490280E+01
  0.480268  0.102074E+02  0.510369E+01  0.510369E+01
  0.484950  0.106245E+02  0.531223E+01  0.531223E+01
  0.489632  0.110568E+02  0.552840E+01  0.552840E+01
  0.494314  0.115043E+02  0.575213E+01  0.575213E+01
  0.498997  0.119665E+02  0.598326E+01  0.598326E+01
  0.503679  0.124431E+02  0.622157E+01  0.622157E+01
  0.508361  0.129335E+02  0.646675E+01  0.646675E+01
  0.513043  0.134368E+02  0.671838E+01  0.671838E+01
  0.517726  0.139519E+02  0.697595E+01  0.697595E+01
  0.522408  0.144776E+02  0.723881E+01  0.723881E+01
  0.527090  0.150124E+02  0.750620E+01  0.750620E+01
  0.531773  0.155545E+02  0.777725E+01  0.777725E+01
  0.536455  0.161018E+02  0.805091E+01  0.805091E+01
  0.541137  0.166521E+02  0.832604E+01  0.832604E+01
  0.545819  0.172027E+02  0.860135E+01  0.860135E+01
  0.550502  0.177509E+02  0.887543E+01  0.887543E+01
  0.555184  0.182935E+02  0.914675E+01  0.914675E+01
  0.559866  0.188274E+02  0.941368E+01  0.941368E+01
  0.564548  0.193491E+02  0.967453E+01  0.967453E+01
  0.569231  0.198550E+02  0.992752E+01  0.992752E+01
  0.573913  0.203418E+02  0.101709E+02  0.101709E+02
  0.578595  0.208057E+02  0.104028E+02  0.104028E+02
  0.583278  0.212432E+02  0.106216E+02  0.106216E+02
  0.587960  0.216512E+02  0.108256E+02  0.108256E+02
  0.592642  0.220264E+02  0.110132E+02  0.110132E+02
  0.597324  0.223662E+02  0.111831E+02  0.111831E+02
  0.602007  0.226680E+02  0.113340E+02  0.113340E+02
  0.606689  0.229298E+02  0.114649E+02  0.114649E+02
  0.611371  0.231502E+02  0.115751E+02  0.115751E+02
  0.616054  0.233281E+02  0.116640E+02  0.116640E+02
  0.620736  0.234629E+02  0.117314E+02  0.117314E+02
  0.625418  0.235546E+02  0.117773E+02  0.117773E+02
  0.630100  0.236037E+02  0.118019E+02  0.118019E+02
  0.634783  0.236112E+02  0.118056E+02  0.118056E+02
  0.639465  0.235785E+02  0.117892E+02  0.117892E+02
  0.644147  0.235073E+02  0.117536E+02  0.117536E+02
  0.648829  0.233997E+02  0.116999E+02  0.116999E+02
  0.653512  0.232581E+02  0.116291E+02  0.116291E+02
  0.658194  0.230851E+02  0.115426E+02  0.115426E+02
  0.662876  0.228834E+02  0.114417E+02  0.114417E+02
  0.667559  0.226557E+02  0.113279E+02  0.113279E+02
  0.672241  0.224050E+02  0.112025E+02  0.112025E+02
  0.676923  0.221339E+02  0.110670E+02  0.110670E+02
  0.681605  0.218453E+02  0.109226E+02  0.109226E+02
  0.686288  0.215418E+02  0.107709E+02  0.107709E+02
  0.690970  0.212259E+02  0.106129E+02  0.106129E+02
  0.695652  0.209000E+02  0.104500E+02  0.104500E+02
  0.700334  0.205663E+02  0.102832E+02  0.102832E+02
  0.705017  0.202269E+02  0.101134E+02  0.101134E+02
  0.709699  0.198836E+02  0.994180E+01  0.994180E+01
  0.714381  0.195381E+02  0.976907E+01  0.976907E+01
  0.719064  0.191920E+02  0.959601E+01  0.959601E+01
  0.723746  0.188466E+02  0.942331E+01  0.942331E+01
  0.728428  0.185031E+02  0.925155E+01  0.925155E+01
  0.733110  0.181625E+02  0.908127E+01  0.908127E+01
  0.737793  0.178258E+02  0.891292E+01  0.891292E+01
  0.742475  0.174937E+02  0.874687E+01  0.874687E+01
  0.747157  0.171669E+02  0.858347E+01  0.858347E+01
  0.751839  0.168460E+02  0.842298E+01  0.842298E+01
  0.756522  0.165312E+02  0.826562E+01  0.826562E+01
  0.761204  0.162231E+02  0.811157E+01  0.811157E+01
  0.765886  0.159220E+02  0.796098E+01  0.796098E+01
  0.770569  0.156279E+02  0.781396E+01  0.781396E+01
  0.775251  0.153411E+02  0.767056E+01  0.767056E+01
  0.779933  0.150617E+02  0.753085E+01  0.753085E+01
  0.784615  0.147897E+02  0.739485E+01  0.739485E+01
  0.789298  0.145251E+02  0.726256E+01  0.726256E+01
  0.793980  0.142679E+02  0.713397E+01  0.713397E+01
  0.798662  0.140181E+02  0.700905E+01  0.700905E+01
  0.803344  0.137755E+02  0.688777E+01  0.688777E+01
  0.808027  0.135401E+02  0.677006E+01  0.677006E+01
  0.812709  0.133118E+02  0.665588E+01  0.665588E+01
  0.817391  0.130903E+02  0.654515E+01  0.654515E+01
  0.822074  0.128756E+02  0.643781E+01  0.643781E+01
  0.826756  0.126676E+02  0.633378E+01  0.633378E+01
  0.831438  0.124660E+02  0.623298E+01  0.623298E+01
  0.836120  0.122707E+02  0.613533E+01  0.613533E+01
  0.840803  0.120815E+02  0.604075E+01  0.604075E+01
  0.845485  0.118983E+02  0.594914E+01  0.594914E+01
  0.850167  0.117209E+02  0.586043E+01  0.586043E+01
  0.854849  0.115491E+02  0.577453E+01  0.577453E+01
  0.859532  0.113827E+02  0.569136E+01  0.569136E+01
  0.864214  0.112217E+02  0.561084E+01  0.561084E+01
  0.868896  0.110658E+02  0.553288E+01  0.553288E+01
  0.873579  0.109148E+02  0.545739E+01  0.545739E+01
  0.878261  0.107686E+02  0.538432E+01  0.538432E+01
  0.882943  0.106271E+02  0.531356E+01  0.531356E+01
  0.887625  0.104901E+02  0.524506E+01  0.524506E+01
  0.892308  0.103575E+02  0.517874E+01  0.517874E+01
  0.896990  0.102290E+02  0.511452E+01  0.511452E+01
  0.901672  0.101047E+02  0.505233E+01  0.505233E+01
  0.906355  0.998423E+01  0.499211E+01  0.499211E+01
  0.911037  0.986760E+01  0.493380E+01  0.493380E+01
  0.915719  0.975465E+01  0.487733E+01  0.487733E+01
  0.920401  0.964526E+01  0.482263E+01  0.482263E+01
  0.925084  0.953931E+01  0.476966E+01  0.476966E+01
  0.929766  0.943669E+01  0.471834E+01  0.471834E+01
  0.934448  0.933727E+01  0.466864E+01  0.466864E+01
  0.939130  0.924097E+01  0.462049E+01  0.462049E+01
  0.943813  0.914767E+01  0.457384E+01  0.457384E+01
  0.948495  0.905728E+01  0.452864E+01  0.452864E+01
  0.953177  0.896970E+01  0.448485E+01  0.448485E+01
  0.957860  0.888483E+01  0.444242E+01  0.444242E+01
  0.962542  0.880260E+01  0.440130E+01  0.440130E+01
  0.967224  0.872291E+01  0.436145E+01  0.436145E+01
  0.971906  0.864568E+01  0.432284E+01  0.432284E+01
  0.976589  0.857084E+01  0.428542E+01  0.428542E+01
  0.981271  0.849830E+01  0.424915E+01  0.424915E+01
  0.985953  0.842800E+01  0.421400E+01  0.421400E+01
  0.990635  0.835986E+01  0.417993E+01  0.417993E+01
  0.995318  0.829382E+01  0.414691E+01  0.414691E+01
  1.000000  0.822980E+01  0.411490E+01  0.411490E+01
