This file contains single site DOS for a stand-alone atom, i.e., in vacuum
Atomic index in the system :   1
----------------------------------------------------
Fermi energy     :  0.63539202                              
Species index    :  1                                       
Num Energy Points:   300                                    
----------------------------------------------------
    Energy     DOS_total        DOS_up      DOS_down
 -0.400000  0.000000E+00  0.000000E+00  0.000000E+00
 -0.395318  0.000000E+00  0.000000E+00  0.000000E+00
 -0.390635  0.000000E+00  0.000000E+00  0.000000E+00
 -0.385953  0.000000E+00  0.000000E+00  0.000000E+00
 -0.381271  0.000000E+00  0.000000E+00  0.000000E+00
 -0.376589  0.000000E+00  0.000000E+00  0.000000E+00
 -0.371906  0.000000E+00  0.000000E+00  0.000000E+00
 -0.367224  0.000000E+00  0.000000E+00  0.000000E+00
 -0.362542  0.000000E+00  0.000000E+00  0.000000E+00
 -0.357860  0.000000E+00  0.000000E+00  0.000000E+00
 -0.353177  0.000000E+00  0.000000E+00  0.000000E+00
 -0.348495  0.000000E+00  0.000000E+00  0.000000E+00
 -0.343813  0.000000E+00  0.000000E+00  0.000000E+00
 -0.339130  0.000000E+00  0.000000E+00  0.000000E+00
 -0.334448  0.000000E+00  0.000000E+00  0.000000E+00
 -0.329766  0.000000E+00  0.000000E+00  0.000000E+00
 -0.325084  0.000000E+00  0.000000E+00  0.000000E+00
 -0.320401  0.000000E+00  0.000000E+00  0.000000E+00
 -0.315719  0.000000E+00  0.000000E+00  0.000000E+00
 -0.311037  0.000000E+00  0.000000E+00  0.000000E+00
 -0.306355  0.000000E+00  0.000000E+00  0.000000E+00
 -0.301672  0.000000E+00  0.000000E+00  0.000000E+00
 -0.296990  0.000000E+00  0.000000E+00  0.000000E+00
 -0.292308  0.000000E+00  0.000000E+00  0.000000E+00
 -0.287625  0.000000E+00  0.000000E+00  0.000000E+00
 -0.282943  0.000000E+00  0.000000E+00  0.000000E+00
 -0.278261  0.000000E+00  0.000000E+00  0.000000E+00
 -0.273579  0.000000E+00  0.000000E+00  0.000000E+00
 -0.268896  0.000000E+00  0.000000E+00  0.000000E+00
 -0.264214  0.000000E+00  0.000000E+00  0.000000E+00
 -0.259532  0.000000E+00  0.000000E+00  0.000000E+00
 -0.254849  0.000000E+00  0.000000E+00  0.000000E+00
 -0.250167  0.000000E+00  0.000000E+00  0.000000E+00
 -0.245485  0.000000E+00  0.000000E+00  0.000000E+00
 -0.240803  0.000000E+00  0.000000E+00  0.000000E+00
 -0.236120  0.000000E+00  0.000000E+00  0.000000E+00
 -0.231438  0.000000E+00  0.000000E+00  0.000000E+00
 -0.226756  0.000000E+00  0.000000E+00  0.000000E+00
 -0.222074  0.000000E+00  0.000000E+00  0.000000E+00
 -0.217391  0.000000E+00  0.000000E+00  0.000000E+00
 -0.212709  0.000000E+00  0.000000E+00  0.000000E+00
 -0.208027  0.000000E+00  0.000000E+00  0.000000E+00
 -0.203344  0.000000E+00  0.000000E+00  0.000000E+00
 -0.198662  0.000000E+00  0.000000E+00  0.000000E+00
 -0.193980  0.000000E+00  0.000000E+00  0.000000E+00
 -0.189298  0.000000E+00  0.000000E+00  0.000000E+00
 -0.184615  0.000000E+00  0.000000E+00  0.000000E+00
 -0.179933  0.000000E+00  0.000000E+00  0.000000E+00
 -0.175251  0.000000E+00  0.000000E+00  0.000000E+00
 -0.170569  0.000000E+00  0.000000E+00  0.000000E+00
 -0.165886  0.000000E+00  0.000000E+00  0.000000E+00
 -0.161204  0.000000E+00  0.000000E+00  0.000000E+00
 -0.156522  0.000000E+00  0.000000E+00  0.000000E+00
 -0.151839  0.000000E+00  0.000000E+00  0.000000E+00
 -0.147157  0.000000E+00  0.000000E+00  0.000000E+00
 -0.142475  0.000000E+00  0.000000E+00  0.000000E+00
 -0.137793  0.000000E+00  0.000000E+00  0.000000E+00
 -0.133110  0.000000E+00  0.000000E+00  0.000000E+00
 -0.128428  0.000000E+00  0.000000E+00  0.000000E+00
 -0.123746  0.000000E+00  0.000000E+00  0.000000E+00
 -0.119064  0.000000E+00  0.000000E+00  0.000000E+00
 -0.114381  0.000000E+00  0.000000E+00  0.000000E+00
 -0.109699  0.000000E+00  0.000000E+00  0.000000E+00
 -0.105017  0.000000E+00  0.000000E+00  0.000000E+00
 -0.100334  0.000000E+00  0.000000E+00  0.000000E+00
 -0.095652  0.000000E+00  0.000000E+00  0.000000E+00
 -0.090970  0.000000E+00  0.000000E+00  0.000000E+00
 -0.086288  0.000000E+00  0.000000E+00  0.000000E+00
 -0.081605  0.000000E+00  0.000000E+00  0.000000E+00
 -0.076923  0.000000E+00  0.000000E+00  0.000000E+00
 -0.072241  0.000000E+00  0.000000E+00  0.000000E+00
 -0.067559  0.000000E+00  0.000000E+00  0.000000E+00
 -0.062876  0.000000E+00  0.000000E+00  0.000000E+00
 -0.058194  0.000000E+00  0.000000E+00  0.000000E+00
 -0.053512  0.000000E+00  0.000000E+00  0.000000E+00
 -0.048829  0.000000E+00  0.000000E+00  0.000000E+00
 -0.044147  0.000000E+00  0.000000E+00  0.000000E+00
 -0.039465  0.000000E+00  0.000000E+00  0.000000E+00
 -0.034783  0.000000E+00  0.000000E+00  0.000000E+00
 -0.030100  0.000000E+00  0.000000E+00  0.000000E+00
 -0.025418  0.000000E+00  0.000000E+00  0.000000E+00
 -0.020736  0.000000E+00  0.000000E+00  0.000000E+00
 -0.016054  0.000000E+00  0.000000E+00  0.000000E+00
 -0.011371  0.000000E+00  0.000000E+00  0.000000E+00
 -0.006689  0.000000E+00  0.000000E+00  0.000000E+00
 -0.002007  0.000000E+00  0.000000E+00  0.000000E+00
  0.002676  0.110033E+00  0.550163E-01  0.550163E-01
  0.007358  0.185186E+00  0.925930E-01  0.925930E-01
  0.012040  0.240327E+00  0.120163E+00  0.120163E+00
  0.016722  0.287232E+00  0.143616E+00  0.143616E+00
  0.021405  0.329449E+00  0.164724E+00  0.164724E+00
  0.026087  0.368602E+00  0.184301E+00  0.184301E+00
  0.030769  0.405589E+00  0.202794E+00  0.202794E+00
  0.035452  0.440966E+00  0.220483E+00  0.220483E+00
  0.040134  0.475103E+00  0.237552E+00  0.237552E+00
  0.044816  0.508261E+00  0.254131E+00  0.254131E+00
  0.049498  0.540632E+00  0.270316E+00  0.270316E+00
  0.054181  0.572361E+00  0.286180E+00  0.286180E+00
  0.058863  0.603560E+00  0.301780E+00  0.301780E+00
  0.063545  0.634322E+00  0.317161E+00  0.317161E+00
  0.068227  0.664720E+00  0.332360E+00  0.332360E+00
  0.072910  0.694816E+00  0.347408E+00  0.347408E+00
  0.077592  0.724662E+00  0.362331E+00  0.362331E+00
  0.082274  0.754303E+00  0.377151E+00  0.377151E+00
  0.086957  0.783777E+00  0.391889E+00  0.391889E+00
  0.091639  0.813120E+00  0.406560E+00  0.406560E+00
  0.096321  0.842362E+00  0.421181E+00  0.421181E+00
  0.101003  0.871532E+00  0.435766E+00  0.435766E+00
  0.105686  0.900654E+00  0.450327E+00  0.450327E+00
  0.110368  0.929753E+00  0.464877E+00  0.464877E+00
  0.115050  0.958852E+00  0.479426E+00  0.479426E+00
  0.119732  0.987971E+00  0.493986E+00  0.493986E+00
  0.124415  0.101713E+01  0.508565E+00  0.508565E+00
  0.129097  0.104635E+01  0.523175E+00  0.523175E+00
  0.133779  0.107565E+01  0.537825E+00  0.537825E+00
  0.138462  0.110505E+01  0.552523E+00  0.552523E+00
  0.143144  0.113456E+01  0.567280E+00  0.567280E+00
  0.147826  0.116421E+01  0.582103E+00  0.582103E+00
  0.152508  0.119401E+01  0.597003E+00  0.597003E+00
  0.157191  0.122398E+01  0.611988E+00  0.611988E+00
  0.161873  0.125414E+01  0.627068E+00  0.627068E+00
  0.166555  0.128450E+01  0.642251E+00  0.642251E+00
  0.171237  0.131510E+01  0.657548E+00  0.657548E+00
  0.175920  0.134594E+01  0.672968E+00  0.672968E+00
  0.180602  0.137704E+01  0.688520E+00  0.688520E+00
  0.185284  0.140843E+01  0.704216E+00  0.704216E+00
  0.189967  0.144013E+01  0.720065E+00  0.720065E+00
  0.194649  0.147216E+01  0.736078E+00  0.736078E+00
  0.199331  0.150453E+01  0.752267E+00  0.752267E+00
  0.204013  0.153729E+01  0.768643E+00  0.768643E+00
  0.208696  0.157044E+01  0.785218E+00  0.785218E+00
  0.213378  0.160401E+01  0.802005E+00  0.802005E+00
  0.218060  0.163803E+01  0.819016E+00  0.819016E+00
  0.222742  0.167253E+01  0.836266E+00  0.836266E+00
  0.227425  0.170754E+01  0.853768E+00  0.853768E+00
  0.232107  0.174307E+01  0.871537E+00  0.871537E+00
  0.236789  0.177918E+01  0.889589E+00  0.889589E+00
  0.241472  0.181588E+01  0.907941E+00  0.907941E+00
  0.246154  0.185322E+01  0.926609E+00  0.926609E+00
  0.250836  0.189122E+01  0.945612E+00  0.945612E+00
  0.255518  0.192994E+01  0.964968E+00  0.964968E+00
  0.260201  0.196940E+01  0.984698E+00  0.984698E+00
  0.264883  0.200964E+01  0.100482E+01  0.100482E+01
  0.269565  0.205072E+01  0.102536E+01  0.102536E+01
  0.274247  0.209269E+01  0.104634E+01  0.104634E+01
  0.278930  0.213558E+01  0.106779E+01  0.106779E+01
  0.283612  0.217945E+01  0.108973E+01  0.108973E+01
  0.288294  0.222436E+01  0.111218E+01  0.111218E+01
  0.292977  0.227037E+01  0.113519E+01  0.113519E+01
  0.297659  0.231754E+01  0.115877E+01  0.115877E+01
  0.302341  0.236593E+01  0.118296E+01  0.118296E+01
  0.307023  0.241562E+01  0.120781E+01  0.120781E+01
  0.311706  0.246667E+01  0.123334E+01  0.123334E+01
  0.316388  0.251918E+01  0.125959E+01  0.125959E+01
  0.321070  0.257322E+01  0.128661E+01  0.128661E+01
  0.325753  0.262888E+01  0.131444E+01  0.131444E+01
  0.330435  0.268626E+01  0.134313E+01  0.134313E+01
  0.335117  0.274546E+01  0.137273E+01  0.137273E+01
  0.339799  0.280659E+01  0.140330E+01  0.140330E+01
  0.344482  0.286977E+01  0.143488E+01  0.143488E+01
  0.349164  0.293512E+01  0.146756E+01  0.146756E+01
  0.353846  0.300278E+01  0.150139E+01  0.150139E+01
  0.358528  0.307288E+01  0.153644E+01  0.153644E+01
  0.363211  0.314559E+01  0.157280E+01  0.157280E+01
  0.367893  0.322106E+01  0.161053E+01  0.161053E+01
  0.372575  0.329948E+01  0.164974E+01  0.164974E+01
  0.377258  0.338103E+01  0.169052E+01  0.169052E+01
  0.381940  0.346592E+01  0.173296E+01  0.173296E+01
  0.386622  0.355437E+01  0.177719E+01  0.177719E+01
  0.391304  0.364662E+01  0.182331E+01  0.182331E+01
  0.395987  0.374291E+01  0.187146E+01  0.187146E+01
  0.400669  0.384354E+01  0.192177E+01  0.192177E+01
  0.405351  0.394879E+01  0.197439E+01  0.197439E+01
  0.410033  0.405899E+01  0.202950E+01  0.202950E+01
  0.414716  0.417450E+01  0.208725E+01  0.208725E+01
  0.419398  0.429569E+01  0.214784E+01  0.214784E+01
  0.424080  0.442297E+01  0.221148E+01  0.221148E+01
  0.428763  0.455679E+01  0.227839E+01  0.227839E+01
  0.433445  0.469763E+01  0.234882E+01  0.234882E+01
  0.438127  0.484604E+01  0.242302E+01  0.242302E+01
  0.442809  0.500257E+01  0.250129E+01  0.250129E+01
  0.447492  0.516787E+01  0.258394E+01  0.258394E+01
  0.452174  0.534262E+01  0.267131E+01  0.267131E+01
  0.456856  0.552756E+01  0.276378E+01  0.276378E+01
  0.461538  0.572352E+01  0.286176E+01  0.286176E+01
  0.466221  0.593139E+01  0.296570E+01  0.296570E+01
  0.470903  0.615216E+01  0.307608E+01  0.307608E+01
  0.475585  0.638690E+01  0.319345E+01  0.319345E+01
  0.480268  0.663680E+01  0.331840E+01  0.331840E+01
  0.484950  0.690315E+01  0.345157E+01  0.345157E+01
  0.489632  0.718737E+01  0.359368E+01  0.359368E+01
  0.494314  0.749103E+01  0.374552E+01  0.374552E+01
  0.498997  0.781586E+01  0.390793E+01  0.390793E+01
  0.503679  0.816375E+01  0.408187E+01  0.408187E+01
  0.508361  0.853678E+01  0.426839E+01  0.426839E+01
  0.513043  0.893725E+01  0.446862E+01  0.446862E+01
  0.517726  0.936767E+01  0.468384E+01  0.468384E+01
  0.522408  0.983082E+01  0.491541E+01  0.491541E+01
  0.527090  0.103297E+02  0.516487E+01  0.516487E+01
  0.531773  0.108677E+02  0.543387E+01  0.543387E+01
  0.536455  0.114485E+02  0.572425E+01  0.572425E+01
  0.541137  0.120760E+02  0.603798E+01  0.603798E+01
  0.545819  0.127544E+02  0.637721E+01  0.637721E+01
  0.550502  0.134886E+02  0.674428E+01  0.674428E+01
  0.555184  0.142834E+02  0.714168E+01  0.714168E+01
  0.559866  0.151441E+02  0.757207E+01  0.757207E+01
  0.564548  0.160765E+02  0.803824E+01  0.803824E+01
  0.569231  0.170861E+02  0.854307E+01  0.854307E+01
  0.573913  0.181790E+02  0.908950E+01  0.908950E+01
  0.578595  0.193608E+02  0.968038E+01  0.968038E+01
  0.583278  0.206368E+02  0.103184E+02  0.103184E+02
  0.587960  0.220119E+02  0.110060E+02  0.110060E+02
  0.592642  0.234895E+02  0.117447E+02  0.117447E+02
  0.597324  0.250713E+02  0.125357E+02  0.125357E+02
  0.602007  0.267567E+02  0.133784E+02  0.133784E+02
  0.606689  0.285417E+02  0.142708E+02  0.142708E+02
  0.611371  0.304176E+02  0.152088E+02  0.152088E+02
  0.616054  0.323707E+02  0.161853E+02  0.161853E+02
  0.620736  0.343803E+02  0.171902E+02  0.171902E+02
  0.625418  0.364188E+02  0.182094E+02  0.182094E+02
  0.630100  0.384501E+02  0.192250E+02  0.192250E+02
  0.634783  0.404306E+02  0.202153E+02  0.202153E+02
  0.639465  0.423098E+02  0.211549E+02  0.211549E+02
  0.644147  0.440328E+02  0.220164E+02  0.220164E+02
  0.648829  0.455430E+02  0.227715E+02  0.227715E+02
  0.653512  0.467869E+02  0.233935E+02  0.233935E+02
  0.658194  0.477186E+02  0.238593E+02  0.238593E+02
  0.662876  0.483042E+02  0.241521E+02  0.241521E+02
  0.667559  0.485254E+02  0.242627E+02  0.242627E+02
  0.672241  0.483812E+02  0.241906E+02  0.241906E+02
  0.676923  0.478879E+02  0.239440E+02  0.239440E+02
  0.681605  0.470766E+02  0.235383E+02  0.235383E+02
  0.686288  0.459896E+02  0.229948E+02  0.229948E+02
  0.690970  0.446763E+02  0.223382E+02  0.223382E+02
  0.695652  0.431887E+02  0.215943E+02  0.215943E+02
  0.700334  0.415774E+02  0.207887E+02  0.207887E+02
  0.705017  0.398891E+02  0.199446E+02  0.199446E+02
  0.709699  0.381645E+02  0.190822E+02  0.190822E+02
  0.714381  0.364375E+02  0.182188E+02  0.182188E+02
  0.719064  0.347354E+02  0.173677E+02  0.173677E+02
  0.723746  0.330787E+02  0.165393E+02  0.165393E+02
  0.728428  0.314825E+02  0.157413E+02  0.157413E+02
  0.733110  0.299569E+02  0.149785E+02  0.149785E+02
  0.737793  0.285082E+02  0.142541E+02  0.142541E+02
  0.742475  0.271394E+02  0.135697E+02  0.135697E+02
  0.747157  0.258513E+02  0.129256E+02  0.129256E+02
  0.751839  0.246428E+02  0.123214E+02  0.123214E+02
  0.756522  0.235116E+02  0.117558E+02  0.117558E+02
  0.761204  0.224547E+02  0.112273E+02  0.112273E+02
  0.765886  0.214683E+02  0.107341E+02  0.107341E+02
  0.770569  0.205485E+02  0.102742E+02  0.102742E+02
  0.775251  0.196912E+02  0.984558E+01  0.984558E+01
  0.779933  0.188923E+02  0.944613E+01  0.944613E+01
  0.784615  0.181478E+02  0.907389E+01  0.907389E+01
  0.789298  0.174539E+02  0.872693E+01  0.872693E+01
  0.793980  0.168068E+02  0.840341E+01  0.840341E+01
  0.798662  0.162033E+02  0.810163E+01  0.810163E+01
  0.803344  0.156399E+02  0.781995E+01  0.781995E+01
  0.808027  0.151137E+02  0.755687E+01  0.755687E+01
  0.812709  0.146220E+02  0.731099E+01  0.731099E+01
  0.817391  0.141621E+02  0.708103E+01  0.708103E+01
  0.822074  0.137315E+02  0.686577E+01  0.686577E+01
  0.826756  0.133283E+02  0.666414E+01  0.666414E+01
  0.831438  0.129502E+02  0.647511E+01  0.647511E+01
  0.836120  0.125955E+02  0.629776E+01  0.629776E+01
  0.840803  0.122625E+02  0.613123E+01  0.613123E+01
  0.845485  0.119495E+02  0.597473E+01  0.597473E+01
  0.850167  0.116551E+02  0.582755E+01  0.582755E+01
  0.854849  0.113781E+02  0.568903E+01  0.568903E+01
  0.859532  0.111171E+02  0.555854E+01  0.555854E+01
  0.864214  0.108711E+02  0.543555E+01  0.543555E+01
  0.868896  0.106390E+02  0.531952E+01  0.531952E+01
  0.873579  0.104200E+02  0.520999E+01  0.520999E+01
  0.878261  0.102130E+02  0.510652E+01  0.510652E+01
  0.882943  0.100174E+02  0.500872E+01  0.500872E+01
  0.887625  0.983240E+01  0.491620E+01  0.491620E+01
  0.892308  0.965726E+01  0.482863E+01  0.482863E+01
  0.896990  0.949139E+01  0.474570E+01  0.474570E+01
  0.901672  0.933420E+01  0.466710E+01  0.466710E+01
  0.906355  0.918515E+01  0.459258E+01  0.459258E+01
  0.911037  0.904375E+01  0.452188E+01  0.452188E+01
  0.915719  0.890953E+01  0.445477E+01  0.445477E+01
  0.920401  0.878206E+01  0.439103E+01  0.439103E+01
  0.925084  0.866095E+01  0.433048E+01  0.433048E+01
  0.929766  0.854582E+01  0.427291E+01  0.427291E+01
  0.934448  0.843634E+01  0.421817E+01  0.421817E+01
  0.939130  0.833217E+01  0.416608E+01  0.416608E+01
  0.943813  0.823303E+01  0.411651E+01  0.411651E+01
  0.948495  0.813863E+01  0.406931E+01  0.406931E+01
  0.953177  0.804872E+01  0.402436E+01  0.402436E+01
  0.957860  0.796306E+01  0.398153E+01  0.398153E+01
  0.962542  0.788141E+01  0.394071E+01  0.394071E+01
  0.967224  0.780357E+01  0.390179E+01  0.390179E+01
  0.971906  0.772935E+01  0.386467E+01  0.386467E+01
  0.976589  0.765855E+01  0.382928E+01  0.382928E+01
  0.981271  0.759101E+01  0.379550E+01  0.379550E+01
  0.985953  0.752655E+01  0.376328E+01  0.376328E+01
  0.990635  0.746503E+01  0.373252E+01  0.373252E+01
  0.995318  0.740631E+01  0.370316E+01  0.370316E+01
  1.000000  0.735025E+01  0.367512E+01  0.367512E+01
