System Description            : V, bcc structure                                
Number of Atoms in Unit Cell  : 1                                               
Number of Atomic Species      : 1                                               
Number of Atoms in Each Type  : 1(V)                                            
Energy Offset                 : -1883                                           
=======================================================================================
    Iter     Energy      3PV     Efermi   Rms_rho    Rms_pot   Mix  Alg  Alpha 
---------------------------------------------------------------------------------------
**       1  -0.991903  -0.39932  0.69844  0.609E-03  0.468E-02  pot  B   0.1000
         2  -0.990092  -0.07358  0.69050  0.129E-03  0.718E-03  pot  B   0.1000
         3  -0.989779  -0.15476  0.69256  0.225E-04  0.463E-03  pot  B   0.1000
         4  -0.989844  -0.28177  0.69459  0.285E-04  0.104E-03  pot  B   0.1000
         5  -0.989798  -0.29233  0.69485  0.311E-05  0.710E-04  pot  B   0.1000
         6  -0.989820  -0.30663  0.69545  0.584E-05  0.262E-04  pot  B   0.1000
         7  -0.989817  -0.30517  0.69544  0.327E-06  0.233E-04  pot  B   0.1000
         8  -0.989816  -0.30068  0.69533  0.131E-05  0.457E-05  pot  B   0.1000
         9  -0.989816  -0.30069  0.69533  0.456E-08  0.456E-05  pot  B   0.1000
        10  -0.989816  -0.29967  0.69530  0.305E-06  0.473E-07  pot  B   0.1000
        11  -0.989816  -0.29969  0.69530  0.499E-08  0.114E-06  pot  B   0.1000
        12  -0.989816  -0.29969  0.69530  0.479E-09  0.107E-06  pot  B   0.1000
        13  -0.989816  -0.29967  0.69530  0.571E-08  0.291E-07  pot  B   0.1000
        14  -0.989816  -0.29967  0.69530  0.139E-10  0.214E-07  pot  B   0.1000
**      15  -0.979798  -0.65054  0.69755  0.347E-03  0.510E-02  pot  B   0.1000
        16  -0.985240   0.84781  0.65395  0.392E-03  0.325E-02  pot  B   0.1000
        17  -0.980871   0.65144  0.67625  0.481E-04  0.289E-02  pot  B   0.1000
        18  -0.982825  -1.08423  0.70241  0.394E-03  0.209E-02  pot  B   0.1000
        19  -0.981195  -0.25045  0.68938  0.162E-03  0.129E-03  pot  B   0.1000
        20  -0.978655  -0.17364  0.68809  0.579E-04  0.215E-03  pot  B   0.1000
        21  -0.978637  -0.17367  0.68808  0.407E-06  0.216E-03  pot  B   0.1000
        22  -0.978652  -0.21899  0.68912  0.136E-04  0.208E-04  pot  B   0.1000
        23  -0.978643  -0.21828  0.68911  0.333E-06  0.241E-04  pot  B   0.1000
        24  -0.978643  -0.22455  0.68926  0.186E-05  0.317E-05  pot  B   0.1000
        25  -0.978643  -0.22445  0.68926  0.264E-07  0.315E-05  pot  B   0.1000
        26  -0.978643  -0.22350  0.68924  0.257E-06  0.452E-06  pot  B   0.1000
        27  -0.978643  -0.22337  0.68924  0.364E-07  0.955E-06  pot  B   0.1000
        28  -0.978643  -0.22313  0.68923  0.669E-07  0.189E-05  pot  B   0.1000
        29  -0.978643  -0.22316  0.68923  0.748E-08  0.178E-05  pot  B   0.1000
        30  -0.978643  -0.22317  0.68923  0.351E-08  0.173E-05  pot  B   0.1000
        31  -0.978643  -0.22342  0.68924  0.664E-07  0.808E-06  pot  B   0.1000
        32  -0.978643  -0.22363  0.68924  0.597E-07  0.254E-07  pot  B   0.1000
        33  -0.978643  -0.22362  0.68924  0.331E-08  0.256E-07  pot  B   0.1000
        34  -0.978643  -0.22363  0.68924  0.333E-08  0.627E-07  pot  B   0.1000
        35  -0.978643  -0.22363  0.68924  0.130E-08  0.852E-08  pot  B   0.1000
**      36  -0.983999  -0.32900  0.68889  0.376E-03  0.310E-03  pot  B   0.1000
        37  -0.984015  -0.29946  0.68845  0.694E-05  0.221E-03  pot  B   0.1000
        38  -0.984038  -0.24134  0.68756  0.139E-04  0.487E-04  pot  B   0.1000
        39  -0.984016  -0.24089  0.68737  0.358E-05  0.125E-04  pot  B   0.1000
        40  -0.984015  -0.24317  0.68741  0.592E-06  0.904E-05  pot  B   0.1000
        41  -0.984008  -0.24417  0.68743  0.362E-06  0.909E-06  pot  B   0.1000
        42  -0.984008  -0.24372  0.68742  0.121E-06  0.876E-06  pot  B   0.1000
        43  -0.984007  -0.24396  0.68743  0.753E-07  0.443E-06  pot  B   0.1000
        44  -0.984007  -0.24381  0.68743  0.383E-07  0.736E-07  pot  B   0.1000
        45  -0.984007  -0.24383  0.68743  0.344E-08  0.259E-07  pot  B   0.1000
        46  -0.984007  -0.24383  0.68743  0.114E-08  0.295E-07  pot  B   0.1000
        47  -0.984007  -0.24383  0.68743  0.102E-08  0.213E-07  pot  B   0.1000
**      48  -0.980168  -0.65091  0.69755  0.347E-03  0.510E-02  pot  B   0.1000
        49  -0.986014   0.82971  0.65415  0.387E-03  0.321E-02  pot  B   0.1000
        50  -0.981555   0.64046  0.67618  0.470E-04  0.286E-02  pot  B   0.1000
        51  -0.983531  -1.13066  0.70293  0.404E-03  0.222E-02  pot  B   0.1000
        52  -0.982147  -0.25476  0.68856  0.171E-03  0.121E-03  pot  B   0.1000
        53  -0.979340  -0.17314  0.68787  0.558E-04  0.225E-03  pot  B   0.1000
        54  -0.979335  -0.17225  0.68786  0.289E-06  0.228E-03  pot  B   0.1000
        55  -0.979337  -0.19866  0.68842  0.732E-05  0.124E-03  pot  B   0.1000
        56  -0.979333  -0.21034  0.68874  0.385E-05  0.677E-04  pot  B   0.1000
        57  -0.979332  -0.21175  0.68877  0.403E-06  0.621E-04  pot  B   0.1000
        58  -0.979331  -0.22819  0.68910  0.448E-05  0.110E-05  pot  B   0.1000
        59  -0.979329  -0.23306  0.68920  0.133E-05  0.192E-04  pot  B   0.1000
        60  -0.979330  -0.22937  0.68913  0.972E-06  0.601E-05  pot  B   0.1000
        61  -0.979330  -0.22763  0.68910  0.470E-06  0.510E-06  pot  B   0.1000
        62  -0.979330  -0.22772  0.68910  0.222E-07  0.192E-06  pot  B   0.1000
        63  -0.979330  -0.22772  0.68910  0.149E-08  0.193E-06  pot  B   0.1000
        64  -0.979330  -0.22777  0.68910  0.147E-07  0.208E-07  pot  B   0.1000
        65  -0.979330  -0.22777  0.68910  0.341E-09  0.372E-07  pot  B   0.1000
