Source Code Version           : : Develop                                       
System Description            : Cu, fcc structure                               
Number of Atoms in Unit Cell  : 1                                               
Number of Atomic Species      : 1                                               
Number of Atoms in Each Type  : 1(Cu)                                           
Unit Cell Volume (au^3)       : 0.78608000D+02                                  
Average Atomic Volume (au^3)  : 78.60800                                        
Energy Offset                 : -3275                                           
=======================================================================================
    Iter     Energy      3PV     Efermi   Rms_rho    Rms_pot   Mix  Alg  Alpha 
---------------------------------------------------------------------------------------
**       1  -0.773706  -0.10354  0.61937  0.334E-03  0.164E-04  pot  B   0.1000
         2  -0.773756  -0.07889  0.62484  0.764E-05  0.592E-04  pot  B   0.1000
         3  -0.773706  -0.10208  0.61930  0.734E-05  0.183E-04  pot  B   0.1000
         4  -0.773758  -0.07055  0.62477  0.919E-05  0.724E-04  pot  B   0.1000
         5  -0.773704  -0.10475  0.61945  0.985E-05  0.107E-04  pot  B   0.1000
         6  -0.773754  -0.07893  0.62492  0.780E-05  0.550E-04  pot  B   0.1000
         7  -0.773705  -0.10651  0.61933  0.821E-05  0.658E-05  pot  B   0.1000
         8  -0.773758  -0.07686  0.62477  0.883E-05  0.586E-04  pot  B   0.1000
         9  -0.773703  -0.10694  0.61950  0.894E-05  0.576E-05  pot  B   0.1000
        10  -0.773753  -0.08040  0.62496  0.791E-05  0.524E-04  pot  B   0.1000
        11  -0.773706  -0.10703  0.61930  0.793E-05  0.567E-05  pot  B   0.1000
        12  -0.773758  -0.07672  0.62472  0.903E-05  0.589E-04  pot  B   0.1000
**      13  -0.769171   0.06059  0.64512  0.204E-03  0.668E-02  pot  B   0.1000
        14  -0.754756  -0.50542  0.64012  0.240E-03  0.676E-03  pot  B   0.1000
        15  -0.759422  -0.43179  0.63512  0.314E-04  0.544E-03  pot  B   0.1000
        16  -0.762095   0.34754  0.63012  0.178E-03  0.640E-03  pot  B   0.1000
        17  -0.773665  -0.36976  0.62639  0.171E-03  0.486E-03  pot  B   0.1000
        18  -0.773669  -0.28621  0.61999  0.218E-04  0.334E-03  pot  B   0.1000
        19  -0.773745  -0.17107  0.62504  0.300E-04  0.143E-03  pot  B   0.1000
        20  -0.773708  -0.15097  0.61955  0.478E-05  0.127E-03  pot  B   0.1000
        21  -0.773754  -0.14922  0.62461  0.472E-05  0.778E-04  pot  B   0.1000
        22  -0.773694  -0.14639  0.62036  0.306E-05  0.697E-04  pot  B   0.1000
        23  -0.773729  -0.12904  0.62469  0.492E-05  0.401E-04  pot  B   0.1000
        24  -0.773707  -0.12365  0.61987  0.207E-05  0.262E-04  pot  B   0.1000
**      25  -0.769171   0.06059  0.64512  0.204E-03  0.668E-02  pot  A   0.1000
        26  -0.754756  -0.50542  0.64012  0.240E-03  0.676E-03  pot  A   0.1000
        27  -0.759422  -0.43179  0.63512  0.314E-04  0.544E-03  pot  A   0.1000
        28  -0.762095   0.34754  0.63012  0.178E-03  0.640E-03  pot  A   0.1000
        29  -0.773665  -0.36953  0.62639  0.171E-03  0.486E-03  pot  A   0.1000
        30  -0.773691  -0.24577  0.61986  0.323E-04  0.260E-03  pot  A   0.1000
        31  -0.773751  -0.11448  0.62497  0.331E-04  0.770E-04  pot  A   0.1000
        32  -0.773708  -0.13556  0.61950  0.620E-05  0.854E-04  pot  A   0.1000
        33  -0.773755  -0.07450  0.62495  0.166E-04  0.639E-04  pot  A   0.1000
        34  -0.773708  -0.10940  0.61929  0.975E-05  0.168E-04  pot  A   0.1000
        35  -0.773758  -0.07026  0.62475  0.111E-04  0.704E-04  pot  A   0.1000
        36  -0.773704  -0.10256  0.61946  0.946E-05  0.137E-04  pot  A   0.1000
        37  -0.773754  -0.07728  0.62493  0.764E-05  0.580E-04  pot  A   0.1000
        38  -0.773704  -0.11160  0.61938  0.976E-05  0.259E-05  pot  A   0.1000
        39  -0.773757  -0.08324  0.62480  0.853E-05  0.472E-04  pot  A   0.1000
        40  -0.773702  -0.11391  0.61957  0.907E-05  0.674E-05  pot  A   0.1000
**      41  -0.769171   0.06059  0.64512  0.204E-03  0.668E-02  pot  B   0.0100
        42  -0.754756  -0.50542  0.64012  0.240E-03  0.676E-03  pot  B   0.0100
        43  -0.773139  -1.01816  0.63259  0.154E-03  0.140E-02  pot  B   0.0100
        44  -0.772883  -1.04848  0.62891  0.729E-05  0.144E-02  pot  B   0.0100
        45  -0.773751  -0.19993  0.62503  0.195E-03  0.173E-03  pot  B   0.0100
        46  -0.773678  -0.24530  0.62008  0.105E-04  0.231E-03  pot  B   0.0100
        47  -0.773736  -0.13282  0.62475  0.299E-04  0.451E-04  pot  B   0.0100
        48  -0.773705  -0.11059  0.61944  0.524E-05  0.172E-04  pot  B   0.0100
        49  -0.773752  -0.05172  0.62494  0.155E-04  0.982E-04  pot  B   0.0100
        50  -0.773709  -0.08779  0.61911  0.996E-05  0.367E-04  pot  B   0.0100
        51  -0.773763  -0.07740  0.62432  0.525E-05  0.569E-04  pot  B   0.0100
        52  -0.773698  -0.11492  0.62036  0.110E-04  0.871E-05  pot  B   0.0100
        53  -0.773727  -0.10475  0.62438  0.306E-05  0.929E-05  pot  B   0.0100
        54  -0.773698  -0.11504  0.62027  0.309E-05  0.889E-05  pot  B   0.0100
        55  -0.773730  -0.10276  0.62455  0.367E-05  0.128E-04  pot  B   0.0100
        56  -0.773700  -0.11473  0.61995  0.359E-05  0.833E-05  pot  B   0.0100
        57  -0.773740  -0.09607  0.62496  0.556E-05  0.245E-04  pot  B   0.0100
        58  -0.773704  -0.11423  0.61938  0.544E-05  0.739E-05  pot  B   0.0100
        59  -0.773757  -0.08420  0.62481  0.891E-05  0.453E-04  pot  B   0.0100
**      60  -0.769171   0.06059  0.64512  0.204E-03  0.668E-02  pot  A   0.0100
        61  -0.754756  -0.50542  0.64012  0.240E-03  0.676E-03  pot  A   0.0100
        62  -0.773139  -1.01816  0.63259  0.154E-03  0.140E-02  pot  A   0.0100
        63  -0.772883  -1.04848  0.62891  0.729E-05  0.144E-02  pot  A   0.0100
        64  -0.773751  -0.19929  0.62502  0.195E-03  0.173E-03  pot  A   0.0100
        65  -0.773677  -0.24630  0.62010  0.109E-04  0.233E-03  pot  A   0.0100
        66  -0.773733  -0.07377  0.62471  0.458E-04  0.645E-04  pot  A   0.0100
        67  -0.773705  -0.10142  0.61945  0.840E-05  0.189E-04  pot  A   0.0100
        68  -0.773750  -0.03919  0.62494  0.160E-04  0.117E-03  pot  A   0.0100
        69  -0.773704  -0.11315  0.61938  0.189E-04  0.449E-05  pot  A   0.0100
        70  -0.773756  -0.07870  0.62483  0.987E-05  0.549E-04  pot  A   0.0100
        71  -0.773704  -0.10782  0.61945  0.867E-05  0.379E-05  pot  A   0.0100
        72  -0.773754  -0.07983  0.62491  0.832E-05  0.530E-04  pot  A   0.0100
        73  -0.773707  -0.09925  0.61924  0.634E-05  0.197E-04  pot  A   0.0100
        74  -0.773759  -0.06616  0.62471  0.967E-05  0.779E-04  pot  A   0.0100
        75  -0.773704  -0.10123  0.61949  0.101E-04  0.163E-04  pot  A   0.0100
        76  -0.773753  -0.08289  0.62495  0.606E-05  0.478E-04  pot  A   0.0100
**      77  -0.769171   0.06059  0.64512  0.204E-03  0.668E-02  pot  B   0.0010
        78  -0.754756  -0.50542  0.64012  0.240E-03  0.676E-03  pot  B   0.0010
        79  -0.773106  -1.03794  0.63288  0.157E-03  0.142E-02  pot  B   0.0010
        80  -0.772923  -1.02793  0.62947  0.337E-05  0.141E-02  pot  B   0.0010
        81  -0.772967  -0.97246  0.62375  0.126E-04  0.132E-02  pot  B   0.0010
        82  -0.773673  -0.25118  0.62232  0.166E-03  0.239E-03  pot  B   0.0010
        83  -0.773677  -0.24967  0.62284  0.558E-06  0.237E-03  pot  B   0.0010
        84  -0.773672  -0.25276  0.62288  0.179E-05  0.229E-03  pot  B   0.0010
        85  -0.773703  -0.06905  0.62200  0.454E-04  0.678E-04  pot  B   0.0010
        86  -0.773704  -0.06566  0.62227  0.968E-06  0.735E-04  pot  B   0.0010
        87  -0.773703  -0.07077  0.62226  0.125E-05  0.654E-04  pot  B   0.0010
        88  -0.773699  -0.11248  0.62252  0.102E-04  0.446E-05  pot  B   0.0010
        89  -0.773698  -0.11355  0.62249  0.286E-06  0.632E-05  pot  B   0.0010
        90  -0.773698  -0.11349  0.62250  0.215E-07  0.623E-05  pot  B   0.0010
        91  -0.773698  -0.11384  0.62250  0.866E-07  0.668E-05  pot  B   0.0010
        92  -0.773699  -0.10921  0.62246  0.114E-05  0.171E-05  pot  B   0.0010
        93  -0.773699  -0.10904  0.62247  0.450E-07  0.199E-05  pot  B   0.0010
        94  -0.773699  -0.10901  0.62247  0.702E-08  0.204E-05  pot  B   0.0010
        95  -0.773699  -0.10902  0.62247  0.204E-08  0.203E-05  pot  B   0.0010
        96  -0.773699  -0.10915  0.62247  0.310E-07  0.180E-05  pot  B   0.0010
        97  -0.773699  -0.10957  0.62247  0.104E-06  0.105E-05  pot  B   0.0010
        98  -0.773699  -0.10958  0.62247  0.315E-08  0.103E-05  pot  B   0.0010
        99  -0.773699  -0.10986  0.62247  0.701E-07  0.524E-06  pot  B   0.0010
       100  -0.773699  -0.11006  0.62247  0.493E-07  0.171E-06  pot  B   0.0010
       101  -0.773699  -0.11007  0.62247  0.113E-08  0.164E-06  pot  B   0.0010
       102  -0.773699  -0.11007  0.62247  0.188E-09  0.165E-06  pot  B   0.0010
       103  -0.773699  -0.11006  0.62247  0.148E-08  0.175E-06  pot  B   0.0010
       104  -0.773699  -0.11006  0.62247  0.160E-08  0.183E-06  pot  B   0.0010
       105  -0.773698  -0.11007  0.62247  0.501E-08  0.152E-06  pot  B   0.0010
       106  -0.773699  -0.11016  0.62247  0.212E-07  0.130E-07  pot  B   0.0010
       107  -0.773699  -0.11016  0.62247  0.231E-08  0.641E-08  pot  B   0.0010
