 nspin  vdif :::::: Potentials for non-spin-polarized non-relativistic Va.      
    1   0.0000000000000D+00
 LSMS:           Va     z=  0.    xvalws=   0.00020
   0.                      2.65165    0. -0.8117212175698D-01
                 -0.1113096740000D+02 0.9751822497023D+00 1001 1030
 0.3364754863968D-04 0.3405735412891D-04 0.3447216565306D-04 0.3489203209242D-04
 0.3531699261892D-04 0.3574714602668D-04 0.3618253674944D-04 0.3662322488031D-04
 0.3706928931782D-04 0.3752077005885D-04 0.3797777139891D-04 0.3844032204284D-04
 0.3890850382117D-04 0.3938240706672D-04 0.3986205869902D-04 0.4034757276527D-04
 0.4083898572905D-04 0.4133639912017D-04 0.4183986734896D-04 0.4234947196132D-04
 0.4286525415437D-04 0.4338735640625D-04 0.4391578354841D-04 0.4445066070236D-04
 0.4499206675513D-04 0.4554005755866D-04 0.4609471970047D-04 0.4665613650115D-04
 0.4722438229159D-04 0.4779956291862D-04 0.4838174489861D-04 0.4897102751911D-04
 0.4956745979358D-04 0.5017120018722D-04 0.5078225802853D-04 0.5140078147931D-04
 0.5202683007803D-04 0.5266049912227D-04 0.5330187606708D-04 0.5395109094638D-04
 0.5460819186651D-04 0.5527330045592D-04 0.5594651464226D-04 0.5662792114158D-04
 0.5731764521114D-04 0.5801574561337D-04 0.5872237133091D-04 0.5943758555379D-04
 0.6016152190127D-04 0.6089426000348D-04 0.6163592904839D-04 0.6238665011605D-04
 0.6314649547115D-04 0.6391561208140D-04 0.6469406541226D-04 0.6548203819904D-04
 0.6627958260502D-04 0.6708684296187D-04 0.6790395027709D-04 0.6873100194724D-04
 0.6956812154705D-04 0.7041543854896D-04 0.7127308067006D-04 0.7214116796223D-04
 0.7301981782701D-04 0.7390918192609D-04 0.7480938178920D-04 0.7572051742654D-04
 0.7664277630958D-04 0.7757625685317D-04 0.7852111747130D-04 0.7947748318646D-04
 0.8044549919103D-04 0.8142530276686D-04 0.8241703212149D-04 0.8342084843418D-04
 0.8443689079028D-04 0.8546531560312D-04 0.8650624284868D-04 0.8755986309497D-04
 0.8862632256634D-04 0.8970575412647D-04 0.9079835467964D-04 0.9190425543960D-04
 0.9302361411945D-04 0.9415661955619D-04 0.9530342074476D-04 0.9646418984964D-04
 0.9763910580184D-04 0.9882830757512D-04 0.1000320065435D-03 0.1012503707753D-03
 0.1024835734740D-03 0.1037317955177D-03 0.1049952150552D-03 0.1062740202453D-03
 0.1075684013059D-03 0.1088785551422D-03 0.1102046576064D-03 0.1115469407501D-03
 0.1129055367494D-03 0.1142806841297D-03 0.1156725934128D-03 0.1170814642714D-03
 0.1185074837744D-03 0.1199508559953D-03 0.1214118175013D-03 0.1228905857609D-03
 0.1243873593202D-03 0.1259023681774D-03 0.1274358105986D-03 0.1289879509059D-03
 0.1305589978516D-03 0.1321491466434D-03 0.1337587032475D-03 0.1353878181226D-03
 0.1370368111674D-03 0.1387058856814D-03 0.1403952841713D-03 0.1421052676456D-03
 0.1438360678979D-03 0.1455879334657D-03 0.1473611718380D-03 0.1491559847314D-03
 0.1509726533309D-03 0.1528114637855D-03 0.1546726657858D-03 0.1565565369349D-03
 0.1584633461412D-03 0.1603933887697D-03 0.1623469297554D-03 0.1643242583199D-03
 0.1663256962914D-03 0.1683514954162D-03 0.1704019617690D-03 0.1724774004202D-03
 0.1745781334521D-03 0.1767044519400D-03 0.1788566626938D-03 0.1810350878600D-03
 0.1832400393180D-03 0.1854718606557D-03 0.1877308313523D-03 0.1900173405936D-03
 0.1923317127488D-03 0.1946742570110D-03 0.1970453253846D-03 0.1994452833615D-03
 0.2018744809507D-03 0.2043332485805D-03 0.2068219603245D-03 0.2093409885075D-03
 0.2118907205529D-03 0.2144714923887D-03 0.2170836790831D-03 0.2197276927497D-03
 0.2224039370634D-03 0.2251127482154D-03 0.2278545479629D-03 0.2306297656322D-03
 0.2334387551583D-03 0.2362819905336D-03 0.2391598282045D-03 0.2420727328070D-03
 0.2450211076014D-03 0.2480053968066D-03 0.2510260241948D-03 0.2540834553753D-03
 0.2571781223018D-03 0.2603104699087D-03 0.2634809854253D-03 0.2666901190104D-03
 0.2699383095480D-03 0.2732260879748D-03 0.2765539094129D-03 0.2799222525345D-03
 0.2833316420898D-03 0.2867825326149D-03 0.2902754525279D-03 0.2938109264003D-03
 0.2973894744108D-03 0.3010115929773D-03 0.3046778352651D-03 0.3083887154308D-03
 0.3121448105662D-03 0.3159466486404D-03 0.3197947869919D-03 0.3236898080793D-03
 0.3276322505280D-03 0.3316227180921D-03 0.3356617901258D-03 0.3397500501043D-03
 0.3438881137308D-03 0.3480765696832D-03 0.3523160543457D-03 0.3566071656579D-03
 0.3609505487008D-03 0.3653468120057D-03 0.3697966340436D-03 0.3743006585830D-03
 0.3788595466824D-03 0.3834739380374D-03 0.3881445429606D-03 0.3928720279435D-03
 0.3976571013482D-03 0.4025004549380D-03 0.4074027982415D-03 0.4123648631031D-03
 0.4173873557413D-03 0.4224710100224D-03 0.4276165870143D-03 0.4328248408974D-03
 0.4380965226856D-03 0.4434324158402D-03 0.4488333035909D-03 0.4542999730904D-03
 0.4598332245992D-03 0.4654338500086D-03 0.4711027115802D-03 0.4768406161015D-03
 0.4826484004166D-03 0.4885269151767D-03 0.4944770470350D-03 0.5004996339230D-03
 0.5065955851985D-03 0.5127657753060D-03 0.5190111168985D-03 0.5253325314322D-03
 0.5317309216758D-03 0.5382072623897D-03 0.5447624796760D-03 0.5513975543872D-03
 0.5581134148299D-03 0.5649110800788D-03 0.5717915423609D-03 0.5787557882555D-03
 0.5858048875884D-03 0.5929398144496D-03 0.6001616736325D-03 0.6074714695691D-03
 0.6148703161585D-03 0.6223592518655D-03 0.6299394085340D-03 0.6376119091863D-03
 0.6453778389284D-03 0.6532383580187D-03 0.6611946325727D-03 0.6692477948285D-03
 0.6773990458262D-03 0.6856495769395D-03 0.6940006019325D-03 0.7024533282254D-03
 0.7110090230498D-03 0.7196689034204D-03 0.7284342830198D-03 0.7373064041442D-03
 0.7462866000997D-03 0.7553761551795D-03 0.7645764301176D-03 0.7738887742016D-03
 0.7833145199634D-03 0.7928550740173D-03 0.8025118191710D-03 0.8122861917077D-03
 0.8221796286053D-03 0.8321935394468D-03 0.8423294383429D-03 0.8525887695694D-03
 0.8629730638850D-03 0.8734838376611D-03 0.8841226272643D-03 0.8948909995497D-03
 0.9057905356670D-03 0.9168228008906D-03 0.9279894496192D-03 0.9392920945165D-03
 0.9507324185539D-03 0.9623120869735D-03 0.9740327778919D-03 0.9858962271613D-03
 0.9979041823448D-03 0.1010058369983D-02 0.1022360600082D-02 0.1034812670721D-02
 0.1047416414848D-02 0.1060173641515D-02 0.1073086263038D-02 0.1086156168511D-02
 0.1099385236741D-02 0.1112775457273D-02 0.1126328745720D-02 0.1140047130390D-02
 0.1153932586146D-02 0.1167987168570D-02 0.1182212920324D-02 0.1196611952753D-02
 0.1211186358827D-02 0.1225938275598D-02 0.1240869857832D-02 0.1255983312173D-02
 0.1271280853074D-02 0.1286764696855D-02 0.1302437136183D-02 0.1318300464173D-02
 0.1334356990301D-02 0.1350609098215D-02 0.1367059151870D-02 0.1383709534872D-02
 0.1400562739424D-02 0.1417621220179D-02 0.1434887456125D-02 0.1452363996370D-02
 0.1470053370574D-02 0.1487958210706D-02 0.1506081134238D-02 0.1524424808870D-02
 0.1542991887975D-02 0.1561785084601D-02 0.1580807195133D-02 0.1600061002147D-02
 0.1619549297309D-02 0.1639274958688D-02 0.1659240899168D-02 0.1679449972577D-02
 0.1699905204729D-02 0.1720609601174D-02 0.1741566144985D-02 0.1762777932527D-02
 0.1784248089649D-02 0.1805979734372D-02 0.1827976079144D-02 0.1850240306467D-02
 0.1872775739031D-02 0.1895585622801D-02 0.1918673352388D-02 0.1942042252220D-02
 0.1965695801316D-02 0.1989637420449D-02 0.2013870663885D-02 0.2038399055986D-02
 0.2063226190797D-02 0.2088355730257D-02 0.2113791333591D-02 0.2139536717279D-02
 0.2165595680653D-02 0.2191972036256D-02 0.2218669669523D-02 0.2245692449726D-02
 0.2273044367109D-02 0.2300729417902D-02 0.2328751681565D-02 0.2357115222258D-02
 0.2385824245678D-02 0.2414882929826D-02 0.2444295523403D-02 0.2474066377843D-02
 0.2504199822015D-02 0.2534700285835D-02 0.2565572232940D-02 0.2596820200160D-02
 0.2628448750498D-02 0.2660462536623D-02 0.2692866243996D-02 0.2725664613178D-02
 0.2758862470832D-02 0.2792464648619D-02 0.2826476098928D-02 0.2860901805889D-02
 0.2895746798790D-02 0.2931016204970D-02 0.2966715171104D-02 0.3002848941750D-02
 0.3039422807131D-02 0.3076442153671D-02 0.3113912372563D-02 0.3151838969041D-02
 0.3190227501382D-02 0.3229083595506D-02 0.3268412942551D-02 0.3308221304657D-02
 0.3348514540579D-02 0.3389298526053D-02 0.3430579255590D-02 0.3472362756370D-02
 0.3514655182213D-02 0.3557462720278D-02 0.3600791630730D-02 0.3644648293980D-02
 0.3689039110199D-02 0.3733970597837D-02 0.3779449319286D-02 0.3825481979963D-02
 0.3872075305766D-02 0.3919236105974D-02 0.3966971313010D-02 0.4015287941208D-02
 0.4064193040346D-02 0.4113693803271D-02 0.4163797461954D-02 0.4214511372202D-02
 0.4265842956878D-02 0.4317799763331D-02 0.4370389365757D-02 0.4423619508949D-02
 0.4477497979691D-02 0.4532032677296D-02 0.4587231584325D-02 0.4643102809130D-02
 0.4699654518603D-02 0.4756895031261D-02 0.4814832699536D-02 0.4873476031361D-02
 0.4932833623276D-02 0.4992914193443D-02 0.5053726512909D-02 0.5115279514893D-02
 0.5177582213352D-02 0.5240643740590D-02 0.5304473345243D-02 0.5369080356808D-02
 0.5434474295160D-02 0.5500664688773D-02 0.5567661287001D-02 0.5635473859588D-02
 0.5704112380942D-02 0.5773586904168D-02 0.5843907603795D-02 0.5915084795469D-02
 0.5987128896636D-02 0.6060050479759D-02 0.6133860238303D-02 0.6208568961807D-02
 0.6284187621775D-02 0.6360727316432D-02 0.6438199204160D-02 0.6516614715312D-02
 0.6595985278847D-02 0.6676322561669D-02 0.6757638341380D-02 0.6839944526024D-02
 0.6923253156138D-02 0.7007576479454D-02 0.7092926846873D-02 0.7179316738439D-02
 0.7266758843102D-02 0.7355265962795D-02 0.7444851083464D-02 0.7535527312329D-02
 0.7627307972192D-02 0.7720206479494D-02 0.7814236484618D-02 0.7909411736119D-02
 0.8005746187749D-02 0.8103253983037D-02 0.8201949375435D-02 0.8301846857595D-02
 0.8402961086288D-02 0.8505306829754D-02 0.8608899106605D-02 0.8713753164752D-02
 0.8819884272188D-02 0.8927308036720D-02 0.9036040187116D-02 0.9146096680619D-02
 0.9257493614704D-02 0.9370247327162D-02 0.9484374371387D-02 0.9599891450163D-02
 0.9716815477830D-02 0.9835163614945D-02 0.9954953187130D-02 0.1007620178137D-01
 0.1019892714438D-01 0.1032314726163D-01 0.1044888036229D-01 0.1057614485242D-01
 0.1070495938498D-01 0.1083534283500D-01 0.1096731432330D-01 0.1110089318886D-01
 0.1123609902517D-01 0.1137295161464D-01 0.1151147102139D-01 0.1165167757205D-01
 0.1179359178361D-01 0.1193723449665D-01 0.1208262671620D-01 0.1222978979039D-01
 0.1237874524698D-01 0.1252951495783D-01 0.1268212098830D-01 0.1283658572249D-01
 0.1299293179313D-01 0.1315118211820D-01 0.1331135989576D-01 0.1347348858567D-01
 0.1363759195265D-01 0.1380369407056D-01 0.1397181924645D-01 0.1414199216625D-01
 0.1431423771097D-01 0.1448858117568D-01 0.1466504809749D-01 0.1484366433379D-01
 0.1502445606310D-01 0.1520744978686D-01 0.1539267232547D-01 0.1558015081000D-01
 0.1576991275201D-01 0.1596198591429D-01 0.1615639849759D-01 0.1635317897448D-01
 0.1655235614701D-01 0.1675395928668D-01 0.1695801787794D-01 0.1716456184387D-01
 0.1737362144961D-01 0.1758522734065D-01 0.1779941053847D-01 0.1801620243221D-01
 0.1823563478992D-01 0.1845773976642D-01 0.1868254991804D-01 0.1891009820468D-01
 0.1914041795281D-01 0.1937354293108D-01 0.1960950730828D-01 0.1984834566311D-01
 0.2009009301768D-01 0.2033478476459D-01 0.2058245679195D-01 0.2083314539480D-01
 0.2108688731845D-01 0.2134371975687D-01 0.2160368031504D-01 0.2186680713669D-01
 0.2213313875200D-01 0.2240271422791D-01 0.2267557303897D-01 0.2295175520693D-01
 0.2323130119131D-01 0.2351425195583D-01 0.2380064899683D-01 0.2409053425256D-01
 0.2438395024578D-01 0.2468093994996D-01 0.2498154690339D-01 0.2528581516125D-01
 0.2559378932937D-01 0.2590551452247D-01 0.2622103644533D-01 0.2654040133177D-01
 0.2686365597844D-01 0.2719084778279D-01 0.2752202468287D-01 0.2785723522642D-01
 0.2819652853490D-01 0.2853995432700D-01 0.2888756294249D-01 0.2923940533400D-01
 0.2959553308155D-01 0.2995599833726D-01 0.3032085395503D-01 0.3069015341946D-01
 0.3106395082726D-01 0.3144230098564D-01 0.3182525932734D-01 0.3221288199682D-01
 0.3260522579968D-01 0.3300234822694D-01 0.3340430746786D-01 0.3381116246549D-01
 0.3422297282968D-01 0.3463979894497D-01 0.3506170185079D-01 0.3548874341317D-01
 0.3592098619472D-01 0.3635849357988D-01 0.3680132966404D-01 0.3724955935444D-01
 0.3770324835670D-01 0.3816246313859D-01 0.3862727101956D-01 0.3909774011374D-01
 0.3957393939110D-01 0.4005593859799D-01 0.4054380842731D-01 0.4103762033450D-01
 0.4153744674076D-01 0.4204336086476D-01 0.4255543686143D-01 0.4307374978214D-01
 0.4359837559157D-01 0.4412939116739D-01 0.4466687433765D-01 0.4521090389759D-01
 0.4576155956113D-01 0.4631892202035D-01 0.4688307297611D-01 0.4745409510708D-01
 0.4803207210273D-01 0.4861708867381D-01 0.4920923054382D-01 0.4980858448838D-01
 0.5041523839468D-01 0.5102928112743D-01 0.5165080269416D-01 0.5227989418106D-01
 0.5291664779520D-01 0.5356115683974D-01 0.5421351579906D-01 0.5487382025751D-01
 0.5554216699613D-01 0.5621865395997D-01 0.5690338028776D-01 0.5759644636295D-01
 0.5829795373219D-01 0.5900800519502D-01 0.5972670485696D-01 0.6045415800430D-01
 0.6119047126081D-01 0.6193575258279D-01 0.6269011112078D-01 0.6345365747817D-01
 0.6422650353305D-01 0.6500876258690D-01 0.6580054925518D-01 0.6660197958070D-01
 0.6741317103160D-01 0.6823424247652D-01 0.6906531425709D-01 0.6990650815580D-01
 0.7075794747748D-01 0.7161975699624D-01 0.7249206301933D-01 0.7337499336005D-01
 0.7426867744867D-01 0.7517324624197D-01 0.7608883232181D-01 0.7701556985305D-01
 0.7795359466701D-01 0.7890304421901D-01 0.7986405766970D-01 0.8083677585820D-01
 0.8182134132834D-01 0.8281789837347D-01 0.8382659304177D-01 0.8484757318242D-01
 0.8588098838992D-01 0.8692699012673D-01 0.8798573169927D-01 0.8905736825318D-01
 0.9014205683893D-01 0.9123995642350D-01 0.9235122792134D-01 0.9347603415078D-01
 0.9461453997001D-01 0.9576691226139D-01 0.9693331984297D-01 0.9811393371856D-01
 0.9930892684871D-01 0.1005184743972D+00 0.1017427536061D+00 0.1029819438906D+00
 0.1042362268707D+00 0.1055057863253D+00 0.1067908083436D+00 0.1080914812157D+00
 0.1094079955718D+00 0.1107405443180D+00 0.1120893227767D+00 0.1134545285573D+00
 0.1148363617523D+00 0.1162350248593D+00 0.1176507228430D+00 0.1190836631703D+00
 0.1205340558393D+00 0.1220021133661D+00 0.1234880509163D+00 0.1249920862469D+00
 0.1265144397504D+00 0.1280553344853D+00 0.1296149963027D+00 0.1311936537607D+00
 0.1327915381777D+00 0.1344088836934D+00 0.1360459273410D+00 0.1377029090055D+00
 0.1393800715044D+00 0.1410776605903D+00 0.1427959250401D+00 0.1445351166382D+00
 0.1462954902303D+00 0.1480773037971D+00 0.1498808184169D+00 0.1517062983831D+00
 0.1535540111859D+00 0.1554242275617D+00 0.1573172216051D+00 0.1592332706502D+00
 0.1611726554785D+00 0.1631356602752D+00 0.1651225726833D+00 0.1671336838305D+00
 0.1691692884196D+00 0.1712296847144D+00 0.1733151746274D+00 0.1754260637180D+00
 0.1775626612857D+00 0.1797252804415D+00 0.1819142380148D+00 0.1841298547388D+00
 0.1863724552771D+00 0.1886423682061D+00 0.1909399260984D+00 0.1932654656038D+00
 0.1956193274859D+00 0.1980018565730D+00 0.2004134019923D+00 0.2028543170056D+00
 0.2053249593232D+00 0.2078256908791D+00 0.2103568780568D+00 0.2129188917104D+00
 0.2155121072278D+00 0.2181369044737D+00 0.2207936680482D+00 0.2234827871659D+00
 0.2262046557967D+00 0.2289596727039D+00 0.2317482414725D+00 0.2345707706929D+00
 0.2374276737786D+00 0.2403193693170D+00 0.2432462808863D+00 0.2462088373099D+00
 0.2492074725295D+00 0.2522426258645D+00 0.2553147418803D+00 0.2584242706325D+00
 0.2615716676059D+00 0.2647573938588D+00 0.2679819160154D+00 0.2712457064299D+00
 0.2745492431294D+00 0.2778930100617D+00 0.2812774969542D+00 0.2847031995561D+00
 0.2881706196115D+00 0.2916802649927D+00 0.2952326497549D+00 0.2988282941593D+00
 0.3024677248218D+00 0.3061514747762D+00 0.3098800835304D+00 0.3136540971412D+00
 0.3174740682988D+00 0.3213405564369D+00 0.3252541277810D+00 0.3292153554329D+00
 0.3332248194623D+00 0.3372831070260D+00 0.3413908123450D+00 0.3455485369391D+00
 0.3497568895813D+00 0.3540164864842D+00 0.3583279513484D+00 0.3626919154037D+00
 0.3671090176148D+00 0.3715799046656D+00 0.3761052311332D+00 0.3806856595351D+00
 0.3853218604009D+00 0.3900145124622D+00 0.3947643026762D+00 0.3995719263347D+00
 0.4044380871615D+00 0.4093634974828D+00 0.4143488782070D+00 0.4193949590573D+00
 0.4245024785862D+00 0.4296721842822D+00 0.4349048327878D+00 0.4402011898879D+00
 0.4455620306256D+00 0.4509881395144D+00 0.4564803105972D+00 0.4620393474783D+00
 0.4676660635775D+00 0.4733612821680D+00 0.4791258365004D+00 0.4849605699449D+00
 0.4908663361020D+00 0.4968439989321D+00 0.5028944328664D+00 0.5090185229244D+00
 0.5152171649096D+00 0.5214912654174D+00 0.5278417420919D+00 0.5342695236526D+00
 0.5407755501333D+00 0.5473607729061D+00 0.5540261548958D+00 0.5607726706893D+00
 0.5676013066813D+00 0.5745130612179D+00 0.5815089447581D+00 0.5885899799214D+00
 0.5957572018230D+00 0.6030116579755D+00 0.6103544087246D+00 0.6177865271075D+00
 0.6253090992434D+00 0.6329232243308D+00 0.6406300148991D+00 0.6484305969196D+00
 0.6563261099825D+00 0.6643177074998D+00 0.6724065567259D+00 0.6805938391370D+00
 0.6888807504098D+00 0.6972685006813D+00 0.7057583147122D+00 0.7143514320717D+00
 0.7230491072838D+00 0.7318526099989D+00 0.7407632252352D+00 0.7497822534708D+00
 0.7589110108879D+00 0.7681508295506D+00 0.7775030576108D+00 0.7869690593840D+00
 0.7965502157175D+00 0.8062479240967D+00 0.8160635987601D+00 0.8259986710544D+00
 0.8360545895250D+00 0.8462328201436D+00 0.8565348465580D+00 0.8669621702222D+00
 0.8775163106686D+00 0.8881988056778D+00 0.8990112115163D+00 0.9099551031653D+00
 0.9210320744829D+00 0.9322437384896D+00 0.9435917275434D+00 0.9550776935761D+00
 0.9667033083533D+00 0.9784702636793D+00 0.9903802715891D+00 0.1002435064648D+01
 0.1014636396172D+01 0.1026986040419D+01 0.1039485792894D+01 0.1052137470560D+01
 0.1064942912102D+01 0.1077903978117D+01 0.1091022551463D+01 0.1104300537433D+01
 0.1117739864039D+01 0.1131342482264D+01 0.1145110366352D+01 0.1159045513995D+01
 0.1173149946687D+01 0.1187425709927D+01 0.1201874873544D+01 0.1216499531890D+01
 0.1231301804197D+01 0.1246283834842D+01 0.1261447793521D+01 0.1276795875684D+01
 0.1292330302721D+01 0.1308053322245D+01 0.1323967208450D+01 0.1340074262323D+01
 0.1356376811989D+01 0.1372877212947D+01 0.1389577848460D+01 0.1406481129734D+01
 0.1423589496298D+01 0.1440905416326D+01 0.1458431386822D+01 0.1476169934056D+01
 0.1494123613785D+01 0.1512295011606D+01 0.1530686743232D+01 0.1549301454822D+01
 0.1568141823275D+01 0.1587210556579D+01 0.1606510394070D+01 0.1626044106775D+01
 0.1645814497748D+01 0.1665824402310D+01 0.1686076688466D+01 0.1706574257128D+01
 0.1727320042474D+01 0.1748317012261D+01 0.1769568168120D+01 0.1791076545898D+01
 0.1812845215916D+01 0.1834877283354D+01 0.1857175888472D+01 0.1879744206998D+01
 0.1902585450363D+01 0.1925702866063D+01 0.1949099737895D+01 0.1972779386292D+01
 0.1996745168615D+01 0.2021000479399D+01 0.2045548750680D+01 0.2070393452233D+01
 0.2095538091860D+01 0.2120986215655D+01 0.2146741408232D+01 0.2172807293005D+01
 0.2199187532412D+01 0.2225885828128D+01 0.2252905921293D+01 0.2280251592744D+01
 0.2307926663159D+01 0.2335934993279D+01 0.2364280484036D+01 0.2392967076769D+01
 0.2421998753273D+01 0.2451379535989D+01 0.2481113488050D+01 0.2511204713385D+01
 0.2541657356768D+01 0.2572475603834D+01 0.2603663681103D+01 0.2635225855942D+01
 0.2667166436519D+01 0.2699489771715D+01 0.2732200250999D+01 0.2765302304283D+01
 0.2798800401720D+01 0.2832699053471D+01 0.2867002809414D+01 0.2901716258827D+01
 0.2936844030008D+01 0.2972390789825D+01 0.3008361243227D+01 0.3044760132702D+01
 0.3081592237635D+01 0.3118862373620D+01 0.3156575391685D+01 0.3194736177449D+01
 0.3233349650166D+01 0.3272420761702D+01 0.3311954495394D+01 0.3351955864822D+01
 0.3392429912429D+01 0.3433381708086D+01 0.3474816347442D+01 0.3516738950214D+01
 0.3559154658281D+01 0.3602068633628D+01 0.3645486056144D+01 0.3689412121200D+01
 0.3733852037078D+01 0.3778811022150D+01 0.3824294301873D+01 0.3870307105526D+01
 0.3916854662707D+01 0.3963942199541D+01 0.4011574934645D+01 0.4059758074711D+01
 0.4108496809848D+01 0.4157796308487D+01 0.4207661711985D+01 0.4258098128757D+01
 0.4309110628028D+01 0.4360704233094D+01 0.4412883914107D+01 0.4465654580309D+01
 0.4519021071718D+01 0.4572988150195D+01 0.4627560489871D+01 0.4682742666847D+01
 0.4738539148199D+01 0.4794954280112D+01 0.4851992275220D+01 0.4909657198964D+01
 0.4967952955009D+01 0.5026883269547D+01 0.5086451674509D+01 0.5146661489494D+01
 0.5207515802428D+01 0.5269017448745D+01 0.5331168989104D+01 0.5393972685417D+01
 0.5457430475099D+01 0.5521543943453D+01 0.5586314293955D+01 0.5651742316331D+01
 0.5717828352262D+01 0.5784572258460D+01 0.5851973366983D+01 0.5920030442512D+01
 0.5988741636376D+01
                                    0.0000000000000D+00
 1030 0.1992068583884D-03
 0.1993794841023D-16 0.2042576926681D-16 0.2095837124722D-16 0.2143589265185D-16
 0.2199163138579D-16 0.2253158173581D-16 0.2310033785559D-16 0.2363479715464D-16
 0.2423200638478D-16 0.2482846415886D-16 0.2543594655118D-16 0.2606348502001D-16
 0.2671687378498D-16 0.2736960507845D-16 0.2805086097169D-16 0.2874902966929D-16
 0.2947093754356D-16 0.3016626671307D-16 0.3092232873812D-16 0.3170827606565D-16
 0.3246020849290D-16 0.3324889952195D-16 0.3409682215494D-16 0.3492518020771D-16
 0.3580265939552D-16 0.3666092590284D-16 0.3755597453935D-16 0.3850600890286D-16
 0.3940809428321D-16 0.4039308070335D-16 0.4139744327996D-16 0.4242716386847D-16
 0.4345069115327D-16 0.4455388226607D-16 0.4564285736892D-16 0.4675951286645D-16
 0.4790427100956D-16 0.4906601259863D-16 0.5025942248799D-16 0.5151480871349D-16
 0.5279435660645D-16 0.5408005024500D-16 0.5544625222195D-16 0.5679157606005D-16
 0.5818634953536D-16 0.5958492292751D-16 0.6108277123572D-16 0.6258901726863D-16
 0.6411848662510D-16 0.6569341770475D-16 0.6731714157227D-16 0.6893218555623D-16
 0.7065978179155D-16 0.7242186127889D-16 0.7413566337227D-16 0.7601784829087D-16
 0.7787512020167D-16 0.7975753896378D-16 0.8173374335525D-16 0.8373617366231D-16
 0.8581160559066D-16 0.8794662102391D-16 0.9008975259400D-16 0.9229077865925D-16
 0.9454256790826D-16 0.9688162133969D-16 0.9924999711227D-16 0.1017049333005D-15
 0.1041918191313D-15 0.1067420417075D-15 0.1093475783029D-15 0.1120765516098D-15
 0.1148082455578D-15 0.1176461578514D-15 0.1205307514869D-15 0.1235165902975D-15
 0.1265551626473D-15 0.1296432782032D-15 0.1327957625531D-15 0.1360989888906D-15
 0.1394447209210D-15 0.1428383540223D-15 0.1463400820003D-15 0.1499484504284D-15
 0.1535722067699D-15 0.1574713151280D-15 0.1612603098267D-15 0.1652494024999D-15
 0.1693440095401D-15 0.1734439642802D-15 0.1776614908796D-15 0.1820657911008D-15
 0.1866171266793D-15 0.1910919875652D-15 0.1958767777244D-15 0.2005866883066D-15
 0.2056183510657D-15 0.2105928686245D-15 0.2157190192185D-15 0.2210075936095D-15
 0.2265440735674D-15 0.2320732335087D-15 0.2377514928937D-15 0.2435092276643D-15
 0.2495397336193D-15 0.2557278777302D-15 0.2619769182215D-15 0.2684047092173D-15
 0.2750324569280D-15 0.2817830306570D-15 0.2886464840817D-15 0.2957250950576D-15
 0.3030265578504D-15 0.3104963554952D-15 0.3180273307552D-15 0.3258909422472D-15
 0.3338966152615D-15 0.3419665622641D-15 0.3504035820661D-15 0.3591321391219D-15
 0.3678614451531D-15 0.3769391511065D-15 0.3861371490959D-15 0.3956110140672D-15
 0.4054400347963D-15 0.4152794690674D-15 0.4254971419005D-15 0.4358595030940D-15
 0.4465414571705D-15 0.4575669314737D-15 0.4688236079385D-15 0.4802349188426D-15
 0.4920552451913D-15 0.5042125232401D-15 0.5165219020667D-15 0.5292824271444D-15
 0.5422508834681D-15 0.5554994284942D-15 0.5690761984484D-15 0.5831365805888D-15
 0.5974325744245D-15 0.6119897962744D-15 0.6269271323832D-15 0.6424338436882D-15
 0.6581499870116D-15 0.6742864986926D-15 0.6908915149428D-15 0.7079123015770D-15
 0.7251835248969D-15 0.7430152088034D-15 0.7613657852231D-15 0.7798678043298D-15
 0.7989532728210D-15 0.8185844697666D-15 0.8386897067150D-15 0.8593089563937D-15
 0.8803099142763D-15 0.9019440524996D-15 0.9240302734109D-15 0.9467425431452D-15
 0.9699590664534D-15 0.9938646940843D-15 0.1018073397265D-14 0.1043065412788D-14
 0.1068801518368D-14 0.1094882923944D-14 0.1121660001531D-14 0.1149340121762D-14
 0.1177459562184D-14 0.1206255344626D-14 0.1236000522760D-14 0.1266148425814D-14
 0.1297268994830D-14 0.1329129148666D-14 0.1361809020483D-14 0.1395160917096D-14
 0.1429395024092D-14 0.1464349385673D-14 0.1500353730565D-14 0.1537079080354D-14
 0.1574636908372D-14 0.1613420562058D-14 0.1653045326225D-14 0.1693596213308D-14
 0.1734878050620D-14 0.1777608472171D-14 0.1821339894694D-14 0.1865809398115D-14
 0.1911761640312D-14 0.1958362634014D-14 0.2006557464214D-14 0.2055595842603D-14
 0.2106075297005D-14 0.2157669663921D-14 0.2210749583151D-14 0.2264856962089D-14
 0.2320325658015D-14 0.2377376553360D-14 0.2435596595303D-14 0.2495294306213D-14
 0.2556464055819D-14 0.2619197424751D-14 0.2683403957757D-14 0.2749242044497D-14
 0.2816752032801D-14 0.2885624273679D-14 0.2956540744491D-14 0.3028956650919D-14
 0.3103271720866D-14 0.3179396625016D-14 0.3257255170655D-14 0.3337215557794D-14
 0.3418963258071D-14 0.3503075531235D-14 0.3588734153758D-14 0.3676728072450D-14
 0.3766894017582D-14 0.3859420029889D-14 0.3953937157846D-14 0.4050741162363D-14
 0.4150144694266D-14 0.4251685344402D-14 0.4355917101856D-14 0.4463152992748D-14
 0.4572421282768D-14 0.4684274834968D-14 0.4799152411549D-14 0.4917160606142D-14
 0.5037465806448D-14 0.5161101300042D-14 0.5287641084827D-14 0.5417269072704D-14
 0.5550037434134D-14 0.5685883488058D-14 0.5825364601377D-14 0.5968137344885D-14
 0.6114524503135D-14 0.6264435620454D-14 0.6418390530502D-14 0.6575435889989D-14
 0.6736750239673D-14 0.6901700394167D-14 0.7070967204354D-14 0.7244527774154D-14
 0.7421786075959D-14 0.7603709338678D-14 0.7790029949896D-14 0.7980944207164D-14
 0.8176488516701D-14 0.8377465336709D-14 0.8582770815649D-14 0.8792975081349D-14
 0.9009052118526D-14 0.9229707782392D-14 0.9455369574650D-14 0.9687634530563D-14
 0.9925244161774D-14 0.1016787418050D-13 0.1041767260886D-13 0.1067302852195D-13
 0.1093481156203D-13 0.1120272971973D-13 0.1147748448866D-13 0.1175865136730D-13
 0.1204698402029D-13 0.1234174754672D-13 0.1264541162771D-13 0.1295465157352D-13
 0.1327206918197D-13 0.1359790015978D-13 0.1393137132200D-13 0.1427274539916D-13
 0.1462232040292D-13 0.1498090329470D-13 0.1534808045715D-13 0.1572450646694D-13
 0.1610916117060D-13 0.1650493537097D-13 0.1690977224836D-13 0.1732412595209D-13
 0.1774825320697D-13 0.1818315689718D-13 0.1862921985889D-13 0.1908583930713D-13
 0.1955324193997D-13 0.2003279846645D-13 0.2052342117288D-13 0.2102651830136D-13
 0.2154212888386D-13 0.2207020037135D-13 0.2261214175641D-13 0.2316565375430D-13
 0.2373358137657D-13 0.2431522725404D-13 0.2491086312397D-13 0.2552182141090D-13
 0.2614774179335D-13 0.2678834802403D-13 0.2744461521151D-13 0.2811776242985D-13
 0.2880698046053D-13 0.2951273396074D-13 0.3023686655627D-13 0.3097716078378D-13
 0.3173684148955D-13 0.3251492304872D-13 0.3331131838043D-13 0.3412785084209D-13
 0.3496530862618D-13 0.3582208981280D-13 0.3670054697676D-13 0.3760011561477D-13
 0.3852139850504D-13 0.3946610265152D-13 0.4043298870420D-13 0.4142396409392D-13
 0.4243937337023D-13 0.4347875336871D-13 0.4454530115957D-13 0.4563654480288D-13
 0.4675596361803D-13 0.4790123654818D-13 0.4907467112686D-13 0.5027878807591D-13
 0.5151182633294D-13 0.5277347811976D-13 0.5406597740433D-13 0.5539207010689D-13
 0.5674971141369D-13 0.5814115781209D-13 0.5956547546983D-13 0.6102539679457D-13
 0.6252195619313D-13 0.6405309233631D-13 0.6562348184942D-13 0.6723269084113D-13
 0.6887994011475D-13 0.7056838545096D-13 0.7229887659226D-13 0.7407039112642D-13
 0.7588570950177D-13 0.7774533014971D-13 0.7965074387842D-13 0.8160293254607D-13
 0.8360333741659D-13 0.8565176781144D-13 0.8775166626269D-13 0.8990259587370D-13
 0.9210664347795D-13 0.9436436905926D-13 0.9667774685105D-13 0.9904570789703D-13
 0.1014739962617D-12 0.1039601902926D-12 0.1065092593691D-12 0.1091195009738D-12
 0.1117946939331D-12 0.1145339689654D-12 0.1173417189392D-12 0.1202183537026D-12
 0.1231640939362D-12 0.1261828520828D-12 0.1292748593316D-12 0.1324438209417D-12
 0.1356876875861D-12 0.1390161608222D-12 0.1424215313203D-12 0.1459141251889D-12
 0.1494903692529D-12 0.1531533682379D-12 0.1569080990241D-12 0.1607524687430D-12
 0.1646942587521D-12 0.1687305564577D-12 0.1728662666741D-12 0.1771051877373D-12
 0.1814423562398D-12 0.1858908051777D-12 0.1904481098859D-12 0.1951141036942D-12
 0.1998983290124D-12 0.2047956452735D-12 0.2098156549391D-12 0.2149589344936D-12
 0.2202233910614D-12 0.2256247375027D-12 0.2311527647678D-12 0.2368194354011D-12
 0.2426224853734D-12 0.2485709676560D-12 0.2546605944299D-12 0.2609053910593D-12
 0.2672975476110D-12 0.2738472880883D-12 0.2805597259776D-12 0.2874384133843D-12
 0.2944827737643D-12 0.3016981908403D-12 0.3090951498424D-12 0.3166701166102D-12
 0.3244307148432D-12 0.3323811422122D-12 0.3405311122616D-12 0.3488750009804D-12
 0.3574246598005D-12 0.3661857126491D-12 0.3751602132974D-12 0.3843542120473D-12
 0.3937737051519D-12 0.4034227341357D-12 0.4133143574909D-12 0.4234427169905D-12
 0.4338231141065D-12 0.4444529695074D-12 0.4553471252566D-12 0.4665059175966D-12
 0.4779391591435D-12 0.4896560049306D-12 0.5016573436847D-12 0.5139506459478D-12
 0.5265463158527D-12 0.5394497220811D-12 0.5526738450397D-12 0.5662165287568D-12
 0.5800951945607D-12 0.5943121063826D-12 0.6088781878050D-12 0.6238028400632D-12
 0.6390942182896D-12 0.6547582406377D-12 0.6708039179924D-12 0.6872438644209D-12
 0.7040853642786D-12 0.7213411127002D-12 0.7390255883949D-12 0.7571353742543D-12
 0.7756910383647D-12 0.7947098398859D-12 0.8141855031765D-12 0.8341300627745D-12
 0.8545828893739D-12 0.8755231924985D-12 0.8969782781753D-12 0.9189648590666D-12
 0.9414843342987D-12 0.9645623704416D-12 0.9882023904049D-12 0.1012421839487D-11
 0.1037238120948D-11 0.1062660164554D-11 0.1088704634905D-11 0.1115386551145D-11
 0.1142722367681D-11 0.1170732574484D-11 0.1199427422474D-11 0.1228819108285D-11
 0.1258944990786D-11 0.1289784898000D-11 0.1321401747375D-11 0.1353791713373D-11
 0.1386971124261D-11 0.1420963724857D-11 0.1455792413228D-11 0.1491465260333D-11
 0.1528026657222D-11 0.1565476513634D-11 0.1603848405053D-11 0.1643150324351D-11
 0.1683423245543D-11 0.1724680614309D-11 0.1766954252565D-11 0.1810258044370D-11
 0.1854627733096D-11 0.1900085454083D-11 0.1946650285963D-11 0.1994362944488D-11
 0.2043239367502D-11 0.2093319778310D-11 0.2144632725891D-11 0.2197185380324D-11
 0.2251036136954D-11 0.2306216295172D-11 0.2362733091098D-11 0.2420648072842D-11
 0.2479978421298D-11 0.2540755591968D-11 0.2603026636130D-11 0.2666827705422D-11
 0.2732186604097D-11 0.2799163871330D-11 0.2867757122678D-11 0.2938043219726D-11
 0.3010063280461D-11 0.3083838160953D-11 0.3159422160822D-11 0.3236855683397D-11
 0.3316192019386D-11 0.3397468004947D-11 0.3480741326655D-11 0.3566055306380D-11
 0.3653449794913D-11 0.3743014967510D-11 0.3834745142705D-11 0.3928730880069D-11
 0.4025019404870D-11 0.4123682972483D-11 0.4224747213066D-11 0.4328296296499D-11
 0.4434386179718D-11 0.4543066454020D-11 0.4654424640208D-11 0.4768513716548D-11
 0.4885388438859D-11 0.5005124377345D-11 0.5127799900666D-11 0.5253496296048D-11
 0.5382254471017D-11 0.5514181139238D-11 0.5649343307271D-11 0.5787808750338D-11
 0.5929662839196D-11 0.6075008828388D-11 0.6223913099856D-11 0.6376467858343D-11
 0.6532759183161D-11 0.6692901642782D-11 0.6856939675681D-11 0.7025006935156D-11
 0.7197204982126D-11 0.7373617926063D-11 0.7554355771306D-11 0.7739528378045D-11
 0.7929246002796D-11 0.8123601895024D-11 0.8322710671055D-11 0.8526714607633D-11
 0.8735729209823D-11 0.8949875963948D-11 0.9169252527246D-11 0.9394001296470D-11
 0.9624278432509D-11 0.9860194575997D-11 0.1010189609912D-10 0.1034951915299D-10
 0.1060321252388D-10 0.1086314378261D-10 0.1112941991845D-10 0.1140225577593D-10
 0.1168174991281D-10 0.1196810246056D-10 0.1226148960147D-10 0.1256205465672D-10
 0.1287002505784D-10 0.1318551365501D-10 0.1350873786281D-10 0.1383990803354D-10
 0.1417919425987D-10 0.1452678726868D-10 0.1488291052773D-10 0.1524775341862D-10
 0.1562156650498D-10 0.1600454478929D-10 0.1639687907027D-10 0.1679888633010D-10
 0.1721072080710D-10 0.1763266575757D-10 0.1806496050291D-10 0.1850784592586D-10
 0.1896159012516D-10 0.1942646129559D-10 0.1990274675275D-10 0.2039070368959D-10
 0.2089065864826D-10 0.2140284249434D-10 0.2192759075380D-10 0.2246523626220D-10
 0.2301603813387D-10 0.2358039905796D-10 0.2415855753846D-10 0.2475092037204D-10
 0.2535780665375D-10 0.2597955008351D-10 0.2661658243984D-10 0.2726925354075D-10
 0.2793789783058D-10 0.2862298444062D-10 0.2932486671978D-10 0.3004397233854D-10
 0.3078072380275D-10 0.3153553674810D-10 0.3230887821561D-10 0.3310121433343D-10
 0.3391296888016D-10 0.3474463877896D-10 0.3559674278820D-10 0.3646972774657D-10
 0.3736419737532D-10 0.3828054134242D-10 0.3921939315524D-10 0.4018135309965D-10
 0.4116688432425D-10 0.4217661091973D-10 0.4321112380336D-10 0.4427100944835D-10
 0.4535697287258D-10 0.4646953535538D-10 0.4760941728796D-10 0.4877727946470D-10
 0.4997387602636D-10 0.5119980533586D-10 0.5245583443310D-10 0.5374272646634D-10
 0.5506127907821D-10 0.5641217484949D-10 0.5779619138879D-10 0.5921425533226D-10
 0.6066714472056D-10 0.6215570317214D-10 0.6368086717137D-10 0.6524346256062D-10
 0.6684445508175D-10 0.6848480692130D-10 0.7016547248271D-10 0.7188744465127D-10
 0.7365167951152D-10 0.7545934309336D-10 0.7731135660210D-10 0.7920898830157D-10
 0.8115321709565D-10 0.8314519061310D-10 0.8518627132834D-10 0.8727740192056D-10
 0.8942001135444D-10 0.9161529164905D-10 0.9386462214074D-10 0.9616923712540D-10
 0.9853054274657D-10 0.1009499259305D-09 0.1034287985853D-09 0.1059687605127D-09
 0.1085711633270D-09 0.1112376290731D-09 0.1139696856324D-09 0.1167690897603D-09
 0.1196372820923D-09 0.1225761202244D-09 0.1255874339835D-09 0.1286727584076D-09
 0.1318340895019D-09 0.1350733236311D-09 0.1383923803641D-09 0.1417931901750D-09
 0.1452778002326D-09 0.1488483011358D-09 0.1525067684458D-09 0.1562554464484D-09
 0.1600965145718D-09 0.1640323266857D-09 0.1680652084107D-09 0.1721975388861D-09
 0.1764317771453D-09 0.1807705222650D-09 0.1852163859087D-09 0.1897718878820D-09
 0.1944398904367D-09 0.1992231850577D-09 0.2041245343076D-09 0.2091468995963D-09
 0.2142934302751D-09 0.2195670707459D-09 0.2249710830665D-09 0.2305086581913D-09
 0.2361831122728D-09 0.2419979024194D-09 0.2479564984220D-09 0.2540625892408D-09
 0.2603196603271D-09 0.2667317410686D-09 0.2733024180926D-09 0.2800358484823D-09
 0.2869359964773D-09 0.2940072445744D-09 0.3012536961428D-09 0.3086797293537D-09
 0.3162898930245D-09 0.3240887116622D-09 0.3320812332435D-09 0.3402719319252D-09
 0.3486660418950D-09 0.3572685884508D-09 0.3660847766648D-09 0.3751201500190D-09
 0.3843799424091D-09 0.3938700982776D-09 0.4035962179859D-09 0.4135644174862D-09
 0.4237808031209D-09 0.4342514693170D-09 0.4449829258753D-09 0.4559819753663D-09
 0.4672550868486D-09 0.4788095280373D-09 0.4906521361861D-09 0.5027901820825D-09
 0.5152316813627D-09 0.5279838551360D-09 0.5410547582386D-09 0.5544526640989D-09
 0.5681857208491D-09 0.5822625178417D-09 0.5966918516833D-09 0.6114825817220D-09
 0.6266443875816D-09 0.6421864181113D-09 0.6581185189663D-09 0.6744507385394D-09
 0.6911934310601D-09 0.7083570861399D-09 0.7259523241598D-09 0.7439906779218D-09
 0.7624834435686D-09 0.7814421681188D-09 0.8008792454818D-09 0.8208070822480D-09
 0.8412378467152D-09 0.8621852141750D-09 0.8836622221055D-09 0.9056832156980D-09
 0.9282619134760D-09 0.9514130737917D-09 0.9751516294852D-09 0.9994930138045D-09
 0.1024453062783D-08 0.1050047882451D-08 0.1076294472233D-08 0.1103209717019D-08
 0.1130811460429D-08 0.1159118122785D-08 0.1188147903217D-08 0.1217920188078D-08
 0.1248455110875D-08 0.1279772215919D-08 0.1311893077216D-08 0.1344839015872D-08
 0.1378631879537D-08 0.1413294777836D-08 0.1448850994882D-08 0.1485324630738D-08
 0.1522740349672D-08 0.1561123749321D-08 0.1600501341082D-08 0.1640899705917D-08
 0.1682347233869D-08 0.1724872055167D-08 0.1768503994969D-08 0.1813273451484D-08
 0.1859211529139D-08 0.1906350664286D-08 0.1954724016216D-08 0.2004365784048D-08
 0.2055311061253D-08 0.2107596745389D-08 0.2161259542609D-08 0.2216338935913D-08
 0.2272873956892D-08 0.2330906192414D-08 0.2390477542192D-08 0.2451631836668D-08
 0.2514414172676D-08 0.2578871207079D-08 0.2645050232049D-08 0.2713001159796D-08
 0.2782774661404D-08 0.2854423889246D-08 0.2928002811836D-08 0.3003567887818D-08
 0.3081176733270D-08 0.3160889307967D-08 0.3242767565053D-08 0.3326875371680D-08
 0.3413278552050D-08 0.3502045681654D-08 0.3593246553564D-08 0.3686954755622D-08
 0.3783244834207D-08 0.3882195866479D-08 0.3983887446144D-08 0.4088402937270D-08
 0.4195828970039D-08 0.4306254588275D-08 0.4419771983154D-08 0.4536477155803D-08
 0.4656468501006D-08 0.4779848983341D-08 0.4906724706659D-08 0.5037205225792D-08
 0.5171404252964D-08 0.5309440891138D-08 0.5451436316011D-08 0.5597518496476D-08
 0.5747817753957D-08 0.5902470995915D-08 0.6061620228835D-08 0.6225412288419D-08
 0.6393997811478D-08 0.6567536870352D-08 0.6746192877667D-08 0.6930136315964D-08
 0.7119544163116D-08 0.7314600139454D-08 0.7515495669770D-08 0.7722429865640D-08
 0.7935608027649D-08 0.8155245499547D-08 0.8381565475598D-08 0.8614800036368D-08
 0.8855190987743D-08 0.9102989914733D-08 0.9358457837877D-08 0.9621868401333D-08
 0.9893504475323D-08 0.1017366164362D-07 0.1046264893497D-07 0.1076078604351D-07
 0.1106840907006D-07 0.1138586580359D-07 0.1171352049740D-07 0.1205175320495D-07
 0.1240095944746D-07 0.1276155267750D-07 0.1313396569759D-07 0.1351864810048D-07
 0.1391607056879D-07 0.1432672572669D-07 0.1475112747921D-07 0.1518981293397D-07
 0.1564334401613D-07 0.1611230930788D-07 0.1659732240652D-07 0.1709902798126D-07
 0.1761809869969D-07 0.1815524020379D-07 0.1871119089586D-07 0.1928672457128D-07
 0.1988265274140D-07 0.2049982377689D-07 0.2113913044079D-07 0.2180150650785D-07
 0.2248793430451D-07 0.2319944125253D-07 0.2393710687934D-07 0.2470206663149D-07
 0.2549551209597D-07 0.2631869550627D-07 0.2717293100758D-07 0.2805960278792D-07
 0.2898016482367D-07 0.2993614726885D-07 0.3092916051682D-07 0.3196089978468D-07
 0.3303314827946D-07 0.3414778589652D-07 0.3530679321587D-07 0.3651225760627D-07
 0.3776637890118D-07 0.3907147727154D-07 0.4043000134536D-07 0.4184453615353D-07
 0.4331780735681D-07 0.4485269627811D-07 0.4645224544697D-07 0.4811967009134D-07
 0.4985837081615D-07 0.5167194141464D-07 0.5356418534347D-07 0.5553912668637D-07
 0.5760102634333D-07 0.5975439561546D-07 0.6200401492767D-07 0.6435494835446D-07
 0.6681256817307D-07 0.6938257052988D-07 0.7207099742008D-07 0.7488426503885D-07
 0.7782918118044D-07 0.8091298407717D-07 0.8414335873240D-07 0.8752847993117D-07
 0.9107703751822D-07 0.9479827818804D-07 0.9870204368437D-07 0.1027988141137D-06
 0.1070997507216D-06 0.1116167524791D-06 0.1163624993428D-06 0.1213505198714D-06
 0.1265952467138D-06 0.1321120886218D-06 0.1379175019256D-06 0.1440290690316D-06
 0.1504655828366D-06 0.1572471434255D-06 0.1643952553329D-06 0.1719329374343D-06
 0.1798848366422D-06 0.1882773666246D-06 0.1971388383151D-06 0.2064996092340D-06
 0.2163922590964D-06 0.2268517577661D-06 0.2379156639400D-06 0.2496243373658D-06
 0.2620211684955D-06 0.2751528334046D-06 0.2890695615463D-06 0.3038254439784D-06
 0.3194787502822D-06 0.3360922936435D-06 0.3537338218272D-06 0.3724764307123D-06
 0.3923990529751D-06 0.4135869515658D-06 0.4361322881519D-06 0.4601347349512D-06
 0.4857021554295D-06 0.5129513336242D-06 0.5420087927162D-06 0.5730116887987D-06
 0.6061087964574D-06 0.6414615775023D-06 0.6792453854944D-06 0.7196507664004D-06
 0.7628849103772D-06 0.8091732450044D-06 0.8587611980073D-06 0.9119161427090D-06
 0.9689295458267D-06 0.1030119349750D-05 0.1095832613684D-05 0.1166448418096D-05
 0.1242381114134D-05 0.1324083904249D-05 0.1412052837669D-05 0.1506831224531D-05
 0.1609014573586D-05 0.1719256055098D-05 0.1838272618854D-05 0.1966851773412D-05
 0.2105859175609D-05 0.2256247091060D-05 0.2419063831449D-05 0.2595464328913D-05
 0.2786721946246D-05 0.2994241700436D-05 0.3219575085494D-05 0.3464436686252D-05
 0.3730722838769D-05 0.4020532571280D-05 0.4336191158166D-05 0.4680276609508D-05
 0.5055649518158D-05 0.5465486669519D-05 0.5913318990714D-05 0.6403074348159D-05
 0.6939125957706D-05 0.7526347095534D-05 0.8170173052627D-05 0.8876671309958D-05
 0.9652621173529D-05 0.1050560408999D-04 0.1144410632240D-04 0.1247763570141D-04
 0.1361685448809D-04 0.1487373080425D-04 0.1626171136095D-04 0.1779591853211D-04
 0.1949337569922D-04 0.2137326492026D-04 0.2345722200262D-04 0.2576967467017D-04
 0.2833823059558D-04 0.3119412307093D-04 0.3437272334176D-04 0.3791413024328D-04
 0.4186384967364D-04 0.4627357804021D-04 0.5120210707480D-04 0.5671636928473D-04
 0.6289264815563D-04 0.6981797954011D-04 0.7759177695897D-04 0.8632771872339D-04
 0.9615594090978D-04 0.1072255893700D-03 0.1197077925744D-03 0.1337991289511D-03
 0.1497256751354D-03 0.1677477389917D-03 0.1881653988864D-03 0.2113249947899D-03
 0.2376267440362D-03 0.2669282926856D-03 0.2989305800641D-03 0.3338602283027D-03
 0.3719664482552D-03 0.4135234350647D-03 0.4588330394176D-03 0.5082277479657D-03
 0.5620740131395D-03 0.6207759689364D-03 0.6847795884290D-03 0.7545773304670D-03
 0.8307133397796D-03 0.9137892703565D-03 0.1004470808527D-02 0.1103494983695D-02
 0.1211678369823D-02 0.1329926290851D-02 0.1459243152364D-02 0.1600744056827D-02
 0.1755667860016D-02 0.1925391852982D-02 0.2111448301095D-02 0.2315543057824D-02
 0.2539576555260D-02 0.2785667463654D-02 0.3056179389667D-02 0.3353751034646D-02
 0.3681330243915D-02 0.4042212503350D-02
    0    0
