System Description            : AlLi random alloy, fcc structure                
Number of Atoms in Unit Cell  : 1                                               
Number of Atomic Species      : 1                                               
Number of Atoms in Each Type  : 1(CPA)                                          
Energy Offset                 : -365                                            
=======================================================================================
    Iter     Energy      3PV     Efermi   Rms_rho    Rms_pot   Mix  Alg  Alpha 
---------------------------------------------------------------------------------------
**       1  -0.892427   0.23868  0.33199  0.388E-03  0.377E-01  pot  S   0.1000
         2  -0.893928   0.24732  0.34181  0.259E-04  0.361E-01  pot  S   0.1000
         3  -0.897446   0.24072  0.35177  0.174E-04  0.339E-01  pot  S   0.1000
         4  -0.898124   0.23441  0.36193  0.121E-04  0.314E-01  pot  S   0.1000
         5  -0.897966   0.22735  0.37164  0.926E-05  0.289E-01  pot  S   0.1000
         6  -0.897700   0.21961  0.38067  0.751E-05  0.264E-01  pot  S   0.1000
         7  -0.897390   0.21182  0.38900  0.626E-05  0.241E-01  pot  S   0.1000
         8  -0.897067   0.20439  0.39664  0.530E-05  0.218E-01  pot  S   0.1000
         9  -0.896749   0.19753  0.40362  0.454E-05  0.198E-01  pot  S   0.1000
        10  -0.896446   0.19134  0.40996  0.390E-05  0.179E-01  pot  S   0.1000
        11  -0.896161   0.18585  0.41572  0.337E-05  0.161E-01  pot  S   0.1000
        12  -0.895898   0.18105  0.42092  0.292E-05  0.145E-01  pot  S   0.1000
        13  -0.895656   0.17689  0.42562  0.254E-05  0.131E-01  pot  S   0.1000
        14  -0.895435   0.17333  0.42985  0.221E-05  0.117E-01  pot  S   0.1000
        15  -0.895234   0.17030  0.43367  0.193E-05  0.105E-01  pot  S   0.1000
        16  -0.895052   0.16773  0.43709  0.169E-05  0.946E-02  pot  S   0.1000
        17  -0.894888   0.16558  0.44017  0.148E-05  0.849E-02  pot  S   0.1000
        18  -0.894739   0.16378  0.44293  0.130E-05  0.761E-02  pot  S   0.1000
        19  -0.894605   0.16228  0.44541  0.114E-05  0.682E-02  pot  S   0.1000
        20  -0.894485   0.16105  0.44764  0.101E-05  0.611E-02  pot  S   0.1000
        21  -0.894377   0.16004  0.44963  0.892E-06  0.548E-02  pot  S   0.1000
        22  -0.894279   0.15921  0.45141  0.790E-06  0.490E-02  pot  S   0.1000
        23  -0.894192   0.15853  0.45301  0.702E-06  0.439E-02  pot  S   0.1000
        24  -0.894114   0.15799  0.45444  0.624E-06  0.393E-02  pot  S   0.1000
        25  -0.894043   0.15755  0.45572  0.555E-06  0.352E-02  pot  S   0.1000
        26  -0.893981   0.15720  0.45687  0.495E-06  0.315E-02  pot  S   0.1000
        27  -0.893924   0.15693  0.45789  0.442E-06  0.282E-02  pot  S   0.1000
        28  -0.893874   0.15672  0.45881  0.394E-06  0.252E-02  pot  S   0.1000
        29  -0.893828   0.15655  0.45963  0.352E-06  0.226E-02  pot  S   0.1000
        30  -0.893787   0.15642  0.46037  0.315E-06  0.202E-02  pot  S   0.1000
        31  -0.893751   0.15633  0.46102  0.282E-06  0.181E-02  pot  S   0.1000
        32  -0.893718   0.15626  0.46161  0.252E-06  0.162E-02  pot  S   0.1000
        33  -0.893689   0.15621  0.46214  0.226E-06  0.145E-02  pot  S   0.1000
        34  -0.893663   0.15618  0.46261  0.202E-06  0.130E-02  pot  S   0.1000
        35  -0.893640   0.15616  0.46303  0.181E-06  0.116E-02  pot  S   0.1000
        36  -0.893619   0.15615  0.46340  0.162E-06  0.104E-02  pot  S   0.1000
        37  -0.893600   0.15615  0.46374  0.145E-06  0.928E-03  pot  S   0.1000
        38  -0.893583   0.15615  0.46404  0.129E-06  0.830E-03  pot  S   0.1000
        39  -0.893568   0.15616  0.46431  0.116E-06  0.743E-03  pot  S   0.1000
        40  -0.893555   0.15617  0.46455  0.104E-06  0.665E-03  pot  S   0.1000
        41  -0.893543   0.15618  0.46477  0.927E-07  0.595E-03  pot  S   0.1000
        42  -0.893532   0.15619  0.46496  0.829E-07  0.532E-03  pot  S   0.1000
        43  -0.893522   0.15621  0.46513  0.741E-07  0.476E-03  pot  S   0.1000
        44  -0.893513   0.15622  0.46529  0.662E-07  0.426E-03  pot  S   0.1000
        45  -0.893506   0.15623  0.46542  0.592E-07  0.381E-03  pot  S   0.1000
        46  -0.893499   0.15625  0.46555  0.529E-07  0.341E-03  pot  S   0.1000
        47  -0.893493   0.15626  0.46566  0.472E-07  0.305E-03  pot  S   0.1000
        48  -0.893487   0.15627  0.46576  0.422E-07  0.273E-03  pot  S   0.1000
        49  -0.893482   0.15628  0.46584  0.377E-07  0.244E-03  pot  S   0.1000
        50  -0.893478   0.15629  0.46592  0.337E-07  0.219E-03  pot  S   0.1000
        51  -0.893474   0.15630  0.46599  0.300E-07  0.196E-03  pot  S   0.1000
        52  -0.893470   0.15631  0.46606  0.268E-07  0.175E-03  pot  S   0.1000
        53  -0.893467   0.15632  0.46611  0.239E-07  0.157E-03  pot  S   0.1000
        54  -0.893464   0.15633  0.46616  0.214E-07  0.140E-03  pot  S   0.1000
        55  -0.893461   0.15634  0.46621  0.191E-07  0.126E-03  pot  S   0.1000
        56  -0.893459   0.15634  0.46625  0.170E-07  0.112E-03  pot  S   0.1000
        57  -0.893457   0.15635  0.46629  0.152E-07  0.101E-03  pot  S   0.1000
        58  -0.893455   0.15635  0.46632  0.135E-07  0.900E-04  pot  S   0.1000
        59  -0.893454   0.15636  0.46635  0.121E-07  0.806E-04  pot  S   0.1000
        60  -0.893452   0.15636  0.46637  0.108E-07  0.721E-04  pot  S   0.1000
**      61  -0.893452   0.15636  0.46637  0.291E-13  0.223E-01  pot  B   0.1000
        62  -0.893071   0.14556  0.47404  0.528E-05  0.197E-01  pot  B   0.1000
        63  -1.016070  -0.58967  0.48404  0.292E-03  0.269E-01  pot  B   0.1000
        64  -1.045610  -0.79912  0.49404  0.806E-04  0.416E-01  pot  B   0.1000
        65  -0.892615   0.10809  0.53307  0.357E-03  0.514E-03  pot  B   0.1000
        66  -0.889989   0.14495  0.52709  0.121E-04  0.217E-02  pot  B   0.1000
        67  -0.890316   0.18023  0.52137  0.148E-04  0.438E-02  pot  B   0.1000
        68  -0.889893   0.14887  0.52579  0.121E-04  0.273E-02  pot  B   0.1000
        69  -0.889822   0.13444  0.52698  0.550E-05  0.229E-02  pot  B   0.1000
        70  -0.889837   0.13312  0.52696  0.589E-06  0.230E-02  pot  B   0.1000
        71  -0.889664   0.12584  0.52945  0.357E-05  0.141E-02  pot  B   0.1000
        72  -0.889654   0.12451  0.52980  0.625E-06  0.128E-02  pot  B   0.1000
        73  -0.889558   0.11959  0.53116  0.205E-05  0.794E-03  pot  B   0.1000
        74  -0.889497   0.11573  0.53214  0.171E-05  0.435E-03  pot  B   0.1000
        75  -0.889461   0.11344  0.53274  0.968E-06  0.219E-03  pot  B   0.1000
        76  -0.889421   0.11109  0.53333  0.106E-05  0.101E-05  pot  B   0.1000
        77  -0.889429   0.11103  0.53332  0.300E-07  0.710E-06  pot  B   0.1000
        78  -0.889429   0.11098  0.53332  0.190E-07  0.184E-06  pot  B   0.1000
        79  -0.889429   0.11098  0.53332  0.535E-09  0.145E-06  pot  B   0.1000
        80  -0.889429   0.11098  0.53332  0.325E-08  0.360E-07  pot  B   0.1000
