System Description            : Mo, BCC structure                               
Number of Atoms in Unit Cell  : 1                                               
Number of Atomic Species      : 1                                               
Number of Atoms in Each Type  : 1(Mo)                                           
Energy Offset                 : -7946                                           
=======================================================================================
    Iter     Energy      3PV     Efermi   Rms_rho    Rms_pot   Mix  Alg  Alpha 
---------------------------------------------------------------------------------------
**       1  -0.621404  -0.00540  0.80453  0.434E-03  0.565E-02  pot  B   0.1000
         2  -0.617671   0.04950  0.80129  0.128E-03  0.388E-03  pot  B   0.1000
         3  -0.617509   0.04407  0.80204  0.456E-05  0.371E-03  pot  B   0.1000
         4  -0.617683  -0.36566  0.81052  0.103E-03  0.103E-02  pot  B   0.1000
         5  -0.618290   0.07045  0.79694  0.131E-03  0.561E-03  pot  B   0.1000
         6  -0.617750  -0.04900  0.80256  0.669E-04  0.947E-04  pot  B   0.1000
         7  -0.617751  -0.14994  0.80876  0.281E-04  0.548E-03  pot  B   0.1000
         8  -0.617638  -0.12382  0.80728  0.593E-05  0.350E-03  pot  B   0.1000
         9  -0.617615  -0.10871  0.80604  0.239E-05  0.308E-03  pot  B   0.1000
        10  -0.617596  -0.05117  0.80497  0.840E-05  0.148E-03  pot  B   0.1000
        11  -0.617562  -0.04552  0.80491  0.200E-05  0.128E-03  pot  B   0.1000
        12  -0.617562  -0.03963  0.80476  0.118E-05  0.104E-03  pot  B   0.1000
        13  -0.617562  -0.01425  0.80419  0.421E-05  0.167E-04  pot  B   0.1000
        14  -0.617545  -0.00713  0.80411  0.168E-05  0.888E-05  pot  B   0.1000
        15  -0.617543  -0.00777  0.80412  0.103E-06  0.675E-05  pot  B   0.1000
        16  -0.617544  -0.00898  0.80415  0.219E-06  0.249E-05  pot  B   0.1000
        17  -0.617544  -0.00945  0.80416  0.849E-07  0.867E-06  pot  B   0.1000
        18  -0.617544  -0.00948  0.80416  0.607E-08  0.785E-06  pot  B   0.1000
        19  -0.617544  -0.00950  0.80416  0.387E-08  0.717E-06  pot  B   0.1000
        20  -0.617545  -0.00955  0.80416  0.787E-08  0.568E-06  pot  B   0.1000
        21  -0.617545  -0.00964  0.80416  0.159E-07  0.282E-06  pot  B   0.1000
        22  -0.617545  -0.00968  0.80416  0.688E-08  0.182E-06  pot  B   0.1000
        23  -0.617545  -0.00968  0.80416  0.561E-09  0.143E-06  pot  B   0.1000
        24  -0.617545  -0.00968  0.80416  0.609E-09  0.182E-06  pot  B   0.1000
        25  -0.617545  -0.00971  0.80416  0.354E-08  0.152E-06  pot  B   0.1000
        26  -0.617545  -0.00972  0.80416  0.247E-08  0.145E-06  pot  B   0.1000
        27  -0.617545  -0.00972  0.80416  0.444E-09  0.129E-06  pot  B   0.1000
        28  -0.617545  -0.00972  0.80416  0.506E-09  0.151E-06  pot  B   0.1000
        29  -0.617545  -0.00972  0.80416  0.364E-09  0.166E-06  pot  B   0.1000
        30  -0.617545  -0.00972  0.80416  0.197E-09  0.143E-06  pot  B   0.1000
        31  -0.617545  -0.00973  0.80416  0.546E-09  0.126E-06  pot  B   0.1000
        32  -0.617545  -0.00973  0.80416  0.240E-09  0.712E-07  pot  B   0.1000
        33  -0.617545  -0.00973  0.80416  0.163E-09  0.780E-07  pot  B   0.1000
        34  -0.617545  -0.00973  0.80416  0.271E-09  0.427E-07  pot  B   0.1000
        35  -0.617545  -0.00973  0.80416  0.277E-09  0.116E-07  pot  B   0.1000
        36  -0.617545  -0.00973  0.80416  0.146E-09  0.146E-07  pot  B   0.1000
        37  -0.617545  -0.00973  0.80416  0.172E-10  0.130E-07  pot  B   0.1000
        38  -0.617545  -0.00973  0.80416  0.241E-10  0.185E-07  pot  B   0.1000
        39  -0.617545  -0.00973  0.80416  0.905E-11  0.178E-07  pot  B   0.1000
        40  -0.617545  -0.00973  0.80416  0.170E-10  0.873E-07  pot  B   0.1000
**      41  -0.617545  -0.00973  0.80416  0.523E-03  0.873E-07  pot  B   0.1000
        42  -0.617545  -0.00973  0.80416  0.651E-09  0.210E-08  pot  B   0.1000
        43  -0.617545  -0.00973  0.80416  0.244E-10  0.918E-07  pot  B   0.1000
        44  -0.617545  -0.00973  0.80416  0.177E-11  0.669E-07  pot  B   0.1000
        45  -0.617545  -0.00973  0.80416  0.538E-12  0.942E-07  pot  B   0.1000
        46  -0.617545  -0.00973  0.80416  0.395E-12  0.951E-07  pot  B   0.1000
        47  -0.617545  -0.00973  0.80416  0.131E-12  0.956E-07  pot  B   0.1000
        48  -0.617545  -0.00973  0.80416  0.747E-12  0.101E-06  pot  B   0.1000
        49  -0.617545  -0.00973  0.80416  0.116E-11  0.172E-08  pot  B   0.1000
**      50  -0.623640  -0.14046  0.80562  0.497E-03  0.299E-03  pot  B   0.1000
        51  -0.623657  -0.11086  0.80518  0.438E-05  0.235E-03  pot  B   0.1000
        52  -0.623678  -0.03264  0.80402  0.109E-04  0.607E-04  pot  B   0.1000
        53  -0.623655  -0.03583  0.80366  0.198E-05  0.178E-04  pot  B   0.1000
        54  -0.623650  -0.03937  0.80361  0.581E-06  0.818E-05  pot  B   0.1000
        55  -0.623649  -0.04235  0.80365  0.525E-06  0.990E-05  pot  B   0.1000
        56  -0.623651  -0.03846  0.80355  0.719E-06  0.374E-05  pot  B   0.1000
        57  -0.623649  -0.03877  0.80357  0.176E-06  0.207E-05  pot  B   0.1000
        58  -0.623649  -0.03944  0.80358  0.100E-06  0.271E-07  pot  B   0.1000
        59  -0.623649  -0.03944  0.80358  0.185E-07  0.963E-07  pot  B   0.1000
        60  -0.623649  -0.03943  0.80358  0.104E-08  0.644E-07  pot  B   0.1000
        61  -0.623649  -0.03943  0.80358  0.250E-09  0.103E-06  pot  B   0.1000
        62  -0.623649  -0.03945  0.80358  0.323E-08  0.336E-07  pot  B   0.1000
        63  -0.623649  -0.03945  0.80358  0.559E-09  0.111E-07  pot  B   0.1000
        64  -0.623649  -0.03945  0.80358  0.192E-09  0.130E-07  pot  B   0.1000
        65  -0.623649  -0.03945  0.80358  0.163E-09  0.122E-07  pot  B   0.1000
        66  -0.623649  -0.03945  0.80358  0.147E-09  0.107E-07  pot  B   0.1000
        67  -0.623649  -0.03945  0.80358  0.370E-10  0.621E-08  pot  B   0.1000
**      68  -0.623640  -0.14046  0.80562  0.497E-03  0.299E-03  pot  B   0.1000
        69  -0.623657  -0.11086  0.80518  0.438E-05  0.235E-03  pot  B   0.1000
        70  -0.623678  -0.03264  0.80402  0.109E-04  0.607E-04  pot  B   0.1000
        71  -0.623655  -0.03583  0.80366  0.198E-05  0.178E-04  pot  B   0.1000
        72  -0.623650  -0.03937  0.80361  0.581E-06  0.818E-05  pot  B   0.1000
        73  -0.623649  -0.04234  0.80365  0.525E-06  0.989E-05  pot  B   0.1000
        74  -0.623651  -0.03850  0.80355  0.712E-06  0.362E-05  pot  B   0.1000
        75  -0.623649  -0.03869  0.80356  0.160E-06  0.236E-05  pot  B   0.1000
        76  -0.623649  -0.03941  0.80358  0.108E-06  0.156E-06  pot  B   0.1000
        77  -0.623649  -0.03943  0.80358  0.176E-07  0.677E-07  pot  B   0.1000
        78  -0.623649  -0.03943  0.80358  0.109E-08  0.751E-07  pot  B   0.1000
        79  -0.623649  -0.03945  0.80358  0.362E-08  0.141E-07  pot  B   0.1000
        80  -0.623649  -0.03945  0.80358  0.646E-09  0.111E-07  pot  B   0.1000
        81  -0.623649  -0.03945  0.80358  0.226E-09  0.116E-07  pot  B   0.1000
        82  -0.623649  -0.03945  0.80358  0.204E-09  0.120E-07  pot  B   0.1000
        83  -0.623649  -0.03945  0.80358  0.432E-09  0.209E-07  pot  B   0.1000
        84  -0.623649  -0.03945  0.80358  0.950E-10  0.310E-07  pot  B   0.1000
        85  -0.623649  -0.03945  0.80358  0.446E-11  0.216E-07  pot  B   0.1000
        86  -0.623649  -0.03945  0.80358  0.253E-10  0.202E-07  pot  B   0.1000
        87  -0.623649  -0.03945  0.80358  0.819E-11  0.214E-07  pot  B   0.1000
        88  -0.623649  -0.03945  0.80358  0.319E-11  0.161E-07  pot  B   0.1000
        89  -0.623649  -0.03945  0.80358  0.739E-10  0.768E-07  pot  B   0.1000
        90  -0.623649  -0.03945  0.80358  0.129E-09  0.209E-07  pot  B   0.1000
        91  -0.623649  -0.03945  0.80358  0.630E-10  0.400E-08  pot  B   0.1000
        92  -0.623649  -0.03945  0.80358  0.124E-10  0.145E-07  pot  B   0.1000
        93  -0.623649  -0.03945  0.80358  0.362E-11  0.187E-07  pot  B   0.1000
        94  -0.623649  -0.03945  0.80358  0.466E-11  0.145E-07  pot  B   0.1000
        95  -0.623649  -0.03945  0.80358  0.128E-10  0.198E-07  pot  B   0.1000
        96  -0.623649  -0.03945  0.80358  0.298E-11  0.198E-07  pot  B   0.1000
        97  -0.623649  -0.03945  0.80358  0.123E-11  0.357E-08  pot  B   0.1000
**      98  -0.623649  -0.03945  0.80358  0.501E-03  0.357E-08  pot  B   0.1000
        99  -0.623649  -0.03945  0.80358  0.395E-11  0.322E-08  pot  B   0.1000
**     100  -0.618541   0.08645  0.80253  0.527E-03  0.305E-03  pot  B   0.1000
       101  -0.618516   0.06325  0.80282  0.261E-05  0.262E-03  pot  B   0.1000
       102  -0.618535  -0.04142  0.80415  0.126E-04  0.430E-04  pot  B   0.1000
       103  -0.618554   0.01550  0.80364  0.611E-05  0.113E-03  pot  B   0.1000
       104  -0.618535  -0.03108  0.80448  0.824E-05  0.529E-04  pot  B   0.1000
       105  -0.618549  -0.02248  0.80446  0.143E-05  0.260E-04  pot  B   0.1000
       106  -0.618548  -0.01506  0.80435  0.103E-05  0.656E-05  pot  B   0.1000
       107  -0.618545  -0.01463  0.80434  0.121E-06  0.477E-05  pot  B   0.1000
       108  -0.618545  -0.01320  0.80431  0.220E-06  0.395E-06  pot  B   0.1000
       109  -0.618544  -0.01306  0.80431  0.263E-07  0.651E-07  pot  B   0.1000
       110  -0.618544  -0.01309  0.80431  0.428E-08  0.189E-07  pot  B   0.1000
       111  -0.618544  -0.01308  0.80431  0.443E-09  0.184E-07  pot  B   0.1000
       112  -0.618544  -0.01308  0.80431  0.152E-09  0.186E-07  pot  B   0.1000
       113  -0.618544  -0.01309  0.80431  0.679E-09  0.536E-08  pot  B   0.1000
       114  -0.618544  -0.01309  0.80431  0.242E-09  0.927E-07  pot  B   0.1000
       115  -0.618544  -0.01309  0.80431  0.462E-10  0.157E-08  pot  B   0.1000
