DOS Data: Atom #   1
--------------------------------
Fermi energy:  0.61881434                                   
LIZ Radius:  7.89131168                                     
Num Energy Points:   500                                    
--------------------------------
        Energy           DOS
     -0.400000      0.236215E-01
     -0.397194      0.237865E-01
     -0.394389      0.239536E-01
     -0.391583      0.241229E-01
     -0.388778      0.242944E-01
     -0.385972      0.244683E-01
     -0.383166      0.246445E-01
     -0.380361      0.248231E-01
     -0.377555      0.250041E-01
     -0.374749      0.251876E-01
     -0.371944      0.253737E-01
     -0.369138      0.255624E-01
     -0.366333      0.257537E-01
     -0.363527      0.259478E-01
     -0.360721      0.261446E-01
     -0.357916      0.263443E-01
     -0.355110      0.265469E-01
     -0.352305      0.267525E-01
     -0.349499      0.269612E-01
     -0.346693      0.271730E-01
     -0.343888      0.273880E-01
     -0.341082      0.276063E-01
     -0.338277      0.278279E-01
     -0.335471      0.280531E-01
     -0.332665      0.282817E-01
     -0.329860      0.285140E-01
     -0.327054      0.287500E-01
     -0.324248      0.289898E-01
     -0.321443      0.292336E-01
     -0.318637      0.294814E-01
     -0.315832      0.297334E-01
     -0.313026      0.299896E-01
     -0.310220      0.302503E-01
     -0.307415      0.305154E-01
     -0.304609      0.307852E-01
     -0.301804      0.310598E-01
     -0.298998      0.313393E-01
     -0.296192      0.316239E-01
     -0.293387      0.319138E-01
     -0.290581      0.322091E-01
     -0.287776      0.325099E-01
     -0.284970      0.328166E-01
     -0.282164      0.331292E-01
     -0.279359      0.334480E-01
     -0.276553      0.337732E-01
     -0.273747      0.341051E-01
     -0.270942      0.344438E-01
     -0.268136      0.347896E-01
     -0.265331      0.351428E-01
     -0.262525      0.355037E-01
     -0.259719      0.358725E-01
     -0.256914      0.362497E-01
     -0.254108      0.366355E-01
     -0.251303      0.370304E-01
     -0.248497      0.374347E-01
     -0.245691      0.378488E-01
     -0.242886      0.382732E-01
     -0.240080      0.387084E-01
     -0.237275      0.391548E-01
     -0.234469      0.396132E-01
     -0.231663      0.400840E-01
     -0.228858      0.405679E-01
     -0.226052      0.410657E-01
     -0.223246      0.415781E-01
     -0.220441      0.421061E-01
     -0.217635      0.426504E-01
     -0.214830      0.432123E-01
     -0.212024      0.437927E-01
     -0.209218      0.443930E-01
     -0.206413      0.450146E-01
     -0.203607      0.456590E-01
     -0.200802      0.463280E-01
     -0.197996      0.470237E-01
     -0.195190      0.477481E-01
     -0.192385      0.485040E-01
     -0.189579      0.492943E-01
     -0.186774      0.501224E-01
     -0.183968      0.509923E-01
     -0.181162      0.519086E-01
     -0.178357      0.528771E-01
     -0.175551      0.539043E-01
     -0.172745      0.549985E-01
     -0.169940      0.561696E-01
     -0.167134      0.574302E-01
     -0.164329      0.587963E-01
     -0.161523      0.602887E-01
     -0.158717      0.619350E-01
     -0.155912      0.637730E-01
     -0.153106      0.658563E-01
     -0.150301      0.682636E-01
     -0.147495      0.711173E-01
     -0.144689      0.746195E-01
     -0.141884      0.791341E-01
     -0.139078      0.853951E-01
     -0.136273      0.951367E-01
     -0.133467      0.113314E+00
     -0.130661      0.152432E+00
     -0.127856      0.202847E+00
     -0.125050      0.235569E+00
     -0.122244      0.276879E+00
     -0.119439      0.321727E+00
     -0.116633      0.365423E+00
     -0.113828      0.393380E+00
     -0.111022      0.395296E+00
     -0.108216      0.393197E+00
     -0.105411      0.439655E+00
     -0.102605      0.495552E+00
     -0.099800      0.534246E+00
     -0.096994      0.559661E+00
     -0.094188      0.576864E+00
     -0.091383      0.586554E+00
     -0.088577      0.590272E+00
     -0.085772      0.588896E+00
     -0.082966      0.602557E+00
     -0.080160      0.654239E+00
     -0.077355      0.709974E+00
     -0.074549      0.751902E+00
     -0.071743      0.781577E+00
     -0.068938      0.803882E+00
     -0.066132      0.820585E+00
     -0.063327      0.828585E+00
     -0.060521      0.825461E+00
     -0.057715      0.823779E+00
     -0.054910      0.850054E+00
     -0.052104      0.900289E+00
     -0.049299      0.958798E+00
     -0.046493      0.101569E+01
     -0.043687      0.106379E+01
     -0.040882      0.110103E+01
     -0.038076      0.113288E+01
     -0.035271      0.117023E+01
     -0.032465      0.121771E+01
     -0.029659      0.127730E+01
     -0.026854      0.137175E+01
     -0.024048      0.155141E+01
     -0.021242      0.184999E+01
     -0.018437      0.221333E+01
     -0.015631      0.257769E+01
     -0.012826      0.292927E+01
     -0.010020      0.326324E+01
     -0.007214      0.356663E+01
     -0.004409      0.381538E+01
     -0.001603      0.398876E+01
      0.001202      0.408708E+01
      0.004008      0.412830E+01
      0.006814      0.413407E+01
      0.009619      0.412145E+01
      0.012425      0.410121E+01
      0.015230      0.407895E+01
      0.018036      0.405675E+01
      0.020842      0.403455E+01
      0.023647      0.401101E+01
      0.026453      0.398413E+01
      0.029259      0.395155E+01
      0.032064      0.391081E+01
      0.034870      0.385938E+01
      0.037675      0.379473E+01
      0.040481      0.371439E+01
      0.043287      0.361604E+01
      0.046092      0.349770E+01
      0.048898      0.335784E+01
      0.051703      0.319570E+01
      0.054509      0.301189E+01
      0.057315      0.281049E+01
      0.060120      0.260363E+01
      0.062926      0.241522E+01
      0.065731      0.227017E+01
      0.068537      0.215628E+01
      0.071343      0.202220E+01
      0.074148      0.185141E+01
      0.076954      0.167734E+01
      0.079760      0.155066E+01
      0.082565      0.147856E+01
      0.085371      0.140776E+01
      0.088176      0.132659E+01
      0.090982      0.134738E+01
      0.093788      0.147787E+01
      0.096593      0.158730E+01
      0.099399      0.164695E+01
      0.102204      0.166283E+01
      0.105010      0.165215E+01
      0.107816      0.164700E+01
      0.110621      0.167498E+01
      0.113427      0.171088E+01
      0.116232      0.173414E+01
      0.119038      0.175547E+01
      0.121844      0.178172E+01
      0.124649      0.179675E+01
      0.127455      0.178839E+01
      0.130261      0.177615E+01
      0.133066      0.179875E+01
      0.135872      0.185316E+01
      0.138677      0.191797E+01
      0.141483      0.198348E+01
      0.144289      0.204342E+01
      0.147094      0.209112E+01
      0.149900      0.213376E+01
      0.152705      0.219130E+01
      0.155511      0.226126E+01
      0.158317      0.232249E+01
      0.161122      0.236348E+01
      0.163928      0.238279E+01
      0.166733      0.238630E+01
      0.169539      0.239297E+01
      0.172345      0.243430E+01
      0.175150      0.251249E+01
      0.177956      0.258958E+01
      0.180762      0.263816E+01
      0.183567      0.265050E+01
      0.186373      0.263040E+01
      0.189178      0.259044E+01
      0.191984      0.256027E+01
      0.194790      0.260889E+01
      0.197595      0.276503E+01
      0.200401      0.295939E+01
      0.203206      0.314407E+01
      0.206012      0.330147E+01
      0.208818      0.342562E+01
      0.211623      0.351731E+01
      0.214429      0.358508E+01
      0.217234      0.364444E+01
      0.220040      0.370654E+01
      0.222846      0.376883E+01
      0.225651      0.382411E+01
      0.228457      0.387163E+01
      0.231263      0.392326E+01
      0.234068      0.400633E+01
      0.236874      0.413998E+01
      0.239679      0.430679E+01
      0.242485      0.448189E+01
      0.245291      0.465440E+01
      0.248096      0.482612E+01
      0.250902      0.501569E+01
      0.253707      0.525091E+01
      0.256513      0.553862E+01
      0.259319      0.586077E+01
      0.262124      0.619755E+01
      0.264930      0.653837E+01
      0.267735      0.687972E+01
      0.270541      0.721975E+01
      0.273347      0.755915E+01
      0.276152      0.790859E+01
      0.278958      0.829431E+01
      0.281764      0.875124E+01
      0.284569      0.930331E+01
      0.287375      0.995419E+01
      0.290180      0.106977E+02
      0.292986      0.115287E+02
      0.295792      0.124457E+02
      0.298597      0.134475E+02
      0.301403      0.145268E+02
      0.304208      0.156693E+02
      0.307014      0.168597E+02
      0.309820      0.180858E+02
      0.312625      0.193391E+02
      0.315431      0.206113E+02
      0.318236      0.218927E+02
      0.321042      0.231744E+02
      0.323848      0.244528E+02
      0.326653      0.257334E+02
      0.329459      0.270307E+02
      0.332265      0.283664E+02
      0.335070      0.297690E+02
      0.337876      0.312790E+02
      0.340681      0.329562E+02
      0.343487      0.348828E+02
      0.346293      0.371541E+02
      0.349098      0.398492E+02
      0.351904      0.429771E+02
      0.354709      0.464028E+02
      0.357515      0.498297E+02
      0.360321      0.529267E+02
      0.363126      0.554870E+02
      0.365932      0.574531E+02
      0.368737      0.588558E+02
      0.371543      0.597590E+02
      0.374349      0.602327E+02
      0.377154      0.603470E+02
      0.379960      0.601723E+02
      0.382766      0.597814E+02
      0.385571      0.592480E+02
      0.388377      0.586428E+02
      0.391182      0.580287E+02
      0.393988      0.574579E+02
      0.396794      0.569713E+02
      0.399599      0.565999E+02
      0.402405      0.563684E+02
      0.405210      0.562966E+02
      0.408016      0.564023E+02
      0.410822      0.567024E+02
      0.413627      0.572134E+02
      0.416433      0.579516E+02
      0.419238      0.589335E+02
      0.422044      0.601738E+02
      0.424850      0.616848E+02
      0.427655      0.634732E+02
      0.430461      0.655362E+02
      0.433267      0.678554E+02
      0.436072      0.703841E+02
      0.438878      0.730238E+02
      0.441683      0.755854E+02
      0.444489      0.777236E+02
      0.447295      0.788305E+02
      0.450100      0.779342E+02
      0.452906      0.739771E+02
      0.455711      0.670053E+02
      0.458517      0.586792E+02
      0.461323      0.505698E+02
      0.464128      0.432959E+02
      0.466934      0.368694E+02
      0.469739      0.313287E+02
      0.472545      0.267535E+02
      0.475351      0.230495E+02
      0.478156      0.200877E+02
      0.480962      0.178715E+02
      0.483768      0.163683E+02
      0.486573      0.153047E+02
      0.489379      0.144477E+02
      0.492184      0.137162E+02
      0.494990      0.131062E+02
      0.497796      0.125958E+02
      0.500601      0.120641E+02
      0.503407      0.113927E+02
      0.506212      0.105532E+02
      0.509018      0.962486E+01
      0.511824      0.873179E+01
      0.514629      0.804921E+01
      0.517435      0.782554E+01
      0.520240      0.796264E+01
      0.523046      0.818038E+01
      0.525852      0.832985E+01
      0.528657      0.836828E+01
      0.531463      0.830672E+01
      0.534269      0.816847E+01
      0.537074      0.796522E+01
      0.539880      0.770742E+01
      0.542685      0.742789E+01
      0.545491      0.716678E+01
      0.548297      0.693822E+01
      0.551102      0.673053E+01
      0.553908      0.653791E+01
      0.556713      0.640203E+01
      0.559519      0.634115E+01
      0.562325      0.629736E+01
      0.565130      0.619600E+01
      0.567936      0.598492E+01
      0.570741      0.564798E+01
      0.573547      0.521868E+01
      0.576353      0.478673E+01
      0.579158      0.444864E+01
      0.581964      0.416701E+01
      0.584770      0.402011E+01
      0.587575      0.420686E+01
      0.590381      0.455277E+01
      0.593186      0.492108E+01
      0.595992      0.524749E+01
      0.598798      0.550198E+01
      0.601603      0.567652E+01
      0.604409      0.577552E+01
      0.607214      0.580407E+01
      0.610020      0.575837E+01
      0.612826      0.562399E+01
      0.615631      0.538020E+01
      0.618437      0.500619E+01
      0.621242      0.450535E+01
      0.624048      0.399240E+01
      0.626854      0.369038E+01
      0.629659      0.356358E+01
      0.632465      0.349388E+01
      0.635271      0.350221E+01
      0.638076      0.357417E+01
      0.640882      0.365583E+01
      0.643687      0.373230E+01
      0.646493      0.375144E+01
      0.649299      0.365972E+01
      0.652104      0.349582E+01
      0.654910      0.338563E+01
      0.657715      0.333368E+01
      0.660521      0.326395E+01
      0.663327      0.314404E+01
      0.666132      0.296373E+01
      0.668938      0.284434E+01
      0.671743      0.284064E+01
      0.674549      0.293923E+01
      0.677355      0.315796E+01
      0.680160      0.337952E+01
      0.682966      0.354033E+01
      0.685772      0.366455E+01
      0.688577      0.376258E+01
      0.691383      0.382276E+01
      0.694188      0.384936E+01
      0.696994      0.383270E+01
      0.699800      0.372623E+01
      0.702605      0.348979E+01
      0.705411      0.312965E+01
      0.708216      0.273118E+01
      0.711022      0.242242E+01
      0.713828      0.223799E+01
      0.716633      0.205903E+01
      0.719439      0.201247E+01
      0.722244      0.218876E+01
      0.725050      0.231106E+01
      0.727856      0.233251E+01
      0.730661      0.226603E+01
      0.733467      0.214509E+01
      0.736273      0.202490E+01
      0.739078      0.209693E+01
      0.741884      0.223567E+01
      0.744689      0.223386E+01
      0.747495      0.209346E+01
      0.750301      0.206064E+01
      0.753106      0.236308E+01
      0.755912      0.266296E+01
      0.758717      0.284984E+01
      0.761523      0.292315E+01
      0.764329      0.290158E+01
      0.767134      0.286836E+01
      0.769940      0.295427E+01
      0.772745      0.317116E+01
      0.775551      0.341430E+01
      0.778357      0.359382E+01
      0.781162      0.368548E+01
      0.783968      0.370884E+01
      0.786774      0.369195E+01
      0.789579      0.364839E+01
      0.792385      0.359663E+01
      0.795190      0.357107E+01
      0.797996      0.359349E+01
      0.800802      0.364567E+01
      0.803607      0.369345E+01
      0.806413      0.372416E+01
      0.809218      0.375330E+01
      0.812024      0.380879E+01
      0.814830      0.389825E+01
      0.817635      0.398903E+01
      0.820441      0.404198E+01
      0.823246      0.404953E+01
      0.826052      0.403781E+01
      0.828858      0.404015E+01
      0.831663      0.406147E+01
      0.834469      0.408736E+01
      0.837275      0.411516E+01
      0.840080      0.415599E+01
      0.842886      0.420978E+01
      0.845691      0.426404E+01
      0.848497      0.432015E+01
      0.851303      0.437482E+01
      0.854108      0.440285E+01
      0.856914      0.439203E+01
      0.859719      0.436200E+01
      0.862525      0.434050E+01
      0.865331      0.434120E+01
      0.868136      0.436258E+01
      0.870942      0.438776E+01
      0.873747      0.439817E+01
      0.876553      0.439734E+01
      0.879359      0.440657E+01
      0.882164      0.443692E+01
      0.884970      0.448129E+01
      0.887776      0.453289E+01
      0.890581      0.458988E+01
      0.893387      0.464957E+01
      0.896192      0.470570E+01
      0.898998      0.474623E+01
      0.901804      0.475743E+01
      0.904609      0.473549E+01
      0.907415      0.469508E+01
      0.910220      0.466206E+01
      0.913026      0.464882E+01
      0.915832      0.464259E+01
      0.918637      0.461828E+01
      0.921443      0.455871E+01
      0.924248      0.446975E+01
      0.927054      0.438236E+01
      0.929860      0.434027E+01
      0.932665      0.435664E+01
      0.935471      0.439222E+01
      0.938277      0.440868E+01
      0.941082      0.439753E+01
      0.943888      0.437223E+01
      0.946693      0.435000E+01
      0.949499      0.433672E+01
      0.952305      0.432983E+01
      0.955110      0.432715E+01
      0.957916      0.433009E+01
      0.960721      0.434339E+01
      0.963527      0.437256E+01
      0.966333      0.441994E+01
      0.969138      0.448500E+01
      0.971944      0.456673E+01
      0.974749      0.466073E+01
      0.977555      0.475608E+01
      0.980361      0.483710E+01
      0.983166      0.488618E+01
      0.985972      0.488915E+01
      0.988778      0.484320E+01
      0.991583      0.476103E+01
      0.994389      0.466333E+01
      0.997194      0.456350E+01
      1.000000      0.446399E+01
