DOS Data: Atom #   1
--------------------------------
Fermi energy:  0.61881434                                   
LIZ Radius:  7.89131168                                     
Num Energy Points:   500                                    
--------------------------------
        Energy           DOS
     -0.400000      0.614601E-01
     -0.397194      0.622149E-01
     -0.394389      0.629848E-01
     -0.391583      0.637700E-01
     -0.388778      0.645712E-01
     -0.385972      0.653886E-01
     -0.383166      0.662228E-01
     -0.380361      0.670742E-01
     -0.377555      0.679433E-01
     -0.374749      0.688307E-01
     -0.371944      0.697368E-01
     -0.369138      0.706622E-01
     -0.366333      0.716074E-01
     -0.363527      0.725730E-01
     -0.360721      0.735597E-01
     -0.357916      0.745681E-01
     -0.355110      0.755988E-01
     -0.352305      0.766525E-01
     -0.349499      0.777299E-01
     -0.346693      0.788317E-01
     -0.343888      0.799588E-01
     -0.341082      0.811118E-01
     -0.338277      0.822917E-01
     -0.335471      0.834992E-01
     -0.332665      0.847353E-01
     -0.329860      0.860009E-01
     -0.327054      0.872970E-01
     -0.324248      0.886245E-01
     -0.321443      0.899846E-01
     -0.318637      0.913783E-01
     -0.315832      0.928068E-01
     -0.313026      0.942713E-01
     -0.310220      0.957730E-01
     -0.307415      0.973132E-01
     -0.304609      0.988933E-01
     -0.301804      0.100515E+00
     -0.298998      0.102179E+00
     -0.296192      0.103888E+00
     -0.293387      0.105642E+00
     -0.290581      0.107445E+00
     -0.287776      0.109296E+00
     -0.284970      0.111200E+00
     -0.282164      0.113156E+00
     -0.279359      0.115169E+00
     -0.276553      0.117238E+00
     -0.273747      0.119368E+00
     -0.270942      0.121560E+00
     -0.268136      0.123817E+00
     -0.265331      0.126142E+00
     -0.262525      0.128536E+00
     -0.259719      0.131005E+00
     -0.256914      0.133549E+00
     -0.254108      0.136174E+00
     -0.251303      0.138882E+00
     -0.248497      0.141677E+00
     -0.245691      0.144563E+00
     -0.242886      0.147544E+00
     -0.240080      0.150624E+00
     -0.237275      0.153809E+00
     -0.234469      0.157103E+00
     -0.231663      0.160512E+00
     -0.228858      0.164041E+00
     -0.226052      0.167696E+00
     -0.223246      0.171484E+00
     -0.220441      0.175411E+00
     -0.217635      0.179486E+00
     -0.214830      0.183716E+00
     -0.212024      0.188109E+00
     -0.209218      0.192675E+00
     -0.206413      0.197424E+00
     -0.203607      0.202367E+00
     -0.200802      0.207515E+00
     -0.197996      0.212882E+00
     -0.195190      0.218480E+00
     -0.192385      0.224327E+00
     -0.189579      0.230437E+00
     -0.186774      0.236832E+00
     -0.183968      0.243530E+00
     -0.181162      0.250556E+00
     -0.178357      0.257936E+00
     -0.175551      0.265700E+00
     -0.172745      0.273882E+00
     -0.169940      0.282524E+00
     -0.167134      0.291673E+00
     -0.164329      0.301386E+00
     -0.161523      0.311733E+00
     -0.158717      0.322804E+00
     -0.155912      0.334712E+00
     -0.153106      0.347613E+00
     -0.150301      0.361724E+00
     -0.147495      0.377370E+00
     -0.144689      0.395071E+00
     -0.141884      0.415737E+00
     -0.139078      0.441178E+00
     -0.136273      0.475622E+00
     -0.133467      0.531104E+00
     -0.130661      0.637722E+00
     -0.127856      0.770591E+00
     -0.125050      0.863288E+00
     -0.122244      0.979643E+00
     -0.119439      0.110183E+01
     -0.116633      0.121706E+01
     -0.113828      0.128990E+01
     -0.111022      0.130863E+01
     -0.108216      0.133834E+01
     -0.105411      0.148631E+01
     -0.102605      0.163870E+01
     -0.099800      0.174300E+01
     -0.096994      0.181854E+01
     -0.094188      0.187991E+01
     -0.091383      0.193105E+01
     -0.088577      0.197806E+01
     -0.085772      0.202785E+01
     -0.082966      0.213322E+01
     -0.080160      0.232605E+01
     -0.077355      0.251179E+01
     -0.074549      0.266109E+01
     -0.071743      0.278929E+01
     -0.068938      0.291280E+01
     -0.066132      0.303708E+01
     -0.063327      0.315881E+01
     -0.060521      0.328384E+01
     -0.057715      0.345601E+01
     -0.054910      0.373334E+01
     -0.052104      0.409181E+01
     -0.049299      0.449780E+01
     -0.046493      0.493916E+01
     -0.043687      0.542042E+01
     -0.040882      0.597258E+01
     -0.038076      0.666085E+01
     -0.035271      0.758073E+01
     -0.032465      0.885257E+01
     -0.029659      0.107160E+02
     -0.026854      0.137711E+02
     -0.024048      0.193431E+02
     -0.021242      0.289154E+02
     -0.018437      0.405901E+02
     -0.015631      0.519353E+02
     -0.012826      0.627197E+02
     -0.010020      0.731540E+02
     -0.007214      0.831033E+02
     -0.004409      0.918011E+02
     -0.001603      0.982985E+02
      0.001202      0.102288E+03
      0.004008      0.104167E+03
      0.006814      0.104572E+03
      0.009619      0.104075E+03
      0.012425      0.103108E+03
      0.015230      0.101979E+03
      0.018036      0.100903E+03
      0.020842      0.100029E+03
      0.023647      0.994592E+02
      0.026453      0.992603E+02
      0.029259      0.994775E+02
      0.032064      0.100142E+03
      0.034870      0.101279E+03
      0.037675      0.102913E+03
      0.040481      0.105069E+03
      0.043287      0.107767E+03
      0.046092      0.110999E+03
      0.048898      0.114663E+03
      0.051703      0.118424E+03
      0.054509      0.121421E+03
      0.057315      0.121787E+03
      0.060120      0.116340E+03
      0.062926      0.103011E+03
      0.065731      0.864550E+02
      0.068537      0.721426E+02
      0.071343      0.597657E+02
      0.074148      0.476068E+02
      0.076954      0.345957E+02
      0.079760      0.228015E+02
      0.082565      0.159297E+02
      0.085371      0.122233E+02
      0.088176      0.993243E+01
      0.090982      0.870909E+01
      0.093788      0.812711E+01
      0.096593      0.760379E+01
      0.099399      0.705354E+01
      0.102204      0.650770E+01
      0.105010      0.601065E+01
      0.107816      0.562221E+01
      0.110621      0.536566E+01
      0.113427      0.515437E+01
      0.116232      0.494674E+01
      0.119038      0.476579E+01
      0.121844      0.461151E+01
      0.124649      0.444627E+01
      0.127455      0.425919E+01
      0.130261      0.409962E+01
      0.133066      0.402757E+01
      0.135872      0.401560E+01
      0.138677      0.401898E+01
      0.141483      0.402057E+01
      0.144289      0.400901E+01
      0.147094      0.397734E+01
      0.149900      0.394528E+01
      0.152705      0.394142E+01
      0.155511      0.394821E+01
      0.158317      0.393092E+01
      0.161122      0.388046E+01
      0.163928      0.380412E+01
      0.166733      0.371863E+01
      0.169539      0.365559E+01
      0.172345      0.365107E+01
      0.175150      0.368610E+01
      0.177956      0.369976E+01
      0.180762      0.366481E+01
      0.183567      0.358497E+01
      0.186373      0.347658E+01
      0.189178      0.336332E+01
      0.191984      0.328726E+01
      0.194790      0.332832E+01
      0.197595      0.348984E+01
      0.200401      0.366525E+01
      0.203206      0.379815E+01
      0.206012      0.387590E+01
      0.208818      0.390154E+01
      0.211623      0.388606E+01
      0.214429      0.384705E+01
      0.217234      0.380427E+01
      0.220040      0.376667E+01
      0.222846      0.372837E+01
      0.225651      0.368264E+01
      0.228457      0.363163E+01
      0.231263      0.358929E+01
      0.234068      0.357954E+01
      0.236874      0.361095E+01
      0.239679      0.365906E+01
      0.242485      0.370068E+01
      0.245291      0.372900E+01
      0.248096      0.374878E+01
      0.250902      0.377666E+01
      0.253707      0.383077E+01
      0.256513      0.390801E+01
      0.259319      0.398856E+01
      0.262124      0.405629E+01
      0.264930      0.410485E+01
      0.267735      0.413371E+01
      0.270541      0.414326E+01
      0.273347      0.413498E+01
      0.276152      0.411534E+01
      0.278958      0.409742E+01
      0.281764      0.409594E+01
      0.284569      0.411737E+01
      0.287375      0.415737E+01
      0.290180      0.420798E+01
      0.292986      0.426333E+01
      0.295792      0.432023E+01
      0.298597      0.437605E+01
      0.301403      0.442686E+01
      0.304208      0.446801E+01
      0.307014      0.449626E+01
      0.309820      0.451097E+01
      0.312625      0.451371E+01
      0.315431      0.450706E+01
      0.318236      0.449381E+01
      0.321042      0.447662E+01
      0.323848      0.445808E+01
      0.326653      0.444043E+01
      0.329459      0.442514E+01
      0.332265      0.441253E+01
      0.335070      0.440218E+01
      0.337876      0.439417E+01
      0.340681      0.439060E+01
      0.343487      0.439624E+01
      0.346293      0.441775E+01
      0.349098      0.446158E+01
      0.351904      0.453122E+01
      0.354709      0.462365E+01
      0.357515      0.472746E+01
      0.360321      0.482746E+01
      0.363126      0.491236E+01
      0.365932      0.497709E+01
      0.368737      0.502075E+01
      0.371543      0.504431E+01
      0.374349      0.504938E+01
      0.377154      0.503779E+01
      0.379960      0.501151E+01
      0.382766      0.497260E+01
      0.385571      0.492310E+01
      0.388377      0.486488E+01
      0.391182      0.479954E+01
      0.393988      0.472829E+01
      0.396794      0.465205E+01
      0.399599      0.457151E+01
      0.402405      0.448727E+01
      0.405210      0.439997E+01
      0.408016      0.431027E+01
      0.410822      0.421890E+01
      0.413627      0.412651E+01
      0.416433      0.403360E+01
      0.419238      0.394039E+01
      0.422044      0.384669E+01
      0.424850      0.375187E+01
      0.427655      0.365498E+01
      0.430461      0.355521E+01
      0.433267      0.345250E+01
      0.436072      0.334791E+01
      0.438878      0.324336E+01
      0.441683      0.314100E+01
      0.444489      0.304283E+01
      0.447295      0.295108E+01
      0.450100      0.286896E+01
      0.452906      0.279933E+01
      0.455711      0.273883E+01
      0.458517      0.267722E+01
      0.461323      0.261255E+01
      0.464128      0.255601E+01
      0.466934      0.251780E+01
      0.469739      0.250798E+01
      0.472545      0.252718E+01
      0.475351      0.257468E+01
      0.478156      0.264790E+01
      0.480962      0.274983E+01
      0.483768      0.286116E+01
      0.486573      0.293165E+01
      0.489379      0.295663E+01
      0.492184      0.296416E+01
      0.494990      0.297944E+01
      0.497796      0.301461E+01
      0.500601      0.304252E+01
      0.503407      0.302543E+01
      0.506212      0.294964E+01
      0.509018      0.284421E+01
      0.511824      0.276978E+01
      0.514629      0.280568E+01
      0.517435      0.299489E+01
      0.520240      0.322545E+01
      0.523046      0.339942E+01
      0.525852      0.349435E+01
      0.528657      0.351953E+01
      0.531463      0.349901E+01
      0.534269      0.345528E+01
      0.537074      0.339936E+01
      0.539880      0.333961E+01
      0.542685      0.329316E+01
      0.545491      0.327384E+01
      0.548297      0.327488E+01
      0.551102      0.327836E+01
      0.553908      0.328561E+01
      0.556713      0.332290E+01
      0.559519      0.338143E+01
      0.562325      0.341528E+01
      0.565130      0.338814E+01
      0.567936      0.328301E+01
      0.570741      0.310532E+01
      0.573547      0.289131E+01
      0.576353      0.270591E+01
      0.579158      0.259232E+01
      0.581964      0.250618E+01
      0.584770      0.251532E+01
      0.587575      0.273242E+01
      0.590381      0.301833E+01
      0.593186      0.329251E+01
      0.595992      0.351902E+01
      0.598798      0.368381E+01
      0.601603      0.378867E+01
      0.604409      0.384185E+01
      0.607214      0.384766E+01
      0.610020      0.380148E+01
      0.612826      0.369331E+01
      0.615631      0.351406E+01
      0.618437      0.325961E+01
      0.621242      0.294413E+01
      0.624048      0.264766E+01
      0.626854      0.250033E+01
      0.629659      0.246719E+01
      0.632465      0.248318E+01
      0.635271      0.256054E+01
      0.638076      0.266512E+01
      0.640882      0.275419E+01
      0.643687      0.282335E+01
      0.646493      0.283666E+01
      0.649299      0.276580E+01
      0.652104      0.265588E+01
      0.654910      0.259911E+01
      0.657715      0.258206E+01
      0.660521      0.254811E+01
      0.663327      0.247502E+01
      0.666132      0.236218E+01
      0.668938      0.231243E+01
      0.671743      0.235515E+01
      0.674549      0.248056E+01
      0.677355      0.269616E+01
      0.680160      0.289206E+01
      0.682966      0.302425E+01
      0.685772      0.312307E+01
      0.688577      0.319715E+01
      0.691383      0.323676E+01
      0.694188      0.324481E+01
      0.696994      0.320700E+01
      0.699800      0.308644E+01
      0.702605      0.286487E+01
      0.705411      0.256532E+01
      0.708216      0.226368E+01
      0.711022      0.204937E+01
      0.713828      0.192960E+01
      0.716633      0.180491E+01
      0.719439      0.180798E+01
      0.722244      0.200619E+01
      0.725050      0.214170E+01
      0.727856      0.217903E+01
      0.730661      0.213480E+01
      0.733467      0.204150E+01
      0.736273      0.195514E+01
      0.739078      0.206283E+01
      0.741884      0.221539E+01
      0.744689      0.222150E+01
      0.747495      0.211470E+01
      0.750301      0.217095E+01
      0.753106      0.257974E+01
      0.755912      0.294456E+01
      0.758717      0.316317E+01
      0.761523      0.325574E+01
      0.764329      0.326352E+01
      0.767134      0.328534E+01
      0.769940      0.344053E+01
      0.772745      0.371178E+01
      0.775551      0.397622E+01
      0.778357      0.414805E+01
      0.781162      0.421995E+01
      0.783968      0.422549E+01
      0.786774      0.419714E+01
      0.789579      0.414931E+01
      0.792385      0.410294E+01
      0.795190      0.409197E+01
      0.797996      0.413006E+01
      0.800802      0.418819E+01
      0.803607      0.423005E+01
      0.806413      0.424991E+01
      0.809218      0.427186E+01
      0.812024      0.432654E+01
      0.814830      0.441438E+01
      0.817635      0.449282E+01
      0.820441      0.452311E+01
      0.823246      0.450720E+01
      0.826052      0.447880E+01
      0.828858      0.446931E+01
      0.831663      0.447690E+01
      0.834469      0.448598E+01
      0.837275      0.449818E+01
      0.840080      0.452630E+01
      0.842886      0.456599E+01
      0.845691      0.460178E+01
      0.848497      0.463506E+01
      0.851303      0.465932E+01
      0.854108      0.464856E+01
      0.856914      0.459854E+01
      0.859719      0.453852E+01
      0.862525      0.450005E+01
      0.865331      0.449589E+01
      0.868136      0.452085E+01
      0.870942      0.455327E+01
      0.873747      0.457400E+01
      0.876553      0.458971E+01
      0.879359      0.462041E+01
      0.882164      0.466980E+01
      0.884970      0.472527E+01
      0.887776      0.477948E+01
      0.890581      0.483176E+01
      0.893387      0.488076E+01
      0.896192      0.492062E+01
      0.898998      0.493913E+01
      0.901804      0.492514E+01
      0.904609      0.488142E+01
      0.907415      0.482880E+01
      0.910220      0.479196E+01
      0.913026      0.477492E+01
      0.915832      0.475787E+01
      0.918637      0.471624E+01
      0.921443      0.464164E+01
      0.924248      0.455262E+01
      0.927054      0.448934E+01
      0.929860      0.449182E+01
      0.932665      0.455236E+01
      0.935471      0.461375E+01
      0.938277      0.463816E+01
      0.941082      0.462642E+01
      0.943888      0.459950E+01
      0.946693      0.457677E+01
      0.949499      0.456375E+01
      0.952305      0.455861E+01
      0.955110      0.456082E+01
      0.957916      0.457305E+01
      0.960721      0.459968E+01
      0.963527      0.464377E+01
      0.966333      0.470439E+01
      0.969138      0.477923E+01
      0.971944      0.486617E+01
      0.974749      0.495818E+01
      0.977555      0.504091E+01
      0.980361      0.509650E+01
      0.983166      0.510825E+01
      0.985972      0.506756E+01
      0.988778      0.498139E+01
      0.991583      0.487203E+01
      0.994389      0.476516E+01
      0.997194      0.467412E+01
      1.000000      0.460067E+01
