SS_DOS Data: Atom #   1
--------------------------------
Fermi energy:  0.61881434                                   
LIZ Radius:  7.89131168                                     
Num Energy Points:   500                                    
--------------------------------
        Energy           DOS
     -0.400000      0.000000E+00
     -0.397194      0.000000E+00
     -0.394389      0.000000E+00
     -0.391583      0.000000E+00
     -0.388778      0.000000E+00
     -0.385972      0.000000E+00
     -0.383166      0.000000E+00
     -0.380361      0.000000E+00
     -0.377555      0.000000E+00
     -0.374749      0.000000E+00
     -0.371944      0.000000E+00
     -0.369138      0.000000E+00
     -0.366333      0.000000E+00
     -0.363527      0.000000E+00
     -0.360721      0.000000E+00
     -0.357916      0.000000E+00
     -0.355110      0.000000E+00
     -0.352305      0.000000E+00
     -0.349499      0.000000E+00
     -0.346693      0.000000E+00
     -0.343888      0.000000E+00
     -0.341082      0.000000E+00
     -0.338277      0.000000E+00
     -0.335471      0.000000E+00
     -0.332665      0.000000E+00
     -0.329860      0.000000E+00
     -0.327054      0.000000E+00
     -0.324248      0.000000E+00
     -0.321443      0.000000E+00
     -0.318637      0.000000E+00
     -0.315832      0.000000E+00
     -0.313026      0.000000E+00
     -0.310220      0.000000E+00
     -0.307415      0.000000E+00
     -0.304609      0.000000E+00
     -0.301804      0.000000E+00
     -0.298998      0.000000E+00
     -0.296192      0.000000E+00
     -0.293387      0.000000E+00
     -0.290581      0.000000E+00
     -0.287776      0.000000E+00
     -0.284970      0.000000E+00
     -0.282164      0.000000E+00
     -0.279359      0.000000E+00
     -0.276553      0.000000E+00
     -0.273747      0.000000E+00
     -0.270942      0.000000E+00
     -0.268136      0.000000E+00
     -0.265331      0.000000E+00
     -0.262525      0.000000E+00
     -0.259719      0.000000E+00
     -0.256914      0.000000E+00
     -0.254108      0.000000E+00
     -0.251303      0.000000E+00
     -0.248497      0.000000E+00
     -0.245691      0.000000E+00
     -0.242886      0.000000E+00
     -0.240080      0.000000E+00
     -0.237275      0.000000E+00
     -0.234469      0.000000E+00
     -0.231663      0.000000E+00
     -0.228858      0.000000E+00
     -0.226052      0.000000E+00
     -0.223246      0.000000E+00
     -0.220441      0.000000E+00
     -0.217635      0.000000E+00
     -0.214830      0.000000E+00
     -0.212024      0.000000E+00
     -0.209218      0.000000E+00
     -0.206413      0.000000E+00
     -0.203607      0.000000E+00
     -0.200802      0.000000E+00
     -0.197996      0.000000E+00
     -0.195190      0.000000E+00
     -0.192385      0.000000E+00
     -0.189579      0.000000E+00
     -0.186774      0.000000E+00
     -0.183968      0.000000E+00
     -0.181162      0.000000E+00
     -0.178357      0.000000E+00
     -0.175551      0.000000E+00
     -0.172745      0.000000E+00
     -0.169940      0.000000E+00
     -0.167134      0.000000E+00
     -0.164329      0.000000E+00
     -0.161523      0.000000E+00
     -0.158717      0.000000E+00
     -0.155912      0.000000E+00
     -0.153106      0.000000E+00
     -0.150301      0.000000E+00
     -0.147495      0.000000E+00
     -0.144689      0.000000E+00
     -0.141884      0.000000E+00
     -0.139078      0.000000E+00
     -0.136273      0.000000E+00
     -0.133467      0.000000E+00
     -0.130661      0.000000E+00
     -0.127856      0.000000E+00
     -0.125050      0.000000E+00
     -0.122244      0.000000E+00
     -0.119439      0.000000E+00
     -0.116633      0.000000E+00
     -0.113828      0.000000E+00
     -0.111022      0.000000E+00
     -0.108216      0.000000E+00
     -0.105411      0.000000E+00
     -0.102605      0.000000E+00
     -0.099800      0.000000E+00
     -0.096994      0.000000E+00
     -0.094188      0.000000E+00
     -0.091383      0.000000E+00
     -0.088577      0.000000E+00
     -0.085772      0.000000E+00
     -0.082966      0.000000E+00
     -0.080160      0.000000E+00
     -0.077355      0.000000E+00
     -0.074549      0.000000E+00
     -0.071743      0.000000E+00
     -0.068938      0.000000E+00
     -0.066132      0.000000E+00
     -0.063327      0.000000E+00
     -0.060521      0.000000E+00
     -0.057715      0.000000E+00
     -0.054910      0.000000E+00
     -0.052104      0.000000E+00
     -0.049299      0.000000E+00
     -0.046493      0.000000E+00
     -0.043687      0.000000E+00
     -0.040882      0.000000E+00
     -0.038076      0.000000E+00
     -0.035271      0.000000E+00
     -0.032465      0.000000E+00
     -0.029659      0.000000E+00
     -0.026854      0.000000E+00
     -0.024048      0.000000E+00
     -0.021242      0.000000E+00
     -0.018437      0.000000E+00
     -0.015631      0.000000E+00
     -0.012826      0.000000E+00
     -0.010020      0.000000E+00
     -0.007214      0.000000E+00
     -0.004409      0.000000E+00
     -0.001603      0.000000E+00
      0.001202      0.172803E+00
      0.004008      0.314106E+00
      0.006814      0.407787E+00
      0.009619      0.482496E+00
      0.012425      0.546127E+00
      0.015230      0.602247E+00
      0.018036      0.652837E+00
      0.020842      0.699135E+00
      0.023647      0.741979E+00
      0.026453      0.781967E+00
      0.029259      0.819547E+00
      0.032064      0.855062E+00
      0.034870      0.888786E+00
      0.037675      0.920938E+00
      0.040481      0.951701E+00
      0.043287      0.981227E+00
      0.046092      0.100964E+01
      0.048898      0.103706E+01
      0.051703      0.106358E+01
      0.054509      0.108928E+01
      0.057315      0.111423E+01
      0.060120      0.113851E+01
      0.062926      0.116217E+01
      0.065731      0.118526E+01
      0.068537      0.120783E+01
      0.071343      0.122993E+01
      0.074148      0.125160E+01
      0.076954      0.127286E+01
      0.079760      0.129377E+01
      0.082565      0.131434E+01
      0.085371      0.133461E+01
      0.088176      0.135461E+01
      0.090982      0.137437E+01
      0.093788      0.139390E+01
      0.096593      0.141324E+01
      0.099399      0.143240E+01
      0.102204      0.145141E+01
      0.105010      0.147029E+01
      0.107816      0.148905E+01
      0.110621      0.150773E+01
      0.113427      0.152634E+01
      0.116232      0.154489E+01
      0.119038      0.156341E+01
      0.121844      0.158192E+01
      0.124649      0.160044E+01
      0.127455      0.161898E+01
      0.130261      0.163756E+01
      0.133066      0.165620E+01
      0.135872      0.167492E+01
      0.138677      0.169375E+01
      0.141483      0.171269E+01
      0.144289      0.173178E+01
      0.147094      0.175103E+01
      0.149900      0.177046E+01
      0.152705      0.179009E+01
      0.155511      0.180996E+01
      0.158317      0.183008E+01
      0.161122      0.185047E+01
      0.163928      0.187117E+01
      0.166733      0.189220E+01
      0.169539      0.191359E+01
      0.172345      0.193538E+01
      0.175150      0.195758E+01
      0.177956      0.198024E+01
      0.180762      0.200339E+01
      0.183567      0.202706E+01
      0.186373      0.205131E+01
      0.189178      0.207617E+01
      0.191984      0.210169E+01
      0.194790      0.212791E+01
      0.197595      0.215489E+01
      0.200401      0.218269E+01
      0.203206      0.221136E+01
      0.206012      0.224096E+01
      0.208818      0.227158E+01
      0.211623      0.230327E+01
      0.214429      0.233613E+01
      0.217234      0.237024E+01
      0.220040      0.240569E+01
      0.222846      0.244258E+01
      0.225651      0.248103E+01
      0.228457      0.252116E+01
      0.231263      0.256309E+01
      0.234068      0.260697E+01
      0.236874      0.265295E+01
      0.239679      0.270121E+01
      0.242485      0.275193E+01
      0.245291      0.280532E+01
      0.248096      0.286159E+01
      0.250902      0.292100E+01
      0.253707      0.298382E+01
      0.256513      0.305035E+01
      0.259319      0.312093E+01
      0.262124      0.319592E+01
      0.264930      0.327573E+01
      0.267735      0.336083E+01
      0.270541      0.345172E+01
      0.273347      0.354897E+01
      0.276152      0.365323E+01
      0.278958      0.376521E+01
      0.281764      0.388573E+01
      0.284569      0.401569E+01
      0.287375      0.415615E+01
      0.290180      0.430827E+01
      0.292986      0.447340E+01
      0.295792      0.465308E+01
      0.298597      0.484908E+01
      0.301403      0.506341E+01
      0.304208      0.529844E+01
      0.307014      0.555687E+01
      0.309820      0.584189E+01
      0.312625      0.615720E+01
      0.315431      0.650715E+01
      0.318236      0.689692E+01
      0.321042      0.733260E+01
      0.323848      0.782149E+01
      0.326653      0.837237E+01
      0.329459      0.899582E+01
      0.332265      0.970470E+01
      0.335070      0.105148E+02
      0.337876      0.114455E+02
      0.340681      0.125210E+02
      0.343487      0.137717E+02
      0.346293      0.152357E+02
      0.349098      0.169619E+02
      0.351904      0.190134E+02
      0.354709      0.214722E+02
      0.357515      0.244460E+02
      0.360321      0.280781E+02
      0.363126      0.325607E+02
      0.365932      0.381535E+02
      0.368737      0.452096E+02
      0.371543      0.542074E+02
      0.374349      0.657869E+02
      0.377154      0.807706E+02
      0.379960      0.100117E+03
      0.382766      0.124674E+03
      0.385571      0.154467E+03
      0.388377      0.187267E+03
      0.391182      0.216925E+03
      0.393988      0.234070E+03
      0.396794      0.231815E+03
      0.399599      0.211880E+03
      0.402405      0.182698E+03
      0.405210      0.152488E+03
      0.408016      0.125719E+03
      0.410822      0.103697E+03
      0.413627      0.861646E+02
      0.416433      0.723540E+02
      0.419238      0.614667E+02
      0.422044      0.528270E+02
      0.424850      0.459068E+02
      0.427655      0.403060E+02
      0.430461      0.357253E+02
      0.433267      0.319402E+02
      0.436072      0.287820E+02
      0.438878      0.261229E+02
      0.441683      0.238648E+02
      0.444489      0.219323E+02
      0.447295      0.202664E+02
      0.450100      0.188206E+02
      0.452906      0.175582E+02
      0.455711      0.164494E+02
      0.458517      0.154705E+02
      0.461323      0.146020E+02
      0.464128      0.138279E+02
      0.466934      0.131349E+02
      0.469739      0.125123E+02
      0.472545      0.119506E+02
      0.475351      0.114423E+02
      0.478156      0.109808E+02
      0.480962      0.105604E+02
      0.483768      0.101765E+02
      0.486573      0.982489E+01
      0.489379      0.950209E+01
      0.492184      0.920504E+01
      0.494990      0.893106E+01
      0.497796      0.867783E+01
      0.500601      0.844331E+01
      0.503407      0.822570E+01
      0.506212      0.802343E+01
      0.509018      0.783509E+01
      0.511824      0.765944E+01
      0.514629      0.749538E+01
      0.517435      0.734192E+01
      0.520240      0.719817E+01
      0.523046      0.706334E+01
      0.525852      0.693672E+01
      0.528657      0.681766E+01
      0.531463      0.670559E+01
      0.534269      0.659999E+01
      0.537074      0.650036E+01
      0.539880      0.640629E+01
      0.542685      0.631738E+01
      0.545491      0.623326E+01
      0.548297      0.615362E+01
      0.551102      0.607814E+01
      0.553908      0.600656E+01
      0.556713      0.593862E+01
      0.559519      0.587410E+01
      0.562325      0.581276E+01
      0.565130      0.575443E+01
      0.567936      0.569891E+01
      0.570741      0.564604E+01
      0.573547      0.559567E+01
      0.576353      0.554764E+01
      0.579158      0.550182E+01
      0.581964      0.545809E+01
      0.584770      0.541634E+01
      0.587575      0.537645E+01
      0.590381      0.533833E+01
      0.593186      0.530188E+01
      0.595992      0.526701E+01
      0.598798      0.523365E+01
      0.601603      0.520171E+01
      0.604409      0.517112E+01
      0.607214      0.514182E+01
      0.610020      0.511374E+01
      0.612826      0.508683E+01
      0.615631      0.506102E+01
      0.618437      0.503628E+01
      0.621242      0.501253E+01
      0.624048      0.498975E+01
      0.626854      0.496789E+01
      0.629659      0.494690E+01
      0.632465      0.492674E+01
      0.635271      0.490739E+01
      0.638076      0.488880E+01
      0.640882      0.487094E+01
      0.643687      0.485378E+01
      0.646493      0.483729E+01
      0.649299      0.482145E+01
      0.652104      0.480622E+01
      0.654910      0.479158E+01
      0.657715      0.477751E+01
      0.660521      0.476398E+01
      0.663327      0.475097E+01
      0.666132      0.473847E+01
      0.668938      0.472645E+01
      0.671743      0.471490E+01
      0.674549      0.470379E+01
      0.677355      0.469310E+01
      0.680160      0.468284E+01
      0.682966      0.467297E+01
      0.685772      0.466348E+01
      0.688577      0.465436E+01
      0.691383      0.464560E+01
      0.694188      0.463718E+01
      0.696994      0.462909E+01
      0.699800      0.462132E+01
      0.702605      0.461386E+01
      0.705411      0.460670E+01
      0.708216      0.459982E+01
      0.711022      0.459322E+01
      0.713828      0.458689E+01
      0.716633      0.458081E+01
      0.719439      0.457499E+01
      0.722244      0.456940E+01
      0.725050      0.456406E+01
      0.727856      0.455893E+01
      0.730661      0.455403E+01
      0.733467      0.454934E+01
      0.736273      0.454485E+01
      0.739078      0.454056E+01
      0.741884      0.453646E+01
      0.744689      0.453255E+01
      0.747495      0.452882E+01
      0.750301      0.452526E+01
      0.753106      0.452187E+01
      0.755912      0.451865E+01
      0.758717      0.451558E+01
      0.761523      0.451267E+01
      0.764329      0.450991E+01
      0.767134      0.450730E+01
      0.769940      0.450482E+01
      0.772745      0.450249E+01
      0.775551      0.450028E+01
      0.778357      0.449821E+01
      0.781162      0.449626E+01
      0.783968      0.449443E+01
      0.786774      0.449272E+01
      0.789579      0.449112E+01
      0.792385      0.448963E+01
      0.795190      0.448826E+01
      0.797996      0.448699E+01
      0.800802      0.448582E+01
      0.803607      0.448475E+01
      0.806413      0.448378E+01
      0.809218      0.448290E+01
      0.812024      0.448211E+01
      0.814830      0.448141E+01
      0.817635      0.448080E+01
      0.820441      0.448028E+01
      0.823246      0.447983E+01
      0.826052      0.447947E+01
      0.828858      0.447918E+01
      0.831663      0.447897E+01
      0.834469      0.447884E+01
      0.837275      0.447877E+01
      0.840080      0.447878E+01
      0.842886      0.447885E+01
      0.845691      0.447899E+01
      0.848497      0.447920E+01
      0.851303      0.447947E+01
      0.854108      0.447980E+01
      0.856914      0.448019E+01
      0.859719      0.448064E+01
      0.862525      0.448114E+01
      0.865331      0.448170E+01
      0.868136      0.448232E+01
      0.870942      0.448299E+01
      0.873747      0.448371E+01
      0.876553      0.448448E+01
      0.879359      0.448530E+01
      0.882164      0.448617E+01
      0.884970      0.448708E+01
      0.887776      0.448804E+01
      0.890581      0.448905E+01
      0.893387      0.449010E+01
      0.896192      0.449119E+01
      0.898998      0.449232E+01
      0.901804      0.449350E+01
      0.904609      0.449471E+01
      0.907415      0.449597E+01
      0.910220      0.449726E+01
      0.913026      0.449858E+01
      0.915832      0.449995E+01
      0.918637      0.450135E+01
      0.921443      0.450278E+01
      0.924248      0.450425E+01
      0.927054      0.450575E+01
      0.929860      0.450728E+01
      0.932665      0.450885E+01
      0.935471      0.451044E+01
      0.938277      0.451207E+01
      0.941082      0.451373E+01
      0.943888      0.451541E+01
      0.946693      0.451712E+01
      0.949499      0.451887E+01
      0.952305      0.452063E+01
      0.955110      0.452243E+01
      0.957916      0.452425E+01
      0.960721      0.452609E+01
      0.963527      0.452797E+01
      0.966333      0.452986E+01
      0.969138      0.453178E+01
      0.971944      0.453372E+01
      0.974749      0.453569E+01
      0.977555      0.453768E+01
      0.980361      0.453969E+01
      0.983166      0.454172E+01
      0.985972      0.454377E+01
      0.988778      0.454585E+01
      0.991583      0.454794E+01
      0.994389      0.455006E+01
      0.997194      0.455219E+01
      1.000000      0.455434E+01
