 icrys=  1 alat= 8.83800 ncmp=  1 nspn=  2
 at. # =     22
 conc  = 1.0000
   #              energy(ryd)  press(mbar)   rmsrh
  50              -1694.80903    -0.08418   0.35E-07
  49              -1694.80903    -0.08418   0.45E-07                            
  48              -1694.80903    -0.08418   0.57E-07                            
  47              -1694.80903    -0.08418   0.32E-07                            
  46              -1694.80903    -0.08418   0.35E-07                            
  45              -1694.80903    -0.08418   0.38E-07                            
  44              -1694.80903    -0.08418   0.14E-06                            
  43              -1694.80903    -0.08418   0.62E-06                            
  42              -1694.80903    -0.08417   0.84E-06                            
  41              -1694.80903    -0.08417   0.88E-06                            
  40              -1694.80903    -0.08418   0.10E-05                            
  39              -1694.80903    -0.08418   0.13E-05                            
  38              -1694.80903    -0.08412   0.47E-05                            
  37              -1694.80903    -0.08407   0.72E-05                            
  36              -1694.80903    -0.08407   0.78E-05                            
  35              -1694.80903    -0.08416   0.11E-04                            
  34              -1694.80902    -0.08414   0.12E-04                            
  33              -1694.80902    -0.08415   0.13E-04                            
  32              -1694.80902    -0.08399   0.17E-04                            
  31              -1694.80902    -0.08398   0.18E-04                            
  30              -1694.80904    -0.08224   0.10E-03                            
  29              -1694.80904    -0.08194   0.11E-03                            
  28              -1694.80905    -0.08250   0.16E-03                            
  27              -1694.80904    -0.08282   0.18E-03                            
  26              -1694.80906    -0.08342   0.20E-03                            
  25              -1694.80896    -0.08274   0.23E-03                            
  24              -1694.80899    -0.08214   0.25E-03                            
  23              -1694.80884    -0.07906   0.39E-03                            
  22              -1694.80909    -0.08158   0.41E-03                            
  21              -1694.80965    -0.06776   0.11E-02                            
  20              -1694.80887    -0.04854   0.26E-02                            
  19              -1694.80843    -0.03926   0.41E-02                            
  18              -1694.80113     0.07634   0.18E-01                            
  17              -1694.80389     0.07262   0.17E-01                            
  16              -1694.80831    -0.04005   0.52E-02                            
  15              -1694.80928    -0.05335   0.31E-02                            
  14              -1694.81059    -0.06393   0.26E-02                            
  13              -1694.80073     0.07327   0.17E-01                            
  12              -1694.79888     0.10586   0.20E-01                            
  11              -1694.80139     0.10496   0.20E-01                            
  10              -1694.80548     0.03387   0.12E-01                            
   9              -1694.81617    -0.03806   0.61E-02                            
   8              -1694.83007    -0.35342   0.24E-01                            
   7              -1694.81924    -0.70885   0.57E-01                            
   6              -1694.78558     0.64058   0.52E-01                            
   5              -1694.85162    -0.66871   0.58E-01                            
   4              -1694.81330    -1.21107   0.11E+00                            
   3              -1694.82657     0.40293   0.14E+00                            
   2              -1694.81211     0.60427   0.14E+00                            
   1              -1694.78022     0.85854   0.14E+00                            
