Atom: Nb, Spin: 1, Partial Phase Shift and DOS at Energy =    0.48606770
Total DOS in Cell and MT Volumes =   36.57311157  31.94120607
==========================================================================
  l     m         Partial_Phase         Partial_DOS         Partial_DOS_MT
  0     0          -0.63335395           1.09414248           0.74872355
  1    -1          -0.20227478           0.53643341           0.29755512
  1     0          -0.20227478           0.53643341           0.29755512
  1     1          -0.20227478           0.53643341           0.29755512
  2    -2           1.09349940           6.74509145           6.04902230
  2    -1           1.09349940           6.74509145           6.04902230
  2     0           1.09349940           6.74509145           6.04902230
  2     1           1.09349940           6.74509145           6.04902230
  2     2           1.09349940           6.74509145           6.04902230
  3    -3           0.00402594           0.01929016           0.00748274
  3    -2           0.00402594           0.01929016           0.00748274
  3    -1           0.00402594           0.01929016           0.00748274
  3     0           0.00402594           0.01929016           0.00748274
  3     1           0.00402594           0.01929016           0.00748274
  3     2           0.00402594           0.01929016           0.00748274
  3     3           0.00402594           0.01929016           0.00748274
  4    -4           0.00011162           0.00102005           0.00025850
  4    -3           0.00011162           0.00102005           0.00025850
  4    -2           0.00011162           0.00102005           0.00025850
  4    -1           0.00011162           0.00102005           0.00025850
  4     0           0.00011162           0.00102005           0.00025850
  4     1           0.00011162           0.00102005           0.00025850
  4     2           0.00011162           0.00102005           0.00025850
  4     3           0.00011162           0.00102005           0.00025850
  4     4           0.00011162           0.00102005           0.00025850
