System Description            : Nb, bcc structure                               
Number of Atoms in Unit Cell  : 1                                               
Number of Atomic Species      : 1                                               
Number of Atoms in Each Type  : 1(Nb)                                           
Energy Offset                 : -7502                                           
=======================================================================================
    Iter     Energy      3PV     Efermi   Rms_rho    Rms_pot   Mix  Alg  Alpha 
---------------------------------------------------------------------------------------
**       1  -0.924279  -0.54555  0.59100  0.175E-03  0.418E-02  pot  B   0.1000
         2  -0.922269  -0.31056  0.58720  0.103E-03  0.506E-03  pot  B   0.1000
         3  -0.922339  -0.34301  0.58947  0.921E-05  0.509E-03  pot  B   0.1000
         4  -0.922957  -0.85164  0.59473  0.538E-04  0.604E-03  pot  B   0.1000
         5  -0.922472  -0.47228  0.58658  0.336E-04  0.127E-03  pot  B   0.1000
         6  -0.922676  -0.45372  0.59137  0.119E-04  0.177E-03  pot  B   0.1000
         7  -0.922322  -0.49427  0.59238  0.653E-05  0.689E-05  pot  B   0.1000
         8  -0.922284  -0.49212  0.59200  0.144E-05  0.837E-05  pot  B   0.1000
         9  -0.922294  -0.49613  0.59216  0.379E-06  0.378E-05  pot  B   0.1000
        10  -0.922290  -0.49564  0.59214  0.240E-06  0.482E-05  pot  B   0.1000
        11  -0.922289  -0.49392  0.59210  0.216E-06  0.498E-06  pot  B   0.1000
        12  -0.922290  -0.49370  0.59210  0.809E-07  0.210E-05  pot  B   0.1000
        13  -0.922290  -0.49379  0.59210  0.104E-07  0.183E-05  pot  B   0.1000
        14  -0.922290  -0.49415  0.59211  0.461E-07  0.677E-06  pot  B   0.1000
        15  -0.922290  -0.49430  0.59211  0.245E-07  0.159E-06  pot  B   0.1000
        16  -0.922290  -0.49435  0.59211  0.826E-08  0.318E-07  pot  B   0.1000
        17  -0.922290  -0.49437  0.59211  0.309E-08  0.933E-07  pot  B   0.1000
        18  -0.922290  -0.49438  0.59211  0.100E-08  0.115E-06  pot  B   0.1000
        19  -0.922290  -0.49433  0.59211  0.637E-08  0.582E-07  pot  B   0.1000
        20  -0.922290  -0.49433  0.59211  0.136E-08  0.395E-07  pot  B   0.1000
        21  -0.922290  -0.49434  0.59211  0.127E-08  0.152E-07  pot  B   0.1000
        22  -0.922290  -0.49434  0.59211  0.213E-09  0.147E-07  pot  B   0.1000
**      23  -0.912106  439.4734  0.59100  0.180E-03  0.424E-02  pot  B   0.1000
        24  -0.910943  439.8625  0.58697  0.109E-03  0.625E-03  pot  B   0.1000
        25  -0.911029  439.8089  0.58940  0.842E-05  0.592E-03  pot  B   0.1000
        26  -0.911350  439.3425  0.59528  0.418E-04  0.259E-03  pot  B   0.1000
        27  -0.911109  439.5961  0.58723  0.199E-04  0.113E-03  pot  B   0.1000
        28  -0.911299  439.6308  0.59169  0.128E-04  0.171E-03  pot  B   0.1000
        29  -0.910954  439.5860  0.59286  0.525E-05  0.313E-04  pot  B   0.1000
        30  -0.910909  439.5799  0.59255  0.236E-05  0.132E-04  pot  B   0.1000
        31  -0.910916  439.5731  0.59279  0.677E-06  0.100E-04  pot  B   0.1000
        32  -0.910909  439.5734  0.59275  0.344E-06  0.110E-04  pot  B   0.1000
        33  -0.910910  439.5762  0.59270  0.328E-06  0.293E-05  pot  B   0.1000
        34  -0.910911  439.5780  0.59266  0.247E-06  0.302E-05  pot  B   0.1000
        35  -0.910912  439.5780  0.59267  0.345E-07  0.289E-05  pot  B   0.1000
        36  -0.910912  439.5773  0.59268  0.742E-07  0.103E-05  pot  B   0.1000
        37  -0.910912  439.5770  0.59269  0.382E-07  0.212E-06  pot  B   0.1000
        38  -0.910912  439.5769  0.59269  0.129E-07  0.799E-07  pot  B   0.1000
        39  -0.910912  439.5769  0.59269  0.165E-08  0.797E-07  pot  B   0.1000
        40  -0.910912  439.5770  0.59269  0.264E-08  0.204E-07  pot  B   0.1000
        41  -0.910912  439.5770  0.59269  0.903E-09  0.160E-07  pot  B   0.1000
