System Description            : Au, FCC structure                               
Number of Atoms in Unit Cell  : 1                                               
Number of Atomic Species      : 1                                               
Number of Atoms in Each Type  : 1(Au)                                           
Energy Offset                 : -35720                                          
=======================================================================================
    Iter     Energy      3PV     Efermi   Rms_rho    Rms_pot   Mix  Alg  Alpha 
---------------------------------------------------------------------------------------
**       1  -0.973830  -0.74751  0.59543  0.146E-03  0.592E-02  pot  B   0.1000
         2  -0.973807  -0.27126  0.56753  0.422E-04  0.491E-02  pot  B   0.1000
         3  -0.974922   0.86826  0.57885  0.102E-03  0.191E-02  pot  B   0.1000
         4  -0.975578   0.94951  0.55933  0.468E-04  0.121E-02  pot  B   0.1000
         5  -0.975548   0.82840  0.56876  0.997E-05  0.101E-02  pot  B   0.1000
         6  -0.975436   0.54055  0.57160  0.329E-04  0.246E-03  pot  B   0.1000
         7  -0.975403   0.49191  0.57192  0.515E-05  0.160E-03  pot  B   0.1000
         8  -0.975407   0.43886  0.57208  0.464E-05  0.774E-04  pot  B   0.1000
         9  -0.975400   0.40634  0.57226  0.323E-05  0.760E-05  pot  B   0.1000
        10  -0.975400   0.40730  0.57224  0.929E-07  0.764E-05  pot  B   0.1000
        11  -0.975399   0.40365  0.57226  0.360E-06  0.138E-06  pot  B   0.1000
        12  -0.975399   0.40330  0.57226  0.315E-07  0.752E-06  pot  B   0.1000
        13  -0.975399   0.40364  0.57226  0.352E-07  0.255E-08  pot  B   0.1000
        14  -0.975399   0.40363  0.57226  0.108E-08  0.262E-07  pot  B   0.1000
        15  -0.975399   0.40364  0.57226  0.113E-08  0.224E-08  pot  B   0.1000
        16  -0.975399   0.40364  0.57226  0.136E-09  0.752E-09  pot  B   0.1000
**      17  -0.975284   0.39034  0.57303  0.188E-05  0.266E-04  pot  B   0.1000
        18  -0.975285   0.39488  0.57284  0.384E-06  0.201E-04  pot  B   0.1000
        19  -0.975288   0.40545  0.57281  0.910E-06  0.360E-05  pot  B   0.1000
        20  -0.975289   0.40517  0.57278  0.369E-06  0.559E-05  pot  B   0.1000
        21  -0.975288   0.39996  0.57281  0.499E-06  0.451E-05  pot  B   0.1000
        22  -0.975289   0.40295  0.57280  0.258E-06  0.582E-06  pot  B   0.1000
        23  -0.975288   0.40273  0.57280  0.206E-07  0.164E-06  pot  B   0.1000
        24  -0.975288   0.40265  0.57280  0.687E-08  0.472E-07  pot  B   0.1000
        25  -0.975288   0.40259  0.57280  0.531E-08  0.624E-07  pot  B   0.1000
        26  -0.975288   0.40263  0.57280  0.307E-08  0.183E-09  pot  B   0.1000
        27  -0.975288   0.40263  0.57280  0.323E-10  0.861E-09  pot  B   0.1000
        28  -0.975288   0.40263  0.57280  0.847E-11  0.698E-09  pot  B   0.1000
        29  -0.975288   0.40263  0.57280  0.314E-10  0.641E-10  pot  B   0.1000
        30  -0.975288   0.40263  0.57280  0.276E-11  0.179E-10  pot  B   0.1000
        31  -0.975288   0.40263  0.57280  0.175E-11  0.494E-12  pot  B   0.1000
**      32  -0.989939   0.49727  0.56952  0.830E-04  0.452E-02  pot  B   0.1000
        33  -0.990626   0.07819  0.57243  0.732E-04  0.254E-03  pot  B   0.1000
        34  -0.990619   0.17598  0.57313  0.554E-05  0.204E-03  pot  B   0.1000
        35  -0.990626   0.40879  0.57271  0.135E-04  0.111E-03  pot  B   0.1000
        36  -0.990619   0.37584  0.57297  0.227E-05  0.698E-04  pot  B   0.1000
        37  -0.990610   0.42142  0.57309  0.360E-05  0.289E-04  pot  B   0.1000
        38  -0.990606   0.40071  0.57325  0.151E-05  0.245E-05  pot  B   0.1000
        39  -0.990605   0.40135  0.57323  0.441E-07  0.168E-05  pot  B   0.1000
        40  -0.990606   0.40228  0.57323  0.710E-07  0.452E-06  pot  B   0.1000
        41  -0.990606   0.40266  0.57322  0.324E-07  0.168E-06  pot  B   0.1000
        42  -0.990606   0.40264  0.57322  0.196E-08  0.185E-06  pot  B   0.1000
        43  -0.990606   0.40275  0.57322  0.813E-08  0.282E-06  pot  B   0.1000
        44  -0.990606   0.40248  0.57323  0.204E-07  0.157E-06  pot  B   0.1000
        45  -0.990606   0.40248  0.57323  0.548E-10  0.243E-06  pot  B   0.1000
        46  -0.990606   0.40248  0.57323  0.160E-10  0.141E-06  pot  B   0.1000
        47  -0.990606   0.40254  0.57323  0.461E-08  0.102E-06  pot  B   0.1000
        48  -0.990606   0.40256  0.57323  0.127E-08  0.749E-07  pot  B   0.1000
        49  -0.990606   0.40256  0.57323  0.145E-09  0.696E-07  pot  B   0.1000
        50  -0.990606   0.40256  0.57323  0.104E-08  0.733E-07  pot  B   0.1000
        51  -0.990606   0.40255  0.57323  0.418E-09  0.811E-07  pot  B   0.1000
        52  -0.990606   0.40256  0.57323  0.171E-09  0.689E-07  pot  B   0.1000
        53  -0.990606   0.40255  0.57323  0.299E-09  0.675E-07  pot  B   0.1000
        54  -0.990606   0.40255  0.57323  0.414E-09  0.291E-07  pot  B   0.1000
        55  -0.990606   0.40255  0.57323  0.142E-09  0.374E-07  pot  B   0.1000
        56  -0.990606   0.40255  0.57323  0.797E-10  0.291E-07  pot  B   0.1000
        57  -0.990606   0.40255  0.57323  0.343E-10  0.243E-07  pot  B   0.1000
        58  -0.990606   0.40255  0.57323  0.508E-10  0.302E-07  pot  B   0.1000
        59  -0.990606   0.40255  0.57323  0.139E-10  0.329E-07  pot  B   0.1000
        60  -0.990606   0.40255  0.57323  0.100E-10  0.117E-06  pot  B   0.1000
        61  -0.990606   0.40255  0.57323  0.353E-09  0.579E-07  pot  B   0.1000
        62  -0.990606   0.40255  0.57323  0.410E-10  0.462E-07  pot  B   0.1000
        63  -0.990606   0.40255  0.57323  0.144E-10  0.535E-07  pot  B   0.1000
        64  -0.990606   0.40255  0.57323  0.202E-10  0.453E-07  pot  B   0.1000
        65  -0.990606   0.40255  0.57323  0.351E-10  0.439E-07  pot  B   0.1000
        66  -0.990606   0.40255  0.57323  0.438E-10  0.568E-07  pot  B   0.1000
        67  -0.990606   0.40255  0.57323  0.476E-10  0.169E-06  pot  B   0.1000
        68  -0.990606   0.40255  0.57323  0.311E-10  0.656E-07  pot  B   0.1000
        69  -0.990606   0.40255  0.57323  0.131E-09  0.699E-07  pot  B   0.1000
        70  -0.990606   0.40255  0.57323  0.130E-09  0.537E-07  pot  B   0.1000
        71  -0.990606   0.40255  0.57323  0.269E-10  0.515E-07  pot  B   0.1000
        72  -0.990606   0.40255  0.57323  0.367E-10  0.668E-07  pot  B   0.1000
        73  -0.990606   0.40255  0.57323  0.283E-10  0.606E-07  pot  B   0.1000
        74  -0.990606   0.40255  0.57323  0.662E-10  0.579E-07  pot  B   0.1000
        75  -0.990606   0.40255  0.57323  0.260E-10  0.553E-07  pot  B   0.1000
        76  -0.990606   0.40255  0.57323  0.788E-10  0.658E-07  pot  B   0.1000
        77  -0.990606   0.40255  0.57323  0.184E-10  0.649E-07  pot  B   0.1000
        78  -0.990606   0.40255  0.57323  0.819E-11  0.642E-07  pot  B   0.1000
        79  -0.990606   0.40255  0.57323  0.405E-09  0.295E-07  pot  B   0.1000
        80  -0.990606   0.40255  0.57323  0.303E-10  0.182E-07  pot  B   0.1000
        81  -0.990606   0.40255  0.57323  0.203E-10  0.216E-07  pot  B   0.1000
**      82  -0.990606   0.40255  0.57323  0.170E-03  0.216E-07  pot  B   0.1000
        83  -0.990606   0.40255  0.57323  0.914E-10  0.109E-06  pot  B   0.1000
        84  -0.990606   0.40255  0.57323  0.737E-10  0.108E-07  pot  B   0.1000
        85  -0.990606   0.40255  0.57323  0.825E-11  0.497E-07  pot  B   0.1000
        86  -0.990606   0.40255  0.57323  0.327E-13  0.989E-07  pot  B   0.1000
        87  -0.990606   0.40255  0.57323  0.103E-09  0.618E-07  pot  B   0.1000
        88  -0.990606   0.40255  0.57323  0.113E-11  0.595E-07  pot  B   0.1000
        89  -0.990606   0.40255  0.57323  0.157E-12  0.837E-07  pot  B   0.1000
        90  -0.990606   0.40255  0.57323  0.285E-10  0.644E-07  pot  B   0.1000
        91  -0.990606   0.40255  0.57323  0.127E-10  0.650E-07  pot  B   0.1000
        92  -0.990606   0.40255  0.57323  0.340E-12  0.625E-07  pot  B   0.1000
        93  -0.990606   0.40255  0.57323  0.274E-12  0.558E-07  pot  B   0.1000
        94  -0.990606   0.40255  0.57323  0.350E-12  0.775E-07  pot  B   0.1000
        95  -0.990606   0.40255  0.57323  0.479E-10  0.726E-07  pot  B   0.1000
        96  -0.990606   0.40255  0.57323  0.467E-09  0.127E-06  pot  B   0.1000
        97  -0.990606   0.40255  0.57323  0.403E-11  0.127E-06  pot  B   0.1000
        98  -0.990606   0.40255  0.57323  0.538E-11  0.108E-06  pot  B   0.1000
        99  -0.990606   0.40255  0.57323  0.433E-09  0.596E-07  pot  B   0.1000
       100  -0.990606   0.40255  0.57323  0.344E-12  0.596E-07  pot  B   0.1000
       101  -0.990606   0.40255  0.57323  0.571E-11  0.445E-07  pot  B   0.1000
       102  -0.990606   0.40255  0.57323  0.587E-10  0.590E-07  pot  B   0.1000
       103  -0.990606   0.40255  0.57323  0.494E-12  0.687E-07  pot  B   0.1000
       104  -0.990606   0.40255  0.57323  0.140E-11  0.360E-07  pot  B   0.1000
       105  -0.990606   0.40255  0.57323  0.354E-10  0.593E-07  pot  B   0.1000
       106  -0.990606   0.40255  0.57323  0.202E-09  0.494E-07  pot  B   0.1000
       107  -0.990606   0.40255  0.57323  0.320E-12  0.493E-07  pot  B   0.1000
       108  -0.990606   0.40255  0.57323  0.120E-11  0.510E-07  pot  B   0.1000
       109  -0.990606   0.40255  0.57323  0.175E-11  0.856E-09  pot  B   0.1000
