System Description            : Mo, BCC structure                               
Number of Atoms in Unit Cell  : 1                                               
Number of Atomic Species      : 1                                               
Number of Atoms in Each Type  : 1(Mo)                                           
Energy Offset                 : -7946                                           
=======================================================================================
    Iter     Energy      3PV     Efermi   Rms_rho    Rms_pot   Mix  Alg  Alpha 
---------------------------------------------------------------------------------------
**       1  -0.609206   0.06125  0.80992  0.434E-03  0.564E-02  pot  B   0.1000
         2  -0.605121   0.20733  0.80644  0.116E-03  0.483E-03  pot  B   0.1000
         3  -0.604977   0.15261  0.80685  0.218E-04  0.300E-03  pot  B   0.1000
         4  -0.605005   0.10584  0.80792  0.675E-05  0.178E-03  pot  B   0.1000
         5  -0.605013   0.13849  0.80692  0.681E-05  0.282E-03  pot  B   0.1000
         6  -0.605079   0.05629  0.81057  0.272E-04  0.110E-03  pot  B   0.1000
         7  -0.605072   0.07490  0.80964  0.162E-04  0.351E-04  pot  B   0.1000
         8  -0.605053   0.06496  0.80981  0.271E-05  0.576E-04  pot  B   0.1000
         9  -0.605052   0.07815  0.80954  0.216E-05  0.178E-04  pot  B   0.1000
        10  -0.605048   0.07798  0.80953  0.388E-06  0.194E-04  pot  B   0.1000
        11  -0.605048   0.07955  0.80949  0.276E-06  0.137E-04  pot  B   0.1000
        12  -0.605046   0.08365  0.80938  0.691E-06  0.640E-06  pot  B   0.1000
        13  -0.605045   0.08350  0.80938  0.152E-06  0.176E-06  pot  B   0.1000
        14  -0.605045   0.08349  0.80938  0.477E-08  0.178E-06  pot  B   0.1000
        15  -0.605045   0.08358  0.80937  0.170E-07  0.185E-06  pot  B   0.1000
        16  -0.605045   0.08363  0.80937  0.591E-08  0.328E-06  pot  B   0.1000
        17  -0.605045   0.08362  0.80937  0.262E-08  0.300E-06  pot  B   0.1000
        18  -0.605045   0.08357  0.80937  0.834E-08  0.133E-06  pot  B   0.1000
        19  -0.605045   0.08355  0.80937  0.269E-08  0.771E-07  pot  B   0.1000
        20  -0.605045   0.08355  0.80937  0.593E-09  0.623E-07  pot  B   0.1000
        21  -0.605045   0.08355  0.80937  0.456E-09  0.527E-07  pot  B   0.1000
        22  -0.605045   0.08354  0.80937  0.110E-08  0.482E-07  pot  B   0.1000
        23  -0.605045   0.08354  0.80937  0.911E-09  0.462E-07  pot  B   0.1000
        24  -0.605045   0.08354  0.80937  0.184E-08  0.920E-08  pot  B   0.1000
        25  -0.605045   0.08354  0.80937  0.342E-09  0.105E-07  pot  B   0.1000
        26  -0.605045   0.08352  0.80937  0.261E-08  0.460E-07  pot  B   0.1000
        27  -0.605045   0.08354  0.80937  0.369E-08  0.301E-07  pot  B   0.1000
        28  -0.605045   0.08353  0.80937  0.129E-08  0.231E-07  pot  B   0.1000
        29  -0.605045   0.08353  0.80937  0.206E-09  0.232E-07  pot  B   0.1000
        30  -0.605045   0.08353  0.80937  0.146E-09  0.235E-07  pot  B   0.1000
        31  -0.605045   0.08353  0.80937  0.411E-09  0.398E-07  pot  B   0.1000
        32  -0.605045   0.08353  0.80937  0.380E-09  0.580E-08  pot  B   0.1000
        33  -0.605045   0.08353  0.80937  0.152E-09  0.396E-07  pot  B   0.1000
        34  -0.605045   0.08353  0.80937  0.374E-10  0.396E-07  pot  B   0.1000
        35  -0.605045   0.08353  0.80937  0.188E-10  0.396E-07  pot  B   0.1000
        36  -0.605045   0.08353  0.80937  0.148E-10  0.461E-08  pot  B   0.1000
**      37  -0.610317   0.06014  0.80992  0.434E-03  0.564E-02  pot  B   0.1000
        38  -0.606244   0.19109  0.80680  0.113E-03  0.442E-03  pot  B   0.1000
        39  -0.606111   0.14626  0.80706  0.183E-04  0.296E-03  pot  B   0.1000
        40  -0.606141   0.09553  0.80827  0.745E-05  0.162E-03  pot  B   0.1000
        41  -0.606155   0.14195  0.80683  0.102E-04  0.315E-03  pot  B   0.1000
        42  -0.606233   0.04271  0.81067  0.356E-04  0.156E-03  pot  B   0.1000
        43  -0.606196   0.06785  0.80997  0.210E-04  0.484E-04  pot  B   0.1000
        44  -0.606184   0.05976  0.81001  0.152E-05  0.584E-04  pot  B   0.1000
        45  -0.606183   0.06162  0.81007  0.361E-06  0.619E-04  pot  B   0.1000
        46  -0.606184   0.06152  0.81008  0.690E-07  0.616E-04  pot  B   0.1000
        47  -0.606183   0.06329  0.81003  0.300E-06  0.557E-04  pot  B   0.1000
        48  -0.606182   0.06869  0.80990  0.887E-06  0.376E-04  pot  B   0.1000
        49  -0.606180   0.07003  0.80986  0.190E-06  0.333E-04  pot  B   0.1000
        50  -0.606179   0.07046  0.80984  0.629E-07  0.317E-04  pot  B   0.1000
        51  -0.606178   0.07479  0.80973  0.742E-06  0.166E-04  pot  B   0.1000
        52  -0.606175   0.08137  0.80955  0.108E-05  0.625E-05  pot  B   0.1000
        53  -0.606172   0.08258  0.80951  0.194E-06  0.100E-04  pot  B   0.1000
        54  -0.606173   0.07990  0.80958  0.501E-06  0.585E-06  pot  B   0.1000
        55  -0.606173   0.08009  0.80957  0.111E-06  0.146E-05  pot  B   0.1000
        56  -0.606173   0.07982  0.80958  0.507E-07  0.478E-06  pot  B   0.1000
        57  -0.606174   0.07956  0.80959  0.420E-07  0.446E-06  pot  B   0.1000
        58  -0.606174   0.07959  0.80959  0.125E-07  0.338E-06  pot  B   0.1000
        59  -0.606174   0.07958  0.80959  0.124E-08  0.355E-06  pot  B   0.1000
        60  -0.606174   0.07960  0.80959  0.364E-08  0.283E-06  pot  B   0.1000
        61  -0.606174   0.07963  0.80959  0.404E-08  0.196E-06  pot  B   0.1000
        62  -0.606174   0.07962  0.80959  0.181E-08  0.223E-06  pot  B   0.1000
        63  -0.606174   0.07963  0.80959  0.200E-08  0.184E-06  pot  B   0.1000
        64  -0.606174   0.07967  0.80959  0.751E-08  0.308E-07  pot  B   0.1000
        65  -0.606174   0.07968  0.80958  0.121E-08  0.232E-07  pot  B   0.1000
        66  -0.606174   0.07969  0.80958  0.269E-08  0.374E-07  pot  B   0.1000
        67  -0.606174   0.07969  0.80958  0.101E-08  0.299E-07  pot  B   0.1000
        68  -0.606174   0.07968  0.80958  0.126E-08  0.249E-07  pot  B   0.1000
        69  -0.606174   0.07969  0.80958  0.976E-09  0.272E-07  pot  B   0.1000
        70  -0.606174   0.07969  0.80958  0.172E-09  0.295E-07  pot  B   0.1000
        71  -0.606174   0.07968  0.80958  0.243E-09  0.267E-07  pot  B   0.1000
        72  -0.606174   0.07968  0.80958  0.108E-09  0.692E-07  pot  B   0.1000
        73  -0.606174   0.07968  0.80958  0.543E-10  0.117E-07  pot  B   0.1000
        74  -0.606174   0.07968  0.80958  0.260E-09  0.104E-07  pot  B   0.1000
        75  -0.606174   0.07968  0.80958  0.171E-09  0.268E-07  pot  B   0.1000
        76  -0.606174   0.07968  0.80958  0.198E-09  0.197E-07  pot  B   0.1000
**      77  -0.606174   0.07968  0.80958  0.507E-03  0.197E-07  pot  B   0.1000
        78  -0.606174   0.07968  0.80958  0.383E-10  0.177E-07  pot  B   0.1000
        79  -0.606174   0.07968  0.80958  0.128E-10  0.149E-07  pot  B   0.1000
        80  -0.606174   0.07968  0.80958  0.617E-11  0.389E-07  pot  B   0.1000
        81  -0.606174   0.07968  0.80958  0.852E-11  0.173E-07  pot  B   0.1000
        82  -0.606174   0.07968  0.80958  0.288E-11  0.127E-07  pot  B   0.1000
        83  -0.606174   0.07968  0.80958  0.163E-10  0.930E-08  pot  B   0.1000
        84  -0.606174   0.07968  0.80958  0.732E-11  0.173E-07  pot  B   0.1000
        85  -0.606174   0.07968  0.80958  0.756E-11  0.153E-07  pot  B   0.1000
        86  -0.606174   0.07968  0.80958  0.228E-11  0.383E-07  pot  B   0.1000
        87  -0.606174   0.07968  0.80958  0.589E-12  0.151E-07  pot  B   0.1000
        88  -0.606174   0.07968  0.80958  0.950E-12  0.149E-07  pot  B   0.1000
        89  -0.606174   0.07968  0.80958  0.715E-11  0.777E-07  pot  B   0.1000
        90  -0.606174   0.07968  0.80958  0.181E-11  0.813E-08  pot  B   0.1000
