#AtomID(jl)::     ( 0  0 )                          ( 4  0 )                          ( 4  4 )                          ( 6  0 )                          ( 6  4 )                          ( 8  0 )                          ( 8  4 )                          ( 8  8 )                            
   1   0.12399590D+03   0.00000000D+00  -0.13228954D+01   0.40995696D-13  -0.79058108D+00  -0.96931959D-13   0.36167258D-02   0.49754372D-14  -0.67587407D-02  -0.64932390D-14  -0.63534765D-02   0.50737332D-15  -0.23891886D-02   0.30964824D-15  -0.36402649D-02   0.43456291D-15 
   2   0.12399590D+03   0.00000000D+00  -0.13228955D+01   0.41023929D-13  -0.79058120D+00  -0.95556493D-13   0.36161223D-02  -0.17300169D-15  -0.67587442D-02  -0.68483984D-14  -0.63534701D-02   0.51366759D-15  -0.23891937D-02   0.28289878D-15  -0.36402650D-02   0.35467851D-15 
   3   0.12399590D+03   0.00000000D+00  -0.13228952D+01   0.41060623D-13  -0.79058106D+00  -0.10658063D-12   0.36151338D-02   0.41925902D-14  -0.67587172D-02  -0.84836386D-14  -0.63534623D-02   0.51170782D-15  -0.23891997D-02   0.32232947D-15  -0.36402649D-02   0.42913631D-15 
   4   0.12399590D+03   0.00000000D+00  -0.13228952D+01   0.41152603D-13  -0.79058103D+00  -0.95973039D-13   0.36151820D-02  -0.24619851D-14  -0.67587056D-02  -0.75047734D-14  -0.63534632D-02   0.52126620D-15  -0.23891989D-02   0.41009058D-15  -0.36402648D-02   0.36191043D-15 
   5   0.12399590D+03   0.00000000D+00  -0.13228954D+01   0.41038430D-13  -0.79058119D+00  -0.84513848D-13   0.36178785D-02  -0.28729277D-14  -0.67587802D-02  -0.85769315D-14  -0.63534853D-02   0.52010845D-15  -0.23891817D-02   0.33884101D-15  -0.36402649D-02   0.34048422D-15 
   6   0.12399590D+03   0.00000000D+00  -0.13228953D+01   0.41025801D-13  -0.79058112D+00  -0.10615264D-12   0.36167546D-02  -0.30841430D-14  -0.67587504D-02  -0.58737486D-14  -0.63534756D-02   0.51664587D-15  -0.23891893D-02   0.28561729D-15  -0.36402649D-02   0.41685642D-15 
   7   0.12399590D+03   0.00000000D+00  -0.13228954D+01   0.41097855D-13  -0.79058112D+00  -0.89655583D-13   0.36164511D-02   0.56390405D-14  -0.67587280D-02  -0.62252648D-14  -0.63534738D-02   0.51089660D-15  -0.23891906D-02   0.27646948D-15  -0.36402649D-02   0.38510174D-15 
   8   0.12399590D+03   0.00000000D+00  -0.13228953D+01   0.41090619D-13  -0.79058110D+00  -0.10304461D-12   0.36156367D-02   0.47392522D-14  -0.67587302D-02  -0.83985903D-14  -0.63534672D-02   0.51058123D-15  -0.23891960D-02   0.35237805D-15  -0.36402649D-02   0.40227179D-15 
   9   0.12399590D+03   0.00000000D+00  -0.13228951D+01   0.41074688D-13  -0.79058097D+00  -0.85026640D-13   0.36165690D-02   0.90078821D-15  -0.67587370D-02  -0.85703514D-14  -0.63534744D-02   0.51722780D-15  -0.23891901D-02   0.56885083D-15  -0.36402648D-02   0.46772542D-15 
  10   0.12399590D+03   0.00000000D+00  -0.13228948D+01   0.41044925D-13  -0.79058081D+00  -0.97892150D-13   0.36181298D-02   0.58503712D-14  -0.67587482D-02  -0.77389400D-14  -0.63534865D-02   0.50376858D-15  -0.23891802D-02   0.24738243D-15  -0.36402646D-02   0.35297284D-15 
  11   0.12399590D+03   0.00000000D+00  -0.13228948D+01   0.41024462D-13  -0.79058082D+00  -0.85425952D-13   0.36167853D-02   0.49772550D-14  -0.67587261D-02  -0.97742912D-14  -0.63534767D-02   0.50687269D-15  -0.23891880D-02   0.48731536D-15  -0.36402647D-02   0.42520862D-15 
  12   0.12399590D+03   0.00000000D+00  -0.13228948D+01   0.41046910D-13  -0.79058079D+00  -0.95837077D-13   0.36148919D-02   0.30344516D-14  -0.67586989D-02  -0.72892940D-14  -0.63534615D-02   0.50500279D-15  -0.23892001D-02   0.48034709D-15  -0.36402647D-02   0.34212883D-15 
  13   0.12399590D+03   0.00000000D+00  -0.13228951D+01   0.41064929D-13  -0.79058099D+00  -0.77938632D-13   0.36155363D-02   0.22847078D-14  -0.67587303D-02  -0.78648379D-14  -0.63534653D-02   0.51362038D-15  -0.23891974D-02   0.25597762D-15  -0.36402649D-02   0.33282132D-15 
  14   0.12399590D+03   0.00000000D+00  -0.13228952D+01   0.41097167D-13  -0.79058104D+00  -0.95691385D-13   0.36160345D-02  -0.39770033D-14  -0.67587396D-02  -0.75628904D-14  -0.63534713D-02   0.52209867D-15  -0.23891928D-02   0.29828784D-15  -0.36402649D-02   0.35981659D-15 
  15   0.12399590D+03   0.00000000D+00  -0.13228952D+01   0.41016034D-13  -0.79058102D+00  -0.95224536D-13   0.36148637D-02   0.29995899D-14  -0.67587202D-02  -0.73520184D-14  -0.63534616D-02   0.50462865D-15  -0.23892005D-02   0.15324353D-15  -0.36402649D-02   0.35023255D-15 
  16   0.12399590D+03   0.00000000D+00  -0.13228948D+01   0.41039716D-13  -0.79058084D+00  -0.93127772D-13   0.36142213D-02  -0.29789866D-14  -0.67586968D-02  -0.83229393D-14  -0.63534549D-02   0.51502219D-15  -0.23892054D-02   0.33818652D-15  -0.36402648D-02   0.42184192D-15 
