Atomic site index   :    1
Atomic species name : Zr              
----------------------------------------------------
Fermi energy      :  0.62112474                             
Species index     :  5                                      
Num Energy Points :   300                                   
----------------------------------------------------
    Energy     DOS_total        DOS_up      DOS_down
 -0.400000  0.220651E-01  0.110326E-01  0.110326E-01
 -0.395318  0.220719E-01  0.110359E-01  0.110359E-01
 -0.390635  0.220812E-01  0.110406E-01  0.110406E-01
 -0.385953  0.220932E-01  0.110466E-01  0.110466E-01
 -0.381271  0.221078E-01  0.110539E-01  0.110539E-01
 -0.376589  0.221250E-01  0.110625E-01  0.110625E-01
 -0.371906  0.221448E-01  0.110724E-01  0.110724E-01
 -0.367224  0.221671E-01  0.110836E-01  0.110836E-01
 -0.362542  0.221921E-01  0.110961E-01  0.110961E-01
 -0.357860  0.222197E-01  0.111098E-01  0.111098E-01
 -0.353177  0.222498E-01  0.111249E-01  0.111249E-01
 -0.348495  0.222825E-01  0.111413E-01  0.111413E-01
 -0.343813  0.223178E-01  0.111589E-01  0.111589E-01
 -0.339130  0.223558E-01  0.111779E-01  0.111779E-01
 -0.334448  0.223963E-01  0.111982E-01  0.111982E-01
 -0.329766  0.224395E-01  0.112197E-01  0.112197E-01
 -0.325084  0.224853E-01  0.112426E-01  0.112426E-01
 -0.320401  0.225337E-01  0.112668E-01  0.112668E-01
 -0.315719  0.225848E-01  0.112924E-01  0.112924E-01
 -0.311037  0.226385E-01  0.113193E-01  0.113193E-01
 -0.306355  0.226950E-01  0.113475E-01  0.113475E-01
 -0.301672  0.227541E-01  0.113771E-01  0.113771E-01
 -0.296990  0.228160E-01  0.114080E-01  0.114080E-01
 -0.292308  0.228806E-01  0.114403E-01  0.114403E-01
 -0.287625  0.229480E-01  0.114740E-01  0.114740E-01
 -0.282943  0.230181E-01  0.115091E-01  0.115091E-01
 -0.278261  0.230911E-01  0.115455E-01  0.115455E-01
 -0.273579  0.231669E-01  0.115835E-01  0.115835E-01
 -0.268896  0.232456E-01  0.116228E-01  0.116228E-01
 -0.264214  0.233272E-01  0.116636E-01  0.116636E-01
 -0.259532  0.234117E-01  0.117059E-01  0.117059E-01
 -0.254849  0.234992E-01  0.117496E-01  0.117496E-01
 -0.250167  0.235897E-01  0.117949E-01  0.117949E-01
 -0.245485  0.236833E-01  0.118416E-01  0.118416E-01
 -0.240803  0.237799E-01  0.118899E-01  0.118899E-01
 -0.236120  0.238796E-01  0.119398E-01  0.119398E-01
 -0.231438  0.239825E-01  0.119913E-01  0.119913E-01
 -0.226756  0.240887E-01  0.120443E-01  0.120443E-01
 -0.222074  0.241981E-01  0.120990E-01  0.120990E-01
 -0.217391  0.243108E-01  0.121554E-01  0.121554E-01
 -0.212709  0.244269E-01  0.122134E-01  0.122134E-01
 -0.208027  0.245464E-01  0.122732E-01  0.122732E-01
 -0.203344  0.246694E-01  0.123347E-01  0.123347E-01
 -0.198662  0.247959E-01  0.123979E-01  0.123979E-01
 -0.193980  0.249260E-01  0.124630E-01  0.124630E-01
 -0.189298  0.250598E-01  0.125299E-01  0.125299E-01
 -0.184615  0.251973E-01  0.125987E-01  0.125987E-01
 -0.179933  0.253387E-01  0.126694E-01  0.126694E-01
 -0.175251  0.254839E-01  0.127420E-01  0.127420E-01
 -0.170569  0.256331E-01  0.128166E-01  0.128166E-01
 -0.165886  0.257864E-01  0.128932E-01  0.128932E-01
 -0.161204  0.259438E-01  0.129719E-01  0.129719E-01
 -0.156522  0.261054E-01  0.130527E-01  0.130527E-01
 -0.151839  0.262713E-01  0.131356E-01  0.131356E-01
 -0.147157  0.264416E-01  0.132208E-01  0.132208E-01
 -0.142475  0.266164E-01  0.133082E-01  0.133082E-01
 -0.137793  0.267959E-01  0.133979E-01  0.133979E-01
 -0.133110  0.269800E-01  0.134900E-01  0.134900E-01
 -0.128428  0.271690E-01  0.135845E-01  0.135845E-01
 -0.123746  0.273630E-01  0.136815E-01  0.136815E-01
 -0.119064  0.275620E-01  0.137810E-01  0.137810E-01
 -0.114381  0.277662E-01  0.138831E-01  0.138831E-01
 -0.109699  0.279758E-01  0.139879E-01  0.139879E-01
 -0.105017  0.281908E-01  0.140954E-01  0.140954E-01
 -0.100334  0.284115E-01  0.142058E-01  0.142058E-01
 -0.095652  0.286380E-01  0.143190E-01  0.143190E-01
 -0.090970  0.288704E-01  0.144352E-01  0.144352E-01
 -0.086288  0.291089E-01  0.145544E-01  0.145544E-01
 -0.081605  0.293537E-01  0.146768E-01  0.146768E-01
 -0.076923  0.296049E-01  0.148025E-01  0.148025E-01
 -0.072241  0.298628E-01  0.149314E-01  0.149314E-01
 -0.067559  0.301276E-01  0.150638E-01  0.150638E-01
 -0.062876  0.303994E-01  0.151997E-01  0.151997E-01
 -0.058194  0.306785E-01  0.153393E-01  0.153393E-01
 -0.053512  0.309651E-01  0.154826E-01  0.154826E-01
 -0.048829  0.312595E-01  0.156297E-01  0.156297E-01
 -0.044147  0.315618E-01  0.157809E-01  0.157809E-01
 -0.039465  0.318725E-01  0.159362E-01  0.159362E-01
 -0.034783  0.321916E-01  0.160958E-01  0.160958E-01
 -0.030100  0.325196E-01  0.162598E-01  0.162598E-01
 -0.025418  0.328567E-01  0.164284E-01  0.164284E-01
 -0.020736  0.332033E-01  0.166016E-01  0.166016E-01
 -0.016054  0.335596E-01  0.167798E-01  0.167798E-01
 -0.011371  0.339261E-01  0.169631E-01  0.169631E-01
 -0.006689  0.343031E-01  0.171516E-01  0.171516E-01
 -0.002007  0.346910E-01  0.173455E-01  0.173455E-01
  0.002676  0.350902E-01  0.175451E-01  0.175451E-01
  0.007358  0.355012E-01  0.177506E-01  0.177506E-01
  0.012040  0.359244E-01  0.179622E-01  0.179622E-01
  0.016722  0.363603E-01  0.181801E-01  0.181801E-01
  0.021405  0.368094E-01  0.184047E-01  0.184047E-01
  0.026087  0.372722E-01  0.186361E-01  0.186361E-01
  0.030769  0.377494E-01  0.188747E-01  0.188747E-01
  0.035452  0.382415E-01  0.191207E-01  0.191207E-01
  0.040134  0.387492E-01  0.193746E-01  0.193746E-01
  0.044816  0.392731E-01  0.196365E-01  0.196365E-01
  0.049498  0.398140E-01  0.199070E-01  0.199070E-01
  0.054181  0.403727E-01  0.201864E-01  0.201864E-01
  0.058863  0.409500E-01  0.204750E-01  0.204750E-01
  0.063545  0.415468E-01  0.207734E-01  0.207734E-01
  0.068227  0.421640E-01  0.210820E-01  0.210820E-01
  0.072910  0.428026E-01  0.214013E-01  0.214013E-01
  0.077592  0.434637E-01  0.217319E-01  0.217319E-01
  0.082274  0.441485E-01  0.220742E-01  0.220742E-01
  0.086957  0.448581E-01  0.224291E-01  0.224291E-01
  0.091639  0.455939E-01  0.227970E-01  0.227970E-01
  0.096321  0.463574E-01  0.231787E-01  0.231787E-01
  0.101003  0.471501E-01  0.235751E-01  0.235751E-01
  0.105686  0.479736E-01  0.239868E-01  0.239868E-01
  0.110368  0.488298E-01  0.244149E-01  0.244149E-01
  0.115050  0.497207E-01  0.248603E-01  0.248603E-01
  0.119732  0.506483E-01  0.253241E-01  0.253241E-01
  0.124415  0.516146E-01  0.258073E-01  0.258073E-01
  0.129097  0.526229E-01  0.263115E-01  0.263115E-01
  0.133779  0.536757E-01  0.268379E-01  0.268379E-01
  0.138462  0.547760E-01  0.273880E-01  0.273880E-01
  0.143144  0.559272E-01  0.279636E-01  0.279636E-01
  0.147826  0.571332E-01  0.285666E-01  0.285666E-01
  0.152508  0.583980E-01  0.291990E-01  0.291990E-01
  0.157191  0.597264E-01  0.298632E-01  0.298632E-01
  0.161873  0.611238E-01  0.305619E-01  0.305619E-01
  0.166555  0.625960E-01  0.312980E-01  0.312980E-01
  0.171237  0.641500E-01  0.320750E-01  0.320750E-01
  0.175920  0.657935E-01  0.328968E-01  0.328968E-01
  0.180602  0.675358E-01  0.337679E-01  0.337679E-01
  0.185284  0.693875E-01  0.346937E-01  0.346937E-01
  0.189967  0.713613E-01  0.356806E-01  0.356806E-01
  0.194649  0.734724E-01  0.367362E-01  0.367362E-01
  0.199331  0.757397E-01  0.378699E-01  0.378699E-01
  0.204013  0.781867E-01  0.390934E-01  0.390934E-01
  0.208696  0.808435E-01  0.404217E-01  0.404217E-01
  0.213378  0.837501E-01  0.418751E-01  0.418751E-01
  0.218060  0.869619E-01  0.434810E-01  0.434810E-01
  0.222742  0.905582E-01  0.452791E-01  0.452791E-01
  0.227425  0.946621E-01  0.473311E-01  0.473311E-01
  0.232107  0.994793E-01  0.497397E-01  0.497397E-01
  0.236789  0.105395E+00  0.526977E-01  0.526977E-01
  0.241472  0.113262E+00  0.566311E-01  0.566311E-01
  0.246154  0.125503E+00  0.627514E-01  0.627514E-01
  0.250836  0.152602E+00  0.763009E-01  0.763009E-01
  0.255518  0.243146E+00  0.121573E+00  0.121573E+00
  0.260201  0.251663E+00  0.125832E+00  0.125832E+00
  0.264883  0.343989E+00  0.171994E+00  0.171994E+00
  0.269565  0.482343E+00  0.241171E+00  0.241171E+00
  0.274247  0.436064E+00  0.218032E+00  0.218032E+00
  0.278930  0.326341E+00  0.163170E+00  0.163170E+00
  0.283612  0.573637E+00  0.286818E+00  0.286818E+00
  0.288294  0.644997E+00  0.322498E+00  0.322498E+00
  0.292977  0.728886E+00  0.364443E+00  0.364443E+00
  0.297659  0.685836E+00  0.342918E+00  0.342918E+00
  0.302341  0.567012E+00  0.283506E+00  0.283506E+00
  0.307023  0.516609E+00  0.258305E+00  0.258305E+00
  0.311706  0.975677E+00  0.487838E+00  0.487838E+00
  0.316388  0.100545E+01  0.502725E+00  0.502725E+00
  0.321070  0.954890E+00  0.477445E+00  0.477445E+00
  0.325753  0.118550E+01  0.592748E+00  0.592748E+00
  0.330435  0.809677E+00  0.404838E+00  0.404838E+00
  0.335117  0.105152E+01  0.525761E+00  0.525761E+00
  0.339799  0.128753E+01  0.643766E+00  0.643766E+00
  0.344482  0.192936E+01  0.964678E+00  0.964678E+00
  0.349164  0.242302E+01  0.121151E+01  0.121151E+01
  0.353846  0.219725E+01  0.109862E+01  0.109862E+01
  0.358528  0.264350E+01  0.132175E+01  0.132175E+01
  0.363211  0.322086E+01  0.161043E+01  0.161043E+01
  0.367893  0.350112E+01  0.175056E+01  0.175056E+01
  0.372575  0.446469E+01  0.223234E+01  0.223234E+01
  0.377258  0.535422E+01  0.267711E+01  0.267711E+01
  0.381940  0.679958E+01  0.339979E+01  0.339979E+01
  0.386622  0.737456E+01  0.368728E+01  0.368728E+01
  0.391304  0.802816E+01  0.401408E+01  0.401408E+01
  0.395987  0.860531E+01  0.430265E+01  0.430265E+01
  0.400669  0.900237E+01  0.450118E+01  0.450118E+01
  0.405351  0.102280E+02  0.511400E+01  0.511400E+01
  0.410033  0.111776E+02  0.558878E+01  0.558878E+01
  0.414716  0.115710E+02  0.578548E+01  0.578548E+01
  0.419398  0.124705E+02  0.623525E+01  0.623525E+01
  0.424080  0.130891E+02  0.654457E+01  0.654457E+01
  0.428763  0.136036E+02  0.680179E+01  0.680179E+01
  0.433445  0.139111E+02  0.695555E+01  0.695555E+01
  0.438127  0.142497E+02  0.712485E+01  0.712485E+01
  0.442809  0.150505E+02  0.752525E+01  0.752525E+01
  0.447492  0.146500E+02  0.732498E+01  0.732498E+01
  0.452174  0.147850E+02  0.739249E+01  0.739249E+01
  0.456856  0.156711E+02  0.783554E+01  0.783554E+01
  0.461538  0.156886E+02  0.784428E+01  0.784428E+01
  0.466221  0.153168E+02  0.765842E+01  0.765842E+01
  0.470903  0.159506E+02  0.797532E+01  0.797532E+01
  0.475585  0.161079E+02  0.805393E+01  0.805393E+01
  0.480268  0.143453E+02  0.717266E+01  0.717266E+01
  0.484950  0.117584E+02  0.587918E+01  0.587918E+01
  0.489632  0.102913E+02  0.514565E+01  0.514565E+01
  0.494314  0.100243E+02  0.501214E+01  0.501214E+01
  0.498997  0.101865E+02  0.509323E+01  0.509323E+01
  0.503679  0.869508E+01  0.434754E+01  0.434754E+01
  0.508361  0.936644E+01  0.468322E+01  0.468322E+01
  0.513043  0.108692E+02  0.543462E+01  0.543462E+01
  0.517726  0.136385E+02  0.681923E+01  0.681923E+01
  0.522408  0.156412E+02  0.782061E+01  0.782061E+01
  0.527090  0.169944E+02  0.849720E+01  0.849720E+01
  0.531773  0.184062E+02  0.920310E+01  0.920310E+01
  0.536455  0.200410E+02  0.100205E+02  0.100205E+02
  0.541137  0.205378E+02  0.102689E+02  0.102689E+02
  0.545819  0.195446E+02  0.977232E+01  0.977232E+01
  0.550502  0.180014E+02  0.900068E+01  0.900068E+01
  0.555184  0.176744E+02  0.883721E+01  0.883721E+01
  0.559866  0.169222E+02  0.846108E+01  0.846108E+01
  0.564548  0.150053E+02  0.750265E+01  0.750265E+01
  0.569231  0.139611E+02  0.698055E+01  0.698055E+01
  0.573913  0.146621E+02  0.733106E+01  0.733106E+01
  0.578595  0.134826E+02  0.674128E+01  0.674128E+01
  0.583278  0.119583E+02  0.597917E+01  0.597917E+01
  0.587960  0.108458E+02  0.542291E+01  0.542291E+01
  0.592642  0.113836E+02  0.569178E+01  0.569178E+01
  0.597324  0.125819E+02  0.629095E+01  0.629095E+01
  0.602007  0.130490E+02  0.652448E+01  0.652448E+01
  0.606689  0.143000E+02  0.715001E+01  0.715001E+01
  0.611371  0.160056E+02  0.800278E+01  0.800278E+01
  0.616054  0.167936E+02  0.839679E+01  0.839679E+01
  0.620736  0.182916E+02  0.914579E+01  0.914579E+01
  0.625418  0.205336E+02  0.102668E+02  0.102668E+02
  0.630100  0.222032E+02  0.111016E+02  0.111016E+02
  0.634783  0.222069E+02  0.111035E+02  0.111035E+02
  0.639465  0.212044E+02  0.106022E+02  0.106022E+02
  0.644147  0.211069E+02  0.105534E+02  0.105534E+02
  0.648829  0.209286E+02  0.104643E+02  0.104643E+02
  0.653512  0.202342E+02  0.101171E+02  0.101171E+02
  0.658194  0.187903E+02  0.939517E+01  0.939517E+01
  0.662876  0.150947E+02  0.754735E+01  0.754735E+01
  0.667559  0.115137E+02  0.575686E+01  0.575686E+01
  0.672241  0.114594E+02  0.572972E+01  0.572972E+01
  0.676923  0.109723E+02  0.548613E+01  0.548613E+01
  0.681605  0.110421E+02  0.552105E+01  0.552105E+01
  0.686288  0.102967E+02  0.514833E+01  0.514833E+01
  0.690970  0.836861E+01  0.418430E+01  0.418430E+01
  0.695652  0.888600E+01  0.444300E+01  0.444300E+01
  0.700334  0.929294E+01  0.464647E+01  0.464647E+01
  0.705017  0.906041E+01  0.453020E+01  0.453020E+01
  0.709699  0.851871E+01  0.425935E+01  0.425935E+01
  0.714381  0.660229E+01  0.330114E+01  0.330114E+01
  0.719064  0.425103E+01  0.212551E+01  0.212551E+01
  0.723746  0.459380E+01  0.229690E+01  0.229690E+01
  0.728428  0.496130E+01  0.248065E+01  0.248065E+01
  0.733110  0.693396E+01  0.346698E+01  0.346698E+01
  0.737793  0.891312E+01  0.445656E+01  0.445656E+01
  0.742475  0.755087E+01  0.377543E+01  0.377543E+01
  0.747157  0.842683E+01  0.421342E+01  0.421342E+01
  0.751839  0.863640E+01  0.431820E+01  0.431820E+01
  0.756522  0.867731E+01  0.433866E+01  0.433866E+01
  0.761204  0.988521E+01  0.494261E+01  0.494261E+01
  0.765886  0.959713E+01  0.479857E+01  0.479857E+01
  0.770569  0.811747E+01  0.405874E+01  0.405874E+01
  0.775251  0.851833E+01  0.425917E+01  0.425917E+01
  0.779933  0.860138E+01  0.430069E+01  0.430069E+01
  0.784615  0.114081E+02  0.570406E+01  0.570406E+01
  0.789298  0.126290E+02  0.631449E+01  0.631449E+01
  0.793980  0.130387E+02  0.651936E+01  0.651936E+01
  0.798662  0.128523E+02  0.642616E+01  0.642616E+01
  0.803344  0.103828E+02  0.519142E+01  0.519142E+01
  0.808027  0.957574E+01  0.478787E+01  0.478787E+01
  0.812709  0.107507E+02  0.537535E+01  0.537535E+01
  0.817391  0.121128E+02  0.605638E+01  0.605638E+01
  0.822074  0.126534E+02  0.632670E+01  0.632670E+01
  0.826756  0.131800E+02  0.659000E+01  0.659000E+01
  0.831438  0.140108E+02  0.700541E+01  0.700541E+01
  0.836120  0.135604E+02  0.678019E+01  0.678019E+01
  0.840803  0.139756E+02  0.698782E+01  0.698782E+01
  0.845485  0.150824E+02  0.754118E+01  0.754118E+01
  0.850167  0.158451E+02  0.792253E+01  0.792253E+01
  0.854849  0.157297E+02  0.786485E+01  0.786485E+01
  0.859532  0.149785E+02  0.748924E+01  0.748924E+01
  0.864214  0.141000E+02  0.704998E+01  0.704998E+01
  0.868896  0.137671E+02  0.688353E+01  0.688353E+01
  0.873579  0.140156E+02  0.700778E+01  0.700778E+01
  0.878261  0.144718E+02  0.723591E+01  0.723591E+01
  0.882943  0.145506E+02  0.727529E+01  0.727529E+01
  0.887625  0.143976E+02  0.719882E+01  0.719882E+01
  0.892308  0.142368E+02  0.711841E+01  0.711841E+01
  0.896990  0.145292E+02  0.726458E+01  0.726458E+01
  0.901672  0.149447E+02  0.747237E+01  0.747237E+01
  0.906355  0.155785E+02  0.778924E+01  0.778924E+01
  0.911037  0.164884E+02  0.824418E+01  0.824418E+01
  0.915719  0.174193E+02  0.870963E+01  0.870963E+01
  0.920401  0.181939E+02  0.909694E+01  0.909694E+01
  0.925084  0.189511E+02  0.947554E+01  0.947554E+01
  0.929766  0.200805E+02  0.100403E+02  0.100403E+02
  0.934448  0.215935E+02  0.107968E+02  0.107968E+02
  0.939130  0.233979E+02  0.116990E+02  0.116990E+02
  0.943813  0.253473E+02  0.126736E+02  0.126736E+02
  0.948495  0.268498E+02  0.134249E+02  0.134249E+02
  0.953177  0.275572E+02  0.137786E+02  0.137786E+02
  0.957860  0.276904E+02  0.138452E+02  0.138452E+02
  0.962542  0.276605E+02  0.138302E+02  0.138302E+02
  0.967224  0.274412E+02  0.137206E+02  0.137206E+02
  0.971906  0.265715E+02  0.132858E+02  0.132858E+02
  0.976589  0.246092E+02  0.123046E+02  0.123046E+02
  0.981271  0.220070E+02  0.110035E+02  0.110035E+02
  0.985953  0.201606E+02  0.100803E+02  0.100803E+02
  0.990635  0.197631E+02  0.988155E+01  0.988155E+01
  0.995318  0.200048E+02  0.100024E+02  0.100024E+02
  1.000000  0.197576E+02  0.987880E+01  0.987880E+01
