Atomic site index   :    1
Atomic species name : Hf              
----------------------------------------------------
Fermi energy      :  0.62112474                             
Species index     :  1                                      
Num Energy Points :   300                                   
----------------------------------------------------
    Energy     DOS_total        DOS_up      DOS_down
 -0.400000  0.333490E+00  0.166745E+00  0.166745E+00
 -0.395318  0.319753E+00  0.159876E+00  0.159876E+00
 -0.390635  0.306905E+00  0.153453E+00  0.153453E+00
 -0.385953  0.294871E+00  0.147436E+00  0.147436E+00
 -0.381271  0.283585E+00  0.141793E+00  0.141793E+00
 -0.376589  0.272987E+00  0.136493E+00  0.136493E+00
 -0.371906  0.263021E+00  0.131510E+00  0.131510E+00
 -0.367224  0.253639E+00  0.126820E+00  0.126820E+00
 -0.362542  0.244798E+00  0.122399E+00  0.122399E+00
 -0.357860  0.236456E+00  0.118228E+00  0.118228E+00
 -0.353177  0.228578E+00  0.114289E+00  0.114289E+00
 -0.348495  0.221129E+00  0.110565E+00  0.110565E+00
 -0.343813  0.214081E+00  0.107041E+00  0.107041E+00
 -0.339130  0.207405E+00  0.103703E+00  0.103703E+00
 -0.334448  0.201076E+00  0.100538E+00  0.100538E+00
 -0.329766  0.195071E+00  0.975355E-01  0.975355E-01
 -0.325084  0.189369E+00  0.946844E-01  0.946844E-01
 -0.320401  0.183950E+00  0.919748E-01  0.919748E-01
 -0.315719  0.178796E+00  0.893979E-01  0.893979E-01
 -0.311037  0.173891E+00  0.869453E-01  0.869453E-01
 -0.306355  0.169219E+00  0.846095E-01  0.846095E-01
 -0.301672  0.164767E+00  0.823834E-01  0.823834E-01
 -0.296990  0.160521E+00  0.802605E-01  0.802605E-01
 -0.292308  0.156469E+00  0.782347E-01  0.782347E-01
 -0.287625  0.152601E+00  0.763006E-01  0.763006E-01
 -0.282943  0.148906E+00  0.744529E-01  0.744529E-01
 -0.278261  0.145374E+00  0.726868E-01  0.726868E-01
 -0.273579  0.141996E+00  0.709978E-01  0.709978E-01
 -0.268896  0.138764E+00  0.693818E-01  0.693818E-01
 -0.264214  0.135670E+00  0.678349E-01  0.678349E-01
 -0.259532  0.132707E+00  0.663535E-01  0.663535E-01
 -0.254849  0.129868E+00  0.649341E-01  0.649341E-01
 -0.250167  0.127147E+00  0.635737E-01  0.635737E-01
 -0.245485  0.124539E+00  0.622694E-01  0.622694E-01
 -0.240803  0.122036E+00  0.610182E-01  0.610182E-01
 -0.236120  0.119635E+00  0.598177E-01  0.598177E-01
 -0.231438  0.117331E+00  0.586655E-01  0.586655E-01
 -0.226756  0.115118E+00  0.575592E-01  0.575592E-01
 -0.222074  0.112993E+00  0.564967E-01  0.564967E-01
 -0.217391  0.110952E+00  0.554761E-01  0.554761E-01
 -0.212709  0.108991E+00  0.544955E-01  0.544955E-01
 -0.208027  0.107106E+00  0.535531E-01  0.535531E-01
 -0.203344  0.105294E+00  0.526472E-01  0.526472E-01
 -0.198662  0.103553E+00  0.517763E-01  0.517763E-01
 -0.193980  0.101878E+00  0.509390E-01  0.509390E-01
 -0.189298  0.100267E+00  0.501337E-01  0.501337E-01
 -0.184615  0.987185E-01  0.493593E-01  0.493593E-01
 -0.179933  0.972288E-01  0.486144E-01  0.486144E-01
 -0.175251  0.957960E-01  0.478980E-01  0.478980E-01
 -0.170569  0.944178E-01  0.472089E-01  0.472089E-01
 -0.165886  0.930923E-01  0.465461E-01  0.465461E-01
 -0.161204  0.918173E-01  0.459087E-01  0.459087E-01
 -0.156522  0.905912E-01  0.452956E-01  0.452956E-01
 -0.151839  0.894122E-01  0.447061E-01  0.447061E-01
 -0.147157  0.882786E-01  0.441393E-01  0.441393E-01
 -0.142475  0.871889E-01  0.435944E-01  0.435944E-01
 -0.137793  0.861415E-01  0.430708E-01  0.430708E-01
 -0.133110  0.851353E-01  0.425676E-01  0.425676E-01
 -0.128428  0.841687E-01  0.420843E-01  0.420843E-01
 -0.123746  0.832406E-01  0.416203E-01  0.416203E-01
 -0.119064  0.823499E-01  0.411750E-01  0.411750E-01
 -0.114381  0.814955E-01  0.407477E-01  0.407477E-01
 -0.109699  0.806762E-01  0.403381E-01  0.403381E-01
 -0.105017  0.798912E-01  0.399456E-01  0.399456E-01
 -0.100334  0.791395E-01  0.395698E-01  0.395698E-01
 -0.095652  0.784203E-01  0.392102E-01  0.392102E-01
 -0.090970  0.777328E-01  0.388664E-01  0.388664E-01
 -0.086288  0.770762E-01  0.385381E-01  0.385381E-01
 -0.081605  0.764497E-01  0.382249E-01  0.382249E-01
 -0.076923  0.758529E-01  0.379264E-01  0.379264E-01
 -0.072241  0.752850E-01  0.376425E-01  0.376425E-01
 -0.067559  0.747454E-01  0.373727E-01  0.373727E-01
 -0.062876  0.742337E-01  0.371168E-01  0.371168E-01
 -0.058194  0.737493E-01  0.368747E-01  0.368747E-01
 -0.053512  0.732919E-01  0.366459E-01  0.366459E-01
 -0.048829  0.728610E-01  0.364305E-01  0.364305E-01
 -0.044147  0.724562E-01  0.362281E-01  0.362281E-01
 -0.039465  0.720772E-01  0.360386E-01  0.360386E-01
 -0.034783  0.717237E-01  0.358619E-01  0.358619E-01
 -0.030100  0.713956E-01  0.356978E-01  0.356978E-01
 -0.025418  0.710924E-01  0.355462E-01  0.355462E-01
 -0.020736  0.708142E-01  0.354071E-01  0.354071E-01
 -0.016054  0.705607E-01  0.352803E-01  0.352803E-01
 -0.011371  0.703318E-01  0.351659E-01  0.351659E-01
 -0.006689  0.701275E-01  0.350638E-01  0.350638E-01
 -0.002007  0.699477E-01  0.349739E-01  0.349739E-01
  0.002676  0.697925E-01  0.348963E-01  0.348963E-01
  0.007358  0.696619E-01  0.348310E-01  0.348310E-01
  0.012040  0.695560E-01  0.347780E-01  0.347780E-01
  0.016722  0.694748E-01  0.347374E-01  0.347374E-01
  0.021405  0.694187E-01  0.347093E-01  0.347093E-01
  0.026087  0.693878E-01  0.346939E-01  0.346939E-01
  0.030769  0.693823E-01  0.346912E-01  0.346912E-01
  0.035452  0.694026E-01  0.347013E-01  0.347013E-01
  0.040134  0.694491E-01  0.347245E-01  0.347245E-01
  0.044816  0.695221E-01  0.347610E-01  0.347610E-01
  0.049498  0.696221E-01  0.348111E-01  0.348111E-01
  0.054181  0.697497E-01  0.348748E-01  0.348748E-01
  0.058863  0.699054E-01  0.349527E-01  0.349527E-01
  0.063545  0.700900E-01  0.350450E-01  0.350450E-01
  0.068227  0.703040E-01  0.351520E-01  0.351520E-01
  0.072910  0.705484E-01  0.352742E-01  0.352742E-01
  0.077592  0.708241E-01  0.354120E-01  0.354120E-01
  0.082274  0.711319E-01  0.355660E-01  0.355660E-01
  0.086957  0.714731E-01  0.357365E-01  0.357365E-01
  0.091639  0.718487E-01  0.359243E-01  0.359243E-01
  0.096321  0.722601E-01  0.361300E-01  0.361300E-01
  0.101003  0.727087E-01  0.363543E-01  0.363543E-01
  0.105686  0.731960E-01  0.365980E-01  0.365980E-01
  0.110368  0.737239E-01  0.368619E-01  0.368619E-01
  0.115050  0.742941E-01  0.371470E-01  0.371470E-01
  0.119732  0.749087E-01  0.374544E-01  0.374544E-01
  0.124415  0.755698E-01  0.377849E-01  0.377849E-01
  0.129097  0.762805E-01  0.381403E-01  0.381403E-01
  0.133779  0.770433E-01  0.385217E-01  0.385217E-01
  0.138462  0.778614E-01  0.389307E-01  0.389307E-01
  0.143144  0.787382E-01  0.393691E-01  0.393691E-01
  0.147826  0.796776E-01  0.398388E-01  0.398388E-01
  0.152508  0.806839E-01  0.403420E-01  0.403420E-01
  0.157191  0.817621E-01  0.408811E-01  0.408811E-01
  0.161873  0.829178E-01  0.414589E-01  0.414589E-01
  0.166555  0.841572E-01  0.420786E-01  0.420786E-01
  0.171237  0.854876E-01  0.427438E-01  0.427438E-01
  0.175920  0.869175E-01  0.434588E-01  0.434588E-01
  0.180602  0.884566E-01  0.442283E-01  0.442283E-01
  0.185284  0.901166E-01  0.450583E-01  0.450583E-01
  0.189967  0.919110E-01  0.459555E-01  0.459555E-01
  0.194649  0.938568E-01  0.469284E-01  0.469284E-01
  0.199331  0.959745E-01  0.479872E-01  0.479872E-01
  0.204013  0.982899E-01  0.491449E-01  0.491449E-01
  0.208696  0.100837E+00  0.504183E-01  0.504183E-01
  0.213378  0.103659E+00  0.518295E-01  0.518295E-01
  0.218060  0.106819E+00  0.534095E-01  0.534095E-01
  0.222742  0.110406E+00  0.552029E-01  0.552029E-01
  0.227425  0.114558E+00  0.572792E-01  0.572792E-01
  0.232107  0.119509E+00  0.597546E-01  0.597546E-01
  0.236789  0.125696E+00  0.628481E-01  0.628481E-01
  0.241472  0.134088E+00  0.670438E-01  0.670438E-01
  0.246154  0.147445E+00  0.737227E-01  0.737227E-01
  0.250836  0.177735E+00  0.888677E-01  0.888677E-01
  0.255518  0.280155E+00  0.140078E+00  0.140078E+00
  0.260201  0.289344E+00  0.144672E+00  0.144672E+00
  0.264883  0.393830E+00  0.196915E+00  0.196915E+00
  0.269565  0.552367E+00  0.276183E+00  0.276183E+00
  0.274247  0.491290E+00  0.245645E+00  0.245645E+00
  0.278930  0.371446E+00  0.185723E+00  0.185723E+00
  0.283612  0.658190E+00  0.329095E+00  0.329095E+00
  0.288294  0.728390E+00  0.364195E+00  0.364195E+00
  0.292977  0.821603E+00  0.410801E+00  0.410801E+00
  0.297659  0.771513E+00  0.385757E+00  0.385757E+00
  0.302341  0.632535E+00  0.316267E+00  0.316267E+00
  0.307023  0.584129E+00  0.292065E+00  0.292065E+00
  0.311706  0.111425E+01  0.557125E+00  0.557125E+00
  0.316388  0.112784E+01  0.563922E+00  0.563922E+00
  0.321070  0.106854E+01  0.534271E+00  0.534271E+00
  0.325753  0.131642E+01  0.658210E+00  0.658210E+00
  0.330435  0.893908E+00  0.446954E+00  0.446954E+00
  0.335117  0.117025E+01  0.585126E+00  0.585126E+00
  0.339799  0.142645E+01  0.713225E+00  0.713225E+00
  0.344482  0.215027E+01  0.107514E+01  0.107514E+01
  0.349164  0.266283E+01  0.133141E+01  0.133141E+01
  0.353846  0.240018E+01  0.120009E+01  0.120009E+01
  0.358528  0.289972E+01  0.144986E+01  0.144986E+01
  0.363211  0.350212E+01  0.175106E+01  0.175106E+01
  0.367893  0.380293E+01  0.190146E+01  0.190146E+01
  0.372575  0.487124E+01  0.243562E+01  0.243562E+01
  0.377258  0.587231E+01  0.293616E+01  0.293616E+01
  0.381940  0.746455E+01  0.373227E+01  0.373227E+01
  0.386622  0.802675E+01  0.401337E+01  0.401337E+01
  0.391304  0.871620E+01  0.435810E+01  0.435810E+01
  0.395987  0.927900E+01  0.463950E+01  0.463950E+01
  0.400669  0.968171E+01  0.484086E+01  0.484086E+01
  0.405351  0.110225E+02  0.551126E+01  0.551126E+01
  0.410033  0.119765E+02  0.598826E+01  0.598826E+01
  0.414716  0.123184E+02  0.615921E+01  0.615921E+01
  0.419398  0.131771E+02  0.658857E+01  0.658857E+01
  0.424080  0.136567E+02  0.682834E+01  0.682834E+01
  0.428763  0.141195E+02  0.705976E+01  0.705976E+01
  0.433445  0.143435E+02  0.717175E+01  0.717175E+01
  0.438127  0.146165E+02  0.730827E+01  0.730827E+01
  0.442809  0.152911E+02  0.764557E+01  0.764557E+01
  0.447492  0.147441E+02  0.737206E+01  0.737206E+01
  0.452174  0.148550E+02  0.742748E+01  0.742748E+01
  0.456856  0.156448E+02  0.782238E+01  0.782238E+01
  0.461538  0.154339E+02  0.771696E+01  0.771696E+01
  0.466221  0.148992E+02  0.744960E+01  0.744960E+01
  0.470903  0.155086E+02  0.775430E+01  0.775430E+01
  0.475585  0.154966E+02  0.774828E+01  0.774828E+01
  0.480268  0.135968E+02  0.679841E+01  0.679841E+01
  0.484950  0.111020E+02  0.555099E+01  0.555099E+01
  0.489632  0.975396E+01  0.487698E+01  0.487698E+01
  0.494314  0.963545E+01  0.481773E+01  0.481773E+01
  0.498997  0.984637E+01  0.492318E+01  0.492318E+01
  0.503679  0.847423E+01  0.423712E+01  0.423712E+01
  0.508361  0.927794E+01  0.463897E+01  0.463897E+01
  0.513043  0.108749E+02  0.543747E+01  0.543747E+01
  0.517726  0.136583E+02  0.682915E+01  0.682915E+01
  0.522408  0.156438E+02  0.782188E+01  0.782188E+01
  0.527090  0.169300E+02  0.846502E+01  0.846502E+01
  0.531773  0.182745E+02  0.913724E+01  0.913724E+01
  0.536455  0.197911E+02  0.989557E+01  0.989557E+01
  0.541137  0.201503E+02  0.100752E+02  0.100752E+02
  0.545819  0.190732E+02  0.953659E+01  0.953659E+01
  0.550502  0.175215E+02  0.876075E+01  0.876075E+01
  0.555184  0.171572E+02  0.857858E+01  0.857858E+01
  0.559866  0.163749E+02  0.818747E+01  0.818747E+01
  0.564548  0.144955E+02  0.724776E+01  0.724776E+01
  0.569231  0.135048E+02  0.675238E+01  0.675238E+01
  0.573913  0.141695E+02  0.708477E+01  0.708477E+01
  0.578595  0.130081E+02  0.650403E+01  0.650403E+01
  0.583278  0.115422E+02  0.577112E+01  0.577112E+01
  0.587960  0.104849E+02  0.524243E+01  0.524243E+01
  0.592642  0.110291E+02  0.551454E+01  0.551454E+01
  0.597324  0.122062E+02  0.610309E+01  0.610309E+01
  0.602007  0.126705E+02  0.633527E+01  0.633527E+01
  0.606689  0.138759E+02  0.693796E+01  0.693796E+01
  0.611371  0.155037E+02  0.775187E+01  0.775187E+01
  0.616054  0.162450E+02  0.812251E+01  0.812251E+01
  0.620736  0.176722E+02  0.883612E+01  0.883612E+01
  0.625418  0.198091E+02  0.990456E+01  0.990456E+01
  0.630100  0.213753E+02  0.106877E+02  0.106877E+02
  0.634783  0.213374E+02  0.106687E+02  0.106687E+02
  0.639465  0.203538E+02  0.101769E+02  0.101769E+02
  0.644147  0.202500E+02  0.101250E+02  0.101250E+02
  0.648829  0.200616E+02  0.100308E+02  0.100308E+02
  0.653512  0.193812E+02  0.969059E+01  0.969059E+01
  0.658194  0.179834E+02  0.899168E+01  0.899168E+01
  0.662876  0.144582E+02  0.722909E+01  0.722909E+01
  0.667559  0.110371E+02  0.551857E+01  0.551857E+01
  0.672241  0.109886E+02  0.549428E+01  0.549428E+01
  0.676923  0.105286E+02  0.526430E+01  0.526430E+01
  0.681605  0.105973E+02  0.529867E+01  0.529867E+01
  0.686288  0.987950E+01  0.493975E+01  0.493975E+01
  0.690970  0.802727E+01  0.401363E+01  0.401363E+01
  0.695652  0.851911E+01  0.425956E+01  0.425956E+01
  0.700334  0.890714E+01  0.445357E+01  0.445357E+01
  0.705017  0.868095E+01  0.434048E+01  0.434048E+01
  0.709699  0.817239E+01  0.408620E+01  0.408620E+01
  0.714381  0.632724E+01  0.316362E+01  0.316362E+01
  0.719064  0.406098E+01  0.203049E+01  0.203049E+01
  0.723746  0.437000E+01  0.218500E+01  0.218500E+01
  0.728428  0.471530E+01  0.235765E+01  0.235765E+01
  0.733110  0.659017E+01  0.329508E+01  0.329508E+01
  0.737793  0.842476E+01  0.421238E+01  0.421238E+01
  0.742475  0.711457E+01  0.355729E+01  0.355729E+01
  0.747157  0.791168E+01  0.395584E+01  0.395584E+01
  0.751839  0.811913E+01  0.405957E+01  0.405957E+01
  0.756522  0.814883E+01  0.407441E+01  0.407441E+01
  0.761204  0.929416E+01  0.464708E+01  0.464708E+01
  0.765886  0.904002E+01  0.452001E+01  0.452001E+01
  0.770569  0.760543E+01  0.380271E+01  0.380271E+01
  0.775251  0.792132E+01  0.396066E+01  0.396066E+01
  0.779933  0.795404E+01  0.397702E+01  0.397702E+01
  0.784615  0.105093E+02  0.525466E+01  0.525466E+01
  0.789298  0.116710E+02  0.583552E+01  0.583552E+01
  0.793980  0.120783E+02  0.603916E+01  0.603916E+01
  0.798662  0.119609E+02  0.598043E+01  0.598043E+01
  0.803344  0.965895E+01  0.482947E+01  0.482947E+01
  0.808027  0.882744E+01  0.441372E+01  0.441372E+01
  0.812709  0.984623E+01  0.492312E+01  0.492312E+01
  0.817391  0.110496E+02  0.552478E+01  0.552478E+01
  0.822074  0.115224E+02  0.576118E+01  0.576118E+01
  0.826756  0.119593E+02  0.597967E+01  0.597967E+01
  0.831438  0.127335E+02  0.636675E+01  0.636675E+01
  0.836120  0.123449E+02  0.617247E+01  0.617247E+01
  0.840803  0.126683E+02  0.633416E+01  0.633416E+01
  0.845485  0.136556E+02  0.682780E+01  0.682780E+01
  0.850167  0.144107E+02  0.720535E+01  0.720535E+01
  0.854849  0.143967E+02  0.719833E+01  0.719833E+01
  0.859532  0.137435E+02  0.687177E+01  0.687177E+01
  0.864214  0.128823E+02  0.644114E+01  0.644114E+01
  0.868896  0.124614E+02  0.623068E+01  0.623068E+01
  0.873579  0.125922E+02  0.629608E+01  0.629608E+01
  0.878261  0.129404E+02  0.647022E+01  0.647022E+01
  0.882943  0.129666E+02  0.648332E+01  0.648332E+01
  0.887625  0.127769E+02  0.638844E+01  0.638844E+01
  0.892308  0.125480E+02  0.627400E+01  0.627400E+01
  0.896990  0.127185E+02  0.635927E+01  0.635927E+01
  0.901672  0.130106E+02  0.650532E+01  0.650532E+01
  0.906355  0.134830E+02  0.674152E+01  0.674152E+01
  0.911037  0.142091E+02  0.710455E+01  0.710455E+01
  0.915719  0.149608E+02  0.748039E+01  0.748039E+01
  0.920401  0.155369E+02  0.776845E+01  0.776845E+01
  0.925084  0.159696E+02  0.798478E+01  0.798478E+01
  0.929766  0.165347E+02  0.826735E+01  0.826735E+01
  0.934448  0.173107E+02  0.865535E+01  0.865535E+01
  0.939130  0.184421E+02  0.922106E+01  0.922106E+01
  0.943813  0.200056E+02  0.100028E+02  0.100028E+02
  0.948495  0.215848E+02  0.107924E+02  0.107924E+02
  0.953177  0.228926E+02  0.114463E+02  0.114463E+02
  0.957860  0.240527E+02  0.120264E+02  0.120264E+02
  0.962542  0.252893E+02  0.126446E+02  0.126446E+02
  0.967224  0.265420E+02  0.132710E+02  0.132710E+02
  0.971906  0.274461E+02  0.137230E+02  0.137230E+02
  0.976589  0.272914E+02  0.136457E+02  0.136457E+02
  0.981271  0.256742E+02  0.128371E+02  0.128371E+02
  0.985953  0.236281E+02  0.118140E+02  0.118140E+02
  0.990635  0.227639E+02  0.113819E+02  0.113819E+02
  0.995318  0.229386E+02  0.114693E+02  0.114693E+02
  1.000000  0.228626E+02  0.114313E+02  0.114313E+02
