This file contains single site DOS for a stand-alone atom, i.e., in vacuum
Atomic index in the system :   1
----------------------------------------------------
Fermi energy     :  0.62112474                              
Species index    :  2                                       
Num Energy Points:   300                                    
----------------------------------------------------
    Energy     DOS_total        DOS_up      DOS_down
 -0.400000  0.000000E+00  0.000000E+00  0.000000E+00
 -0.395318  0.000000E+00  0.000000E+00  0.000000E+00
 -0.390635  0.000000E+00  0.000000E+00  0.000000E+00
 -0.385953  0.000000E+00  0.000000E+00  0.000000E+00
 -0.381271  0.000000E+00  0.000000E+00  0.000000E+00
 -0.376589  0.000000E+00  0.000000E+00  0.000000E+00
 -0.371906  0.000000E+00  0.000000E+00  0.000000E+00
 -0.367224  0.000000E+00  0.000000E+00  0.000000E+00
 -0.362542  0.000000E+00  0.000000E+00  0.000000E+00
 -0.357860  0.000000E+00  0.000000E+00  0.000000E+00
 -0.353177  0.000000E+00  0.000000E+00  0.000000E+00
 -0.348495  0.000000E+00  0.000000E+00  0.000000E+00
 -0.343813  0.000000E+00  0.000000E+00  0.000000E+00
 -0.339130  0.000000E+00  0.000000E+00  0.000000E+00
 -0.334448  0.000000E+00  0.000000E+00  0.000000E+00
 -0.329766  0.000000E+00  0.000000E+00  0.000000E+00
 -0.325084  0.000000E+00  0.000000E+00  0.000000E+00
 -0.320401  0.000000E+00  0.000000E+00  0.000000E+00
 -0.315719  0.000000E+00  0.000000E+00  0.000000E+00
 -0.311037  0.000000E+00  0.000000E+00  0.000000E+00
 -0.306355  0.000000E+00  0.000000E+00  0.000000E+00
 -0.301672  0.000000E+00  0.000000E+00  0.000000E+00
 -0.296990  0.000000E+00  0.000000E+00  0.000000E+00
 -0.292308  0.000000E+00  0.000000E+00  0.000000E+00
 -0.287625  0.000000E+00  0.000000E+00  0.000000E+00
 -0.282943  0.000000E+00  0.000000E+00  0.000000E+00
 -0.278261  0.000000E+00  0.000000E+00  0.000000E+00
 -0.273579  0.000000E+00  0.000000E+00  0.000000E+00
 -0.268896  0.000000E+00  0.000000E+00  0.000000E+00
 -0.264214  0.000000E+00  0.000000E+00  0.000000E+00
 -0.259532  0.000000E+00  0.000000E+00  0.000000E+00
 -0.254849  0.000000E+00  0.000000E+00  0.000000E+00
 -0.250167  0.000000E+00  0.000000E+00  0.000000E+00
 -0.245485  0.000000E+00  0.000000E+00  0.000000E+00
 -0.240803  0.000000E+00  0.000000E+00  0.000000E+00
 -0.236120  0.000000E+00  0.000000E+00  0.000000E+00
 -0.231438  0.000000E+00  0.000000E+00  0.000000E+00
 -0.226756  0.000000E+00  0.000000E+00  0.000000E+00
 -0.222074  0.000000E+00  0.000000E+00  0.000000E+00
 -0.217391  0.000000E+00  0.000000E+00  0.000000E+00
 -0.212709  0.000000E+00  0.000000E+00  0.000000E+00
 -0.208027  0.000000E+00  0.000000E+00  0.000000E+00
 -0.203344  0.000000E+00  0.000000E+00  0.000000E+00
 -0.198662  0.000000E+00  0.000000E+00  0.000000E+00
 -0.193980  0.000000E+00  0.000000E+00  0.000000E+00
 -0.189298  0.000000E+00  0.000000E+00  0.000000E+00
 -0.184615  0.000000E+00  0.000000E+00  0.000000E+00
 -0.179933  0.000000E+00  0.000000E+00  0.000000E+00
 -0.175251  0.000000E+00  0.000000E+00  0.000000E+00
 -0.170569  0.000000E+00  0.000000E+00  0.000000E+00
 -0.165886  0.000000E+00  0.000000E+00  0.000000E+00
 -0.161204  0.000000E+00  0.000000E+00  0.000000E+00
 -0.156522  0.000000E+00  0.000000E+00  0.000000E+00
 -0.151839  0.000000E+00  0.000000E+00  0.000000E+00
 -0.147157  0.000000E+00  0.000000E+00  0.000000E+00
 -0.142475  0.000000E+00  0.000000E+00  0.000000E+00
 -0.137793  0.000000E+00  0.000000E+00  0.000000E+00
 -0.133110  0.000000E+00  0.000000E+00  0.000000E+00
 -0.128428  0.000000E+00  0.000000E+00  0.000000E+00
 -0.123746  0.000000E+00  0.000000E+00  0.000000E+00
 -0.119064  0.000000E+00  0.000000E+00  0.000000E+00
 -0.114381  0.000000E+00  0.000000E+00  0.000000E+00
 -0.109699  0.000000E+00  0.000000E+00  0.000000E+00
 -0.105017  0.000000E+00  0.000000E+00  0.000000E+00
 -0.100334  0.000000E+00  0.000000E+00  0.000000E+00
 -0.095652  0.000000E+00  0.000000E+00  0.000000E+00
 -0.090970  0.000000E+00  0.000000E+00  0.000000E+00
 -0.086288  0.000000E+00  0.000000E+00  0.000000E+00
 -0.081605  0.000000E+00  0.000000E+00  0.000000E+00
 -0.076923  0.000000E+00  0.000000E+00  0.000000E+00
 -0.072241  0.000000E+00  0.000000E+00  0.000000E+00
 -0.067559  0.000000E+00  0.000000E+00  0.000000E+00
 -0.062876  0.000000E+00  0.000000E+00  0.000000E+00
 -0.058194  0.000000E+00  0.000000E+00  0.000000E+00
 -0.053512  0.000000E+00  0.000000E+00  0.000000E+00
 -0.048829  0.000000E+00  0.000000E+00  0.000000E+00
 -0.044147  0.000000E+00  0.000000E+00  0.000000E+00
 -0.039465  0.000000E+00  0.000000E+00  0.000000E+00
 -0.034783  0.000000E+00  0.000000E+00  0.000000E+00
 -0.030100  0.000000E+00  0.000000E+00  0.000000E+00
 -0.025418  0.000000E+00  0.000000E+00  0.000000E+00
 -0.020736  0.000000E+00  0.000000E+00  0.000000E+00
 -0.016054  0.000000E+00  0.000000E+00  0.000000E+00
 -0.011371  0.000000E+00  0.000000E+00  0.000000E+00
 -0.006689  0.000000E+00  0.000000E+00  0.000000E+00
 -0.002007  0.000000E+00  0.000000E+00  0.000000E+00
  0.002676  0.845831E-01  0.422915E-01  0.422915E-01
  0.007358  0.142854E+00  0.714272E-01  0.714272E-01
  0.012040  0.186012E+00  0.930059E-01  0.930059E-01
  0.016722  0.223032E+00  0.111516E+00  0.111516E+00
  0.021405  0.256607E+00  0.128303E+00  0.128303E+00
  0.026087  0.287968E+00  0.143984E+00  0.143984E+00
  0.030769  0.317797E+00  0.158898E+00  0.158898E+00
  0.035452  0.346515E+00  0.173257E+00  0.173257E+00
  0.040134  0.374405E+00  0.187202E+00  0.187202E+00
  0.044816  0.401668E+00  0.200834E+00  0.200834E+00
  0.049498  0.428453E+00  0.214227E+00  0.214227E+00
  0.054181  0.454877E+00  0.227438E+00  0.227438E+00
  0.058863  0.481030E+00  0.240515E+00  0.240515E+00
  0.063545  0.506989E+00  0.253495E+00  0.253495E+00
  0.068227  0.532817E+00  0.266409E+00  0.266409E+00
  0.072910  0.558569E+00  0.279284E+00  0.279284E+00
  0.077592  0.584292E+00  0.292146E+00  0.292146E+00
  0.082274  0.610031E+00  0.305015E+00  0.305015E+00
  0.086957  0.635823E+00  0.317911E+00  0.317911E+00
  0.091639  0.661706E+00  0.330853E+00  0.330853E+00
  0.096321  0.687712E+00  0.343856E+00  0.343856E+00
  0.101003  0.713876E+00  0.356938E+00  0.356938E+00
  0.105686  0.740227E+00  0.370114E+00  0.370114E+00
  0.110368  0.766796E+00  0.383398E+00  0.383398E+00
  0.115050  0.793612E+00  0.396806E+00  0.396806E+00
  0.119732  0.820704E+00  0.410352E+00  0.410352E+00
  0.124415  0.848102E+00  0.424051E+00  0.424051E+00
  0.129097  0.875834E+00  0.437917E+00  0.437917E+00
  0.133779  0.903929E+00  0.451964E+00  0.451964E+00
  0.138462  0.932417E+00  0.466208E+00  0.466208E+00
  0.143144  0.961327E+00  0.480663E+00  0.480663E+00
  0.147826  0.990690E+00  0.495345E+00  0.495345E+00
  0.152508  0.102054E+01  0.510268E+00  0.510268E+00
  0.157191  0.105090E+01  0.525449E+00  0.525449E+00
  0.161873  0.108181E+01  0.540904E+00  0.540904E+00
  0.166555  0.111330E+01  0.556651E+00  0.556651E+00
  0.171237  0.114541E+01  0.572705E+00  0.572705E+00
  0.175920  0.117817E+01  0.589085E+00  0.589085E+00
  0.180602  0.121162E+01  0.605810E+00  0.605810E+00
  0.185284  0.124580E+01  0.622899E+00  0.622899E+00
  0.189967  0.128074E+01  0.640371E+00  0.640371E+00
  0.194649  0.131650E+01  0.658248E+00  0.658248E+00
  0.199331  0.135310E+01  0.676551E+00  0.676551E+00
  0.204013  0.139061E+01  0.695303E+00  0.695303E+00
  0.208696  0.142905E+01  0.714527E+00  0.714527E+00
  0.213378  0.146849E+01  0.734247E+00  0.734247E+00
  0.218060  0.150898E+01  0.754489E+00  0.754489E+00
  0.222742  0.155056E+01  0.775281E+00  0.775281E+00
  0.227425  0.159330E+01  0.796648E+00  0.796648E+00
  0.232107  0.163724E+01  0.818622E+00  0.818622E+00
  0.236789  0.168247E+01  0.841233E+00  0.841233E+00
  0.241472  0.172903E+01  0.864513E+00  0.864513E+00
  0.246154  0.177699E+01  0.888495E+00  0.888495E+00
  0.250836  0.182643E+01  0.913216E+00  0.913216E+00
  0.255518  0.187742E+01  0.938712E+00  0.938712E+00
  0.260201  0.193004E+01  0.965022E+00  0.965022E+00
  0.264883  0.198437E+01  0.992187E+00  0.992187E+00
  0.269565  0.204050E+01  0.102025E+01  0.102025E+01
  0.274247  0.209852E+01  0.104926E+01  0.104926E+01
  0.278930  0.215852E+01  0.107926E+01  0.107926E+01
  0.283612  0.222060E+01  0.111030E+01  0.111030E+01
  0.288294  0.228488E+01  0.114244E+01  0.114244E+01
  0.292977  0.235146E+01  0.117573E+01  0.117573E+01
  0.297659  0.242045E+01  0.121023E+01  0.121023E+01
  0.302341  0.249200E+01  0.124600E+01  0.124600E+01
  0.307023  0.256621E+01  0.128311E+01  0.128311E+01
  0.311706  0.264324E+01  0.132162E+01  0.132162E+01
  0.316388  0.272323E+01  0.136162E+01  0.136162E+01
  0.321070  0.280634E+01  0.140317E+01  0.140317E+01
  0.325753  0.289272E+01  0.144636E+01  0.144636E+01
  0.330435  0.298254E+01  0.149127E+01  0.149127E+01
  0.335117  0.307600E+01  0.153800E+01  0.153800E+01
  0.339799  0.317327E+01  0.158663E+01  0.158663E+01
  0.344482  0.327456E+01  0.163728E+01  0.163728E+01
  0.349164  0.338009E+01  0.169005E+01  0.169005E+01
  0.353846  0.349008E+01  0.174504E+01  0.174504E+01
  0.358528  0.360477E+01  0.180238E+01  0.180238E+01
  0.363211  0.372440E+01  0.186220E+01  0.186220E+01
  0.367893  0.384925E+01  0.192462E+01  0.192462E+01
  0.372575  0.397958E+01  0.198979E+01  0.198979E+01
  0.377258  0.411571E+01  0.205785E+01  0.205785E+01
  0.381940  0.425793E+01  0.212897E+01  0.212897E+01
  0.386622  0.440658E+01  0.220329E+01  0.220329E+01
  0.391304  0.456199E+01  0.228100E+01  0.228100E+01
  0.395987  0.472454E+01  0.236227E+01  0.236227E+01
  0.400669  0.489460E+01  0.244730E+01  0.244730E+01
  0.405351  0.507257E+01  0.253629E+01  0.253629E+01
  0.410033  0.525888E+01  0.262944E+01  0.262944E+01
  0.414716  0.545395E+01  0.272698E+01  0.272698E+01
  0.419398  0.565826E+01  0.282913E+01  0.282913E+01
  0.424080  0.587228E+01  0.293614E+01  0.293614E+01
  0.428763  0.609651E+01  0.304826E+01  0.304826E+01
  0.433445  0.633147E+01  0.316574E+01  0.316574E+01
  0.438127  0.657770E+01  0.328885E+01  0.328885E+01
  0.442809  0.683574E+01  0.341787E+01  0.341787E+01
  0.447492  0.710618E+01  0.355309E+01  0.355309E+01
  0.452174  0.738958E+01  0.369479E+01  0.369479E+01
  0.456856  0.768655E+01  0.384327E+01  0.384327E+01
  0.461538  0.799768E+01  0.399884E+01  0.399884E+01
  0.466221  0.832357E+01  0.416178E+01  0.416178E+01
  0.470903  0.866481E+01  0.433241E+01  0.433241E+01
  0.475585  0.902199E+01  0.451099E+01  0.451099E+01
  0.480268  0.939567E+01  0.469783E+01  0.469783E+01
  0.484950  0.978638E+01  0.489319E+01  0.489319E+01
  0.489632  0.101946E+02  0.509730E+01  0.509730E+01
  0.494314  0.106208E+02  0.531039E+01  0.531039E+01
  0.498997  0.110653E+02  0.553264E+01  0.553264E+01
  0.503679  0.115284E+02  0.576419E+01  0.576419E+01
  0.508361  0.120102E+02  0.600511E+01  0.600511E+01
  0.513043  0.125108E+02  0.625542E+01  0.625542E+01
  0.517726  0.130301E+02  0.651506E+01  0.651506E+01
  0.522408  0.135678E+02  0.678388E+01  0.678388E+01
  0.527090  0.141232E+02  0.706161E+01  0.706161E+01
  0.531773  0.146957E+02  0.734787E+01  0.734787E+01
  0.536455  0.152843E+02  0.764216E+01  0.764216E+01
  0.541137  0.158876E+02  0.794381E+01  0.794381E+01
  0.545819  0.165040E+02  0.825199E+01  0.825199E+01
  0.550502  0.171314E+02  0.856569E+01  0.856569E+01
  0.555184  0.177675E+02  0.888373E+01  0.888373E+01
  0.559866  0.184095E+02  0.920473E+01  0.920473E+01
  0.564548  0.190542E+02  0.952711E+01  0.952711E+01
  0.569231  0.196982E+02  0.984912E+01  0.984912E+01
  0.573913  0.203376E+02  0.101688E+02  0.101688E+02
  0.578595  0.209681E+02  0.104840E+02  0.104840E+02
  0.583278  0.215852E+02  0.107926E+02  0.107926E+02
  0.587960  0.221842E+02  0.110921E+02  0.110921E+02
  0.592642  0.227602E+02  0.113801E+02  0.113801E+02
  0.597324  0.233084E+02  0.116542E+02  0.116542E+02
  0.602007  0.238240E+02  0.119120E+02  0.119120E+02
  0.606689  0.243022E+02  0.121511E+02  0.121511E+02
  0.611371  0.247387E+02  0.123694E+02  0.123694E+02
  0.616054  0.251297E+02  0.125648E+02  0.125648E+02
  0.620736  0.254715E+02  0.127358E+02  0.127358E+02
  0.625418  0.257616E+02  0.128808E+02  0.128808E+02
  0.630100  0.259976E+02  0.129988E+02  0.129988E+02
  0.634783  0.261783E+02  0.130892E+02  0.130892E+02
  0.639465  0.263030E+02  0.131515E+02  0.131515E+02
  0.644147  0.263719E+02  0.131860E+02  0.131860E+02
  0.648829  0.263859E+02  0.131930E+02  0.131930E+02
  0.653512  0.263466E+02  0.131733E+02  0.131733E+02
  0.658194  0.262563E+02  0.131281E+02  0.131281E+02
  0.662876  0.261176E+02  0.130588E+02  0.130588E+02
  0.667559  0.259339E+02  0.129669E+02  0.129669E+02
  0.672241  0.257086E+02  0.128543E+02  0.128543E+02
  0.676923  0.254457E+02  0.127229E+02  0.127229E+02
  0.681605  0.251491E+02  0.125746E+02  0.125746E+02
  0.686288  0.248228E+02  0.124114E+02  0.124114E+02
  0.690970  0.244708E+02  0.122354E+02  0.122354E+02
  0.695652  0.240970E+02  0.120485E+02  0.120485E+02
  0.700334  0.237051E+02  0.118525E+02  0.118525E+02
  0.705017  0.232987E+02  0.116494E+02  0.116494E+02
  0.709699  0.228812E+02  0.114406E+02  0.114406E+02
  0.714381  0.224555E+02  0.112278E+02  0.112278E+02
  0.719064  0.220245E+02  0.110122E+02  0.110122E+02
  0.723746  0.215906E+02  0.107953E+02  0.107953E+02
  0.728428  0.211562E+02  0.105781E+02  0.105781E+02
  0.733110  0.207232E+02  0.103616E+02  0.103616E+02
  0.737793  0.202933E+02  0.101466E+02  0.101466E+02
  0.742475  0.198680E+02  0.993398E+01  0.993398E+01
  0.747157  0.194486E+02  0.972428E+01  0.972428E+01
  0.751839  0.190361E+02  0.951805E+01  0.951805E+01
  0.756522  0.186315E+02  0.931574E+01  0.931574E+01
  0.761204  0.182354E+02  0.911770E+01  0.911770E+01
  0.765886  0.178485E+02  0.892423E+01  0.892423E+01
  0.770569  0.174711E+02  0.873553E+01  0.873553E+01
  0.775251  0.171035E+02  0.855177E+01  0.855177E+01
  0.779933  0.167461E+02  0.837306E+01  0.837306E+01
  0.784615  0.163989E+02  0.819947E+01  0.819947E+01
  0.789298  0.160620E+02  0.803101E+01  0.803101E+01
  0.793980  0.157354E+02  0.786770E+01  0.786770E+01
  0.798662  0.154190E+02  0.770950E+01  0.770950E+01
  0.803344  0.151127E+02  0.755636E+01  0.755636E+01
  0.808027  0.148164E+02  0.740820E+01  0.740820E+01
  0.812709  0.145299E+02  0.726494E+01  0.726494E+01
  0.817391  0.142530E+02  0.712648E+01  0.712648E+01
  0.822074  0.139854E+02  0.699271E+01  0.699271E+01
  0.826756  0.137270E+02  0.686351E+01  0.686351E+01
  0.831438  0.134775E+02  0.673876E+01  0.673876E+01
  0.836120  0.132367E+02  0.661835E+01  0.661835E+01
  0.840803  0.130043E+02  0.650213E+01  0.650213E+01
  0.845485  0.127800E+02  0.638998E+01  0.638998E+01
  0.850167  0.125635E+02  0.628177E+01  0.628177E+01
  0.854849  0.123547E+02  0.617737E+01  0.617737E+01
  0.859532  0.121533E+02  0.607665E+01  0.607665E+01
  0.864214  0.119590E+02  0.597949E+01  0.597949E+01
  0.868896  0.117715E+02  0.588576E+01  0.588576E+01
  0.873579  0.115907E+02  0.579534E+01  0.579534E+01
  0.878261  0.114162E+02  0.570811E+01  0.570811E+01
  0.882943  0.112479E+02  0.562397E+01  0.562397E+01
  0.887625  0.110856E+02  0.554279E+01  0.554279E+01
  0.892308  0.109289E+02  0.546446E+01  0.546446E+01
  0.896990  0.107778E+02  0.538889E+01  0.538889E+01
  0.901672  0.106319E+02  0.531597E+01  0.531597E+01
  0.906355  0.104912E+02  0.524561E+01  0.524561E+01
  0.911037  0.103554E+02  0.517770E+01  0.517770E+01
  0.915719  0.102243E+02  0.511217E+01  0.511217E+01
  0.920401  0.100978E+02  0.504891E+01  0.504891E+01
  0.925084  0.997570E+01  0.498785E+01  0.498785E+01
  0.929766  0.985781E+01  0.492891E+01  0.492891E+01
  0.934448  0.974400E+01  0.487200E+01  0.487200E+01
  0.939130  0.963411E+01  0.481706E+01  0.481706E+01
  0.943813  0.952801E+01  0.476400E+01  0.476400E+01
  0.948495  0.942555E+01  0.471277E+01  0.471277E+01
  0.953177  0.932660E+01  0.466330E+01  0.466330E+01
  0.957860  0.923104E+01  0.461552E+01  0.461552E+01
  0.962542  0.913874E+01  0.456937E+01  0.456937E+01
  0.967224  0.904959E+01  0.452479E+01  0.452479E+01
  0.971906  0.896347E+01  0.448174E+01  0.448174E+01
  0.976589  0.888028E+01  0.444014E+01  0.444014E+01
  0.981271  0.879992E+01  0.439996E+01  0.439996E+01
  0.985953  0.872228E+01  0.436114E+01  0.436114E+01
  0.990635  0.864728E+01  0.432364E+01  0.432364E+01
  0.995318  0.857481E+01  0.428741E+01  0.428741E+01
  1.000000  0.850480E+01  0.425240E+01  0.425240E+01
