This file contains single site DOS for a stand-alone atom, i.e., in vacuum
Atomic index in the system :   1
----------------------------------------------------
Fermi energy     :  0.62112474                              
Species index    :  4                                       
Num Energy Points:   300                                    
----------------------------------------------------
    Energy     DOS_total        DOS_up      DOS_down
 -0.400000  0.000000E+00  0.000000E+00  0.000000E+00
 -0.395318  0.000000E+00  0.000000E+00  0.000000E+00
 -0.390635  0.000000E+00  0.000000E+00  0.000000E+00
 -0.385953  0.000000E+00  0.000000E+00  0.000000E+00
 -0.381271  0.000000E+00  0.000000E+00  0.000000E+00
 -0.376589  0.000000E+00  0.000000E+00  0.000000E+00
 -0.371906  0.000000E+00  0.000000E+00  0.000000E+00
 -0.367224  0.000000E+00  0.000000E+00  0.000000E+00
 -0.362542  0.000000E+00  0.000000E+00  0.000000E+00
 -0.357860  0.000000E+00  0.000000E+00  0.000000E+00
 -0.353177  0.000000E+00  0.000000E+00  0.000000E+00
 -0.348495  0.000000E+00  0.000000E+00  0.000000E+00
 -0.343813  0.000000E+00  0.000000E+00  0.000000E+00
 -0.339130  0.000000E+00  0.000000E+00  0.000000E+00
 -0.334448  0.000000E+00  0.000000E+00  0.000000E+00
 -0.329766  0.000000E+00  0.000000E+00  0.000000E+00
 -0.325084  0.000000E+00  0.000000E+00  0.000000E+00
 -0.320401  0.000000E+00  0.000000E+00  0.000000E+00
 -0.315719  0.000000E+00  0.000000E+00  0.000000E+00
 -0.311037  0.000000E+00  0.000000E+00  0.000000E+00
 -0.306355  0.000000E+00  0.000000E+00  0.000000E+00
 -0.301672  0.000000E+00  0.000000E+00  0.000000E+00
 -0.296990  0.000000E+00  0.000000E+00  0.000000E+00
 -0.292308  0.000000E+00  0.000000E+00  0.000000E+00
 -0.287625  0.000000E+00  0.000000E+00  0.000000E+00
 -0.282943  0.000000E+00  0.000000E+00  0.000000E+00
 -0.278261  0.000000E+00  0.000000E+00  0.000000E+00
 -0.273579  0.000000E+00  0.000000E+00  0.000000E+00
 -0.268896  0.000000E+00  0.000000E+00  0.000000E+00
 -0.264214  0.000000E+00  0.000000E+00  0.000000E+00
 -0.259532  0.000000E+00  0.000000E+00  0.000000E+00
 -0.254849  0.000000E+00  0.000000E+00  0.000000E+00
 -0.250167  0.000000E+00  0.000000E+00  0.000000E+00
 -0.245485  0.000000E+00  0.000000E+00  0.000000E+00
 -0.240803  0.000000E+00  0.000000E+00  0.000000E+00
 -0.236120  0.000000E+00  0.000000E+00  0.000000E+00
 -0.231438  0.000000E+00  0.000000E+00  0.000000E+00
 -0.226756  0.000000E+00  0.000000E+00  0.000000E+00
 -0.222074  0.000000E+00  0.000000E+00  0.000000E+00
 -0.217391  0.000000E+00  0.000000E+00  0.000000E+00
 -0.212709  0.000000E+00  0.000000E+00  0.000000E+00
 -0.208027  0.000000E+00  0.000000E+00  0.000000E+00
 -0.203344  0.000000E+00  0.000000E+00  0.000000E+00
 -0.198662  0.000000E+00  0.000000E+00  0.000000E+00
 -0.193980  0.000000E+00  0.000000E+00  0.000000E+00
 -0.189298  0.000000E+00  0.000000E+00  0.000000E+00
 -0.184615  0.000000E+00  0.000000E+00  0.000000E+00
 -0.179933  0.000000E+00  0.000000E+00  0.000000E+00
 -0.175251  0.000000E+00  0.000000E+00  0.000000E+00
 -0.170569  0.000000E+00  0.000000E+00  0.000000E+00
 -0.165886  0.000000E+00  0.000000E+00  0.000000E+00
 -0.161204  0.000000E+00  0.000000E+00  0.000000E+00
 -0.156522  0.000000E+00  0.000000E+00  0.000000E+00
 -0.151839  0.000000E+00  0.000000E+00  0.000000E+00
 -0.147157  0.000000E+00  0.000000E+00  0.000000E+00
 -0.142475  0.000000E+00  0.000000E+00  0.000000E+00
 -0.137793  0.000000E+00  0.000000E+00  0.000000E+00
 -0.133110  0.000000E+00  0.000000E+00  0.000000E+00
 -0.128428  0.000000E+00  0.000000E+00  0.000000E+00
 -0.123746  0.000000E+00  0.000000E+00  0.000000E+00
 -0.119064  0.000000E+00  0.000000E+00  0.000000E+00
 -0.114381  0.000000E+00  0.000000E+00  0.000000E+00
 -0.109699  0.000000E+00  0.000000E+00  0.000000E+00
 -0.105017  0.000000E+00  0.000000E+00  0.000000E+00
 -0.100334  0.000000E+00  0.000000E+00  0.000000E+00
 -0.095652  0.000000E+00  0.000000E+00  0.000000E+00
 -0.090970  0.000000E+00  0.000000E+00  0.000000E+00
 -0.086288  0.000000E+00  0.000000E+00  0.000000E+00
 -0.081605  0.000000E+00  0.000000E+00  0.000000E+00
 -0.076923  0.000000E+00  0.000000E+00  0.000000E+00
 -0.072241  0.000000E+00  0.000000E+00  0.000000E+00
 -0.067559  0.000000E+00  0.000000E+00  0.000000E+00
 -0.062876  0.000000E+00  0.000000E+00  0.000000E+00
 -0.058194  0.000000E+00  0.000000E+00  0.000000E+00
 -0.053512  0.000000E+00  0.000000E+00  0.000000E+00
 -0.048829  0.000000E+00  0.000000E+00  0.000000E+00
 -0.044147  0.000000E+00  0.000000E+00  0.000000E+00
 -0.039465  0.000000E+00  0.000000E+00  0.000000E+00
 -0.034783  0.000000E+00  0.000000E+00  0.000000E+00
 -0.030100  0.000000E+00  0.000000E+00  0.000000E+00
 -0.025418  0.000000E+00  0.000000E+00  0.000000E+00
 -0.020736  0.000000E+00  0.000000E+00  0.000000E+00
 -0.016054  0.000000E+00  0.000000E+00  0.000000E+00
 -0.011371  0.000000E+00  0.000000E+00  0.000000E+00
 -0.006689  0.000000E+00  0.000000E+00  0.000000E+00
 -0.002007  0.000000E+00  0.000000E+00  0.000000E+00
  0.002676  0.966777E-01  0.483389E-01  0.483389E-01
  0.007358  0.163266E+00  0.816330E-01  0.816330E-01
  0.012040  0.212565E+00  0.106282E+00  0.106282E+00
  0.016722  0.254830E+00  0.127415E+00  0.127415E+00
  0.021405  0.293133E+00  0.146566E+00  0.146566E+00
  0.026087  0.328875E+00  0.164438E+00  0.164438E+00
  0.030769  0.362827E+00  0.181414E+00  0.181414E+00
  0.035452  0.395463E+00  0.197731E+00  0.197731E+00
  0.040134  0.427097E+00  0.213549E+00  0.213549E+00
  0.044816  0.457952E+00  0.228976E+00  0.228976E+00
  0.049498  0.488187E+00  0.244094E+00  0.244094E+00
  0.054181  0.517926E+00  0.258963E+00  0.258963E+00
  0.058863  0.547264E+00  0.273632E+00  0.273632E+00
  0.063545  0.576277E+00  0.288138E+00  0.288138E+00
  0.068227  0.605027E+00  0.302513E+00  0.302513E+00
  0.072910  0.633565E+00  0.316783E+00  0.316783E+00
  0.077592  0.661937E+00  0.330968E+00  0.330968E+00
  0.082274  0.690178E+00  0.345089E+00  0.345089E+00
  0.086957  0.718323E+00  0.359161E+00  0.359161E+00
  0.091639  0.746400E+00  0.373200E+00  0.373200E+00
  0.096321  0.774435E+00  0.387218E+00  0.387218E+00
  0.101003  0.802453E+00  0.401227E+00  0.401227E+00
  0.105686  0.830476E+00  0.415238E+00  0.415238E+00
  0.110368  0.858524E+00  0.429262E+00  0.429262E+00
  0.115050  0.886617E+00  0.443308E+00  0.443308E+00
  0.119732  0.914772E+00  0.457386E+00  0.457386E+00
  0.124415  0.943008E+00  0.471504E+00  0.471504E+00
  0.129097  0.971342E+00  0.485671E+00  0.485671E+00
  0.133779  0.999790E+00  0.499895E+00  0.499895E+00
  0.138462  0.102837E+01  0.514185E+00  0.514185E+00
  0.143144  0.105710E+01  0.528548E+00  0.528548E+00
  0.147826  0.108599E+01  0.542993E+00  0.542993E+00
  0.152508  0.111506E+01  0.557528E+00  0.557528E+00
  0.157191  0.114432E+01  0.572160E+00  0.572160E+00
  0.161873  0.117380E+01  0.586899E+00  0.586899E+00
  0.166555  0.120350E+01  0.601751E+00  0.601751E+00
  0.171237  0.123345E+01  0.616727E+00  0.616727E+00
  0.175920  0.126367E+01  0.631834E+00  0.631834E+00
  0.180602  0.129416E+01  0.647080E+00  0.647080E+00
  0.185284  0.132495E+01  0.662476E+00  0.662476E+00
  0.189967  0.135606E+01  0.678030E+00  0.678030E+00
  0.194649  0.138750E+01  0.693751E+00  0.693751E+00
  0.199331  0.141930E+01  0.709650E+00  0.709650E+00
  0.204013  0.145147E+01  0.725737E+00  0.725737E+00
  0.208696  0.148404E+01  0.742021E+00  0.742021E+00
  0.213378  0.151703E+01  0.758515E+00  0.758515E+00
  0.218060  0.155046E+01  0.775228E+00  0.775228E+00
  0.222742  0.158435E+01  0.792173E+00  0.792173E+00
  0.227425  0.161872E+01  0.809362E+00  0.809362E+00
  0.232107  0.165361E+01  0.826807E+00  0.826807E+00
  0.236789  0.168904E+01  0.844521E+00  0.844521E+00
  0.241472  0.172504E+01  0.862519E+00  0.862519E+00
  0.246154  0.176163E+01  0.880815E+00  0.880815E+00
  0.250836  0.179884E+01  0.899422E+00  0.899422E+00
  0.255518  0.183672E+01  0.918358E+00  0.918358E+00
  0.260201  0.187528E+01  0.937639E+00  0.937639E+00
  0.264883  0.191456E+01  0.957281E+00  0.957281E+00
  0.269565  0.195461E+01  0.977303E+00  0.977303E+00
  0.274247  0.199545E+01  0.997723E+00  0.997723E+00
  0.278930  0.203712E+01  0.101856E+01  0.101856E+01
  0.283612  0.207968E+01  0.103984E+01  0.103984E+01
  0.288294  0.212316E+01  0.106158E+01  0.106158E+01
  0.292977  0.216760E+01  0.108380E+01  0.108380E+01
  0.297659  0.221306E+01  0.110653E+01  0.110653E+01
  0.302341  0.225959E+01  0.112980E+01  0.112980E+01
  0.307023  0.230724E+01  0.115362E+01  0.115362E+01
  0.311706  0.235607E+01  0.117804E+01  0.117804E+01
  0.316388  0.240614E+01  0.120307E+01  0.120307E+01
  0.321070  0.245751E+01  0.122875E+01  0.122875E+01
  0.325753  0.251024E+01  0.125512E+01  0.125512E+01
  0.330435  0.256442E+01  0.128221E+01  0.128221E+01
  0.335117  0.262011E+01  0.131005E+01  0.131005E+01
  0.339799  0.267739E+01  0.133870E+01  0.133870E+01
  0.344482  0.273635E+01  0.136818E+01  0.136818E+01
  0.349164  0.279708E+01  0.139854E+01  0.139854E+01
  0.353846  0.285967E+01  0.142983E+01  0.142983E+01
  0.358528  0.292422E+01  0.146211E+01  0.146211E+01
  0.363211  0.299083E+01  0.149542E+01  0.149542E+01
  0.367893  0.305963E+01  0.152982E+01  0.152982E+01
  0.372575  0.313073E+01  0.156537E+01  0.156537E+01
  0.377258  0.320426E+01  0.160213E+01  0.160213E+01
  0.381940  0.328036E+01  0.164018E+01  0.164018E+01
  0.386622  0.335916E+01  0.167958E+01  0.167958E+01
  0.391304  0.344084E+01  0.172042E+01  0.172042E+01
  0.395987  0.352555E+01  0.176277E+01  0.176277E+01
  0.400669  0.361346E+01  0.180673E+01  0.180673E+01
  0.405351  0.370478E+01  0.185239E+01  0.185239E+01
  0.410033  0.379969E+01  0.189985E+01  0.189985E+01
  0.414716  0.389843E+01  0.194921E+01  0.194921E+01
  0.419398  0.400121E+01  0.200060E+01  0.200060E+01
  0.424080  0.410828E+01  0.205414E+01  0.205414E+01
  0.428763  0.421992E+01  0.210996E+01  0.210996E+01
  0.433445  0.433640E+01  0.216820E+01  0.216820E+01
  0.438127  0.445803E+01  0.222902E+01  0.222902E+01
  0.442809  0.458514E+01  0.229257E+01  0.229257E+01
  0.447492  0.471809E+01  0.235904E+01  0.235904E+01
  0.452174  0.485724E+01  0.242862E+01  0.242862E+01
  0.456856  0.500302E+01  0.250151E+01  0.250151E+01
  0.461538  0.515585E+01  0.257793E+01  0.257793E+01
  0.466221  0.531622E+01  0.265811E+01  0.265811E+01
  0.470903  0.548462E+01  0.274231E+01  0.274231E+01
  0.475585  0.566161E+01  0.283081E+01  0.283081E+01
  0.480268  0.584779E+01  0.292389E+01  0.292389E+01
  0.484950  0.604378E+01  0.302189E+01  0.302189E+01
  0.489632  0.625029E+01  0.312514E+01  0.312514E+01
  0.494314  0.646804E+01  0.323402E+01  0.323402E+01
  0.498997  0.669786E+01  0.334893E+01  0.334893E+01
  0.503679  0.694059E+01  0.347030E+01  0.347030E+01
  0.508361  0.719719E+01  0.359859E+01  0.359859E+01
  0.513043  0.746865E+01  0.373432E+01  0.373432E+01
  0.517726  0.775607E+01  0.387804E+01  0.387804E+01
  0.522408  0.806063E+01  0.403031E+01  0.403031E+01
  0.527090  0.838359E+01  0.419179E+01  0.419179E+01
  0.531773  0.872631E+01  0.436315E+01  0.436315E+01
  0.536455  0.909026E+01  0.454513E+01  0.454513E+01
  0.541137  0.947702E+01  0.473851E+01  0.473851E+01
  0.545819  0.988827E+01  0.494414E+01  0.494414E+01
  0.550502  0.103258E+02  0.516291E+01  0.516291E+01
  0.555184  0.107916E+02  0.539579E+01  0.539579E+01
  0.559866  0.112876E+02  0.564380E+01  0.564380E+01
  0.564548  0.118160E+02  0.590800E+01  0.590800E+01
  0.569231  0.123791E+02  0.618954E+01  0.618954E+01
  0.573913  0.129792E+02  0.648959E+01  0.648959E+01
  0.578595  0.136187E+02  0.680936E+01  0.680936E+01
  0.583278  0.143002E+02  0.715009E+01  0.715009E+01
  0.587960  0.150260E+02  0.751302E+01  0.751302E+01
  0.592642  0.157987E+02  0.789937E+01  0.789937E+01
  0.597324  0.166206E+02  0.831030E+01  0.831030E+01
  0.602007  0.174938E+02  0.874688E+01  0.874688E+01
  0.606689  0.184200E+02  0.921000E+01  0.921000E+01
  0.611371  0.194007E+02  0.970036E+01  0.970036E+01
  0.616054  0.204366E+02  0.102183E+02  0.102183E+02
  0.620736  0.215276E+02  0.107638E+02  0.107638E+02
  0.625418  0.226725E+02  0.113362E+02  0.113362E+02
  0.630100  0.238689E+02  0.119344E+02  0.119344E+02
  0.634783  0.251127E+02  0.125563E+02  0.125563E+02
  0.639465  0.263979E+02  0.131989E+02  0.131989E+02
  0.644147  0.277163E+02  0.138581E+02  0.138581E+02
  0.648829  0.290573E+02  0.145286E+02  0.145286E+02
  0.653512  0.304076E+02  0.152038E+02  0.152038E+02
  0.658194  0.317513E+02  0.158756E+02  0.158756E+02
  0.662876  0.330698E+02  0.165349E+02  0.165349E+02
  0.667559  0.343421E+02  0.171710E+02  0.171710E+02
  0.672241  0.355456E+02  0.177728E+02  0.177728E+02
  0.676923  0.366567E+02  0.183284E+02  0.183284E+02
  0.681605  0.376517E+02  0.188259E+02  0.188259E+02
  0.686288  0.385082E+02  0.192541E+02  0.192541E+02
  0.690970  0.392062E+02  0.196031E+02  0.196031E+02
  0.695652  0.397298E+02  0.198649E+02  0.198649E+02
  0.700334  0.400674E+02  0.200337E+02  0.200337E+02
  0.705017  0.402133E+02  0.201067E+02  0.201067E+02
  0.709699  0.401676E+02  0.200838E+02  0.200838E+02
  0.714381  0.399361E+02  0.199681E+02  0.199681E+02
  0.719064  0.395300E+02  0.197650E+02  0.197650E+02
  0.723746  0.389646E+02  0.194823E+02  0.194823E+02
  0.728428  0.382588E+02  0.191294E+02  0.191294E+02
  0.733110  0.374333E+02  0.187166E+02  0.187166E+02
  0.737793  0.365097E+02  0.182549E+02  0.182549E+02
  0.742475  0.355097E+02  0.177548E+02  0.177548E+02
  0.747157  0.344537E+02  0.172268E+02  0.172268E+02
  0.751839  0.333606E+02  0.166803E+02  0.166803E+02
  0.756522  0.322472E+02  0.161236E+02  0.161236E+02
  0.761204  0.311282E+02  0.155641E+02  0.155641E+02
  0.765886  0.300158E+02  0.150079E+02  0.150079E+02
  0.770569  0.289201E+02  0.144601E+02  0.144601E+02
  0.775251  0.278491E+02  0.139245E+02  0.139245E+02
  0.779933  0.268089E+02  0.134045E+02  0.134045E+02
  0.784615  0.258041E+02  0.129020E+02  0.129020E+02
  0.789298  0.248378E+02  0.124189E+02  0.124189E+02
  0.793980  0.239119E+02  0.119560E+02  0.119560E+02
  0.798662  0.230276E+02  0.115138E+02  0.115138E+02
  0.803344  0.221851E+02  0.110925E+02  0.110925E+02
  0.808027  0.213840E+02  0.106920E+02  0.106920E+02
  0.812709  0.206237E+02  0.103119E+02  0.103119E+02
  0.817391  0.199030E+02  0.995151E+01  0.995151E+01
  0.822074  0.192206E+02  0.961031E+01  0.961031E+01
  0.826756  0.185750E+02  0.928749E+01  0.928749E+01
  0.831438  0.179645E+02  0.898224E+01  0.898224E+01
  0.836120  0.173875E+02  0.869374E+01  0.869374E+01
  0.840803  0.168422E+02  0.842112E+01  0.842112E+01
  0.845485  0.163271E+02  0.816356E+01  0.816356E+01
  0.850167  0.158404E+02  0.792022E+01  0.792022E+01
  0.854849  0.153806E+02  0.769031E+01  0.769031E+01
  0.859532  0.149461E+02  0.747305E+01  0.747305E+01
  0.864214  0.145354E+02  0.726771E+01  0.726771E+01
  0.868896  0.141471E+02  0.707357E+01  0.707357E+01
  0.873579  0.137800E+02  0.688998E+01  0.688998E+01
  0.878261  0.134326E+02  0.671629E+01  0.671629E+01
  0.882943  0.131038E+02  0.655192E+01  0.655192E+01
  0.887625  0.127926E+02  0.639631E+01  0.639631E+01
  0.892308  0.124978E+02  0.624892E+01  0.624892E+01
  0.896990  0.122185E+02  0.610926E+01  0.610926E+01
  0.901672  0.119537E+02  0.597687E+01  0.597687E+01
  0.906355  0.117026E+02  0.585132E+01  0.585132E+01
  0.911037  0.114644E+02  0.573220E+01  0.573220E+01
  0.915719  0.112383E+02  0.561913E+01  0.561913E+01
  0.920401  0.110235E+02  0.551175E+01  0.551175E+01
  0.925084  0.108195E+02  0.540975E+01  0.540975E+01
  0.929766  0.106256E+02  0.531280E+01  0.531280E+01
  0.934448  0.104412E+02  0.522061E+01  0.522061E+01
  0.939130  0.102658E+02  0.513292E+01  0.513292E+01
  0.943813  0.100990E+02  0.504948E+01  0.504948E+01
  0.948495  0.994008E+01  0.497004E+01  0.497004E+01
  0.953177  0.978877E+01  0.489438E+01  0.489438E+01
  0.957860  0.964462E+01  0.482231E+01  0.482231E+01
  0.962542  0.950724E+01  0.475362E+01  0.475362E+01
  0.967224  0.937626E+01  0.468813E+01  0.468813E+01
  0.971906  0.925136E+01  0.462568E+01  0.462568E+01
  0.976589  0.913219E+01  0.456610E+01  0.456610E+01
  0.981271  0.901848E+01  0.450924E+01  0.450924E+01
  0.985953  0.890994E+01  0.445497E+01  0.445497E+01
  0.990635  0.880630E+01  0.440315E+01  0.440315E+01
  0.995318  0.870732E+01  0.435366E+01  0.435366E+01
  1.000000  0.861276E+01  0.430638E+01  0.430638E+01
