 icrys=  1 alat= 7.50000 ncmp=  1 nspn=  1
 at. # =     12
 conc  = 1.0000
   #              energy(ryd)  press(mbar)   rmsrh
  25               -398.29211     0.35835   0.19E-09
  24               -398.29211     0.35835   0.48E-09                            
  23               -398.29211     0.35835   0.54E-09                            
  22               -398.29211     0.35835   0.19E-08                            
  21               -398.29211     0.35835   0.23E-08                            
  20               -398.29211     0.35835   0.11E-07                            
  19               -398.29211     0.35835   0.12E-07                            
  18               -398.29211     0.35835   0.37E-07                            
  17               -398.29211     0.35835   0.42E-07                            
  16               -398.29211     0.35835   0.12E-06                            
  15               -398.29211     0.35835   0.14E-06                            
  14               -398.29211     0.35835   0.73E-06                            
  13               -398.29211     0.35834   0.82E-06                            
  12               -398.29211     0.35835   0.30E-05                            
  11               -398.29211     0.35835   0.33E-05                            
  10               -398.29211     0.35823   0.90E-05                            
   9               -398.29211     0.35820   0.11E-04                            
   8               -398.29211     0.35849   0.57E-04                            
   7               -398.29211     0.35856   0.63E-04                            
   6               -398.29212     0.35645   0.54E-03                            
   5               -398.29271     0.38489   0.38E-02                            
   4               -398.29582     0.33156   0.61E-02                            
   3               -398.30314     0.16545   0.13E-01                            
   2               -398.35702     0.49928   0.20E+00                            
   1               -398.36769     0.54058   0.22E+00                            
