Source Code Version           : : Develop                                       
System Description            : Cu, fcc structure                               
Number of Atoms in Unit Cell  : 1                                               
Number of Atomic Species      : 1                                               
Number of Atoms in Each Type  : 1(Cu)                                           
Unit Cell Volume (au^3)       : 0.78608000D+02                                  
Average Atomic Volume (au^3)  : 78.60800                                        
Energy Offset                 : -3275                                           
=======================================================================================
    Iter     Energy      3PV     Efermi   Rms_rho    Rms_pot   Mix  Alg  Alpha 
---------------------------------------------------------------------------------------
**       1  -0.797217  -0.44200  0.59600  0.232E-03  0.538E-02  pot  B   0.1000
         2  -0.772958   1.24086  0.60549  0.404E-03  0.237E-02  pot  B   0.1000
         3  -0.774141   0.47962  0.60950  0.178E-03  0.113E-02  pot  B   0.1000
         4  -0.774476  -0.08262  0.61001  0.131E-03  0.379E-03  pot  B   0.1000
         5  -0.774594  -0.24657  0.61041  0.408E-04  0.313E-03  pot  B   0.1000
         6  -0.774783  -0.21359  0.60918  0.893E-05  0.216E-03  pot  B   0.1000
         7  -0.774803  -0.17481  0.60927  0.970E-05  0.142E-03  pot  B   0.1000
         8  -0.774867  -0.13206  0.60844  0.108E-04  0.347E-04  pot  B   0.1000
         9  -0.774865  -0.09698  0.60839  0.877E-05  0.356E-04  pot  B   0.1000
        10  -0.774948  -0.12328  0.60844  0.667E-05  0.133E-04  pot  B   0.1000
        11  -0.774917  -0.12155  0.60847  0.747E-06  0.882E-05  pot  B   0.1000
        12  -0.774859  -0.11562  0.60852  0.165E-05  0.210E-05  pot  B   0.1000
        13  -0.774864  -0.11537  0.60849  0.771E-07  0.264E-05  pot  B   0.1000
        14  -0.774810  -0.11066  0.60856  0.137E-05  0.111E-04  pot  B   0.1000
        15  -0.774893  -0.11898  0.60845  0.240E-05  0.400E-05  pot  B   0.1000
        16  -0.774079  -0.05242  0.60942  0.201E-04  0.121E-03  pot  B   0.1000
        17  -0.774790  -0.11438  0.60816  0.186E-04  0.630E-05  pot  B   0.1000
        18  -0.809998  -0.09896  0.61316  0.272E-03  0.196E-02  pot  B   0.1000
**      19  -0.774918  -0.11819  0.61058  0.333E-03  0.785E-08  pot  B   0.1000
        20  -0.774918  -0.11819  0.61058  0.660E-10  0.704E-08  pot  B   0.1000
**      21  -0.774880  -0.10981  0.60525  0.334E-03  0.187E-04  pot  B   0.0010
        22  -0.774939  -0.07736  0.61012  0.967E-05  0.792E-04  pot  B   0.0010
        23  -0.774877  -0.11017  0.60632  0.976E-05  0.180E-04  pot  B   0.0010
        24  -0.774911  -0.09522  0.61036  0.447E-05  0.457E-04  pot  B   0.0010
        25  -0.774878  -0.10867  0.60572  0.415E-05  0.202E-04  pot  B   0.0010
        26  -0.774928  -0.08224  0.61069  0.778E-05  0.689E-04  pot  B   0.0010
        27  -0.774881  -0.10709  0.60498  0.743E-05  0.226E-04  pot  B   0.0010
        28  -0.774944  -0.07180  0.60954  0.105E-04  0.886E-04  pot  B   0.0010
        29  -0.774877  -0.10872  0.60756  0.109E-04  0.192E-04  pot  B   0.0010
        30  -0.774887  -0.10858  0.60862  0.329E-06  0.179E-04  pot  B   0.0010
        31  -0.774879  -0.11116  0.60841  0.644E-06  0.109E-04  pot  B   0.0010
        32  -0.774882  -0.11062  0.60844  0.167E-06  0.119E-04  pot  B   0.0010
        33  -0.774881  -0.11060  0.60844  0.943E-08  0.119E-04  pot  B   0.0010
        34  -0.774881  -0.11061  0.60844  0.936E-09  0.119E-04  pot  B   0.0010
        35  -0.774881  -0.11062  0.60844  0.480E-08  0.119E-04  pot  B   0.0010
        36  -0.774882  -0.11065  0.60844  0.127E-07  0.118E-04  pot  B   0.0010
        37  -0.774889  -0.11130  0.60843  0.187E-06  0.107E-04  pot  B   0.0010
        38  -0.774892  -0.11154  0.60843  0.714E-07  0.102E-04  pot  B   0.0010
        39  -0.774934  -0.11511  0.60838  0.118E-05  0.512E-05  pot  B   0.0010
        40  -0.775003  -0.12041  0.60831  0.155E-05  0.756E-05  pot  B   0.0010
        41  -0.776406  -0.23408  0.60671  0.341E-04  0.218E-03  pot  B   0.0010
        42  -0.774904  -0.10520  0.60986  0.385E-04  0.222E-04  pot  B   0.0010
        43  -0.774888  -0.11583  0.60710  0.317E-05  0.215E-05  pot  B   0.0010
        44  -0.774903  -0.11054  0.60918  0.160E-05  0.122E-04  pot  B   0.0010
        45  -0.774890  -0.11517  0.60816  0.139E-05  0.346E-05  pot  B   0.0010
        46  -0.775163  -0.13256  0.60817  0.520E-05  0.278E-04  pot  B   0.0010
        47  -0.775204  -0.13581  0.60812  0.950E-06  0.334E-04  pot  B   0.0010
        48  -0.775049  -0.12370  0.60830  0.354E-05  0.127E-04  pot  B   0.0010
        49  -0.656350   0.57606  0.60330  0.628E-03  0.428E-02  pot  B   0.0010
        50  -0.775284  -0.12013  0.60753  0.628E-03  0.106E-04  pot  B   0.0010
        51  -0.774951  -0.11552  0.60857  0.245E-05  0.698E-05  pot  B   0.0010
        52  -0.775139  -0.13202  0.60811  0.484E-05  0.260E-04  pot  B   0.0010
        53  -0.775099  -0.12727  0.60824  0.139E-05  0.184E-04  pot  B   0.0010
        54  -0.775833  -0.18623  0.60738  0.178E-04  0.128E-03  pot  B   0.0010
        55  -0.774906  -0.11251  0.60879  0.221E-04  0.908E-05  pot  B   0.0010
        56  -0.774893  -0.11320  0.60836  0.241E-06  0.711E-05  pot  B   0.0010
        57  -0.776037  -0.20492  0.60714  0.275E-04  0.164E-03  pot  B   0.0010
        58  -0.774908  -0.11143  0.60912  0.280E-04  0.103E-04  pot  B   0.0010
        59  -0.774906  -0.11705  0.60821  0.164E-05  0.156E-05  pot  B   0.0010
        60  -0.776466  -0.23745  0.60667  0.363E-04  0.225E-03  pot  B   0.0010
        61  -0.774940  -0.10771  0.60987  0.388E-04  0.177E-04  pot  B   0.0010
        62  -0.774969  -0.12345  0.60688  0.463E-05  0.124E-04  pot  B   0.0010
        63  -0.774963  -0.11297  0.60944  0.310E-05  0.840E-05  pot  B   0.0010
        64  -0.774922  -0.11916  0.60780  0.191E-05  0.536E-05  pot  B   0.0010
        65  -0.774966  -0.11833  0.60846  0.422E-06  0.448E-05  pot  B   0.0010
        66  -0.775096  -0.12866  0.60820  0.303E-05  0.211E-04  pot  B   0.0010
        67  -0.775819  -0.18512  0.60741  0.171E-04  0.127E-03  pot  B   0.0010
        68  -0.774912  -0.11357  0.60876  0.215E-04  0.663E-05  pot  B   0.0010
        69  -0.774919  -0.11549  0.60834  0.577E-06  0.327E-05  pot  B   0.0010
        70  -0.775201  -0.13608  0.60810  0.607E-05  0.339E-04  pot  B   0.0010
        71  -0.774818  -0.10586  0.60857  0.890E-05  0.202E-04  pot  B   0.0010
        72  -0.774870  -0.11051  0.60844  0.137E-05  0.119E-04  pot  B   0.0010
        73  -0.774803  -0.10467  0.60853  0.173E-05  0.224E-04  pot  B   0.0010
        74  -0.774919  -0.11459  0.60839  0.291E-05  0.490E-05  pot  B   0.0010
        75  -0.775232  -0.13919  0.60806  0.722E-05  0.394E-04  pot  B   0.0010
        76  -0.775076  -0.12595  0.60829  0.388E-05  0.165E-04  pot  B   0.0010
        77  174.40735  369.4289  0.60329  0.128E+00  0.950E+00  pot  B   0.0010
**      78  -0.774880  -0.10981  0.60525  0.334E-03  0.187E-04  pot  S   0.1000
        79  -0.774939  -0.08081  0.61008  0.895E-05  0.729E-04  pot  S   0.1000
        80  -0.774873  -0.13323  0.60689  0.142E-04  0.236E-04  pot  S   0.1000
        81  -0.774897  -0.11784  0.60962  0.398E-05  0.509E-05  pot  S   0.1000
        82  -0.774875  -0.12550  0.60771  0.233E-05  0.122E-04  pot  S   0.1000
        83  -0.774884  -0.11850  0.60862  0.177E-05  0.289E-05  pot  S   0.1000
        84  -0.774878  -0.11735  0.60844  0.281E-06  0.302E-05  pot  S   0.1000
        85  -0.774878  -0.11663  0.60847  0.199E-06  0.347E-05  pot  S   0.1000
        86  -0.774878  -0.11695  0.60847  0.879E-07  0.268E-05  pot  S   0.1000
        87  -0.774878  -0.11702  0.60847  0.252E-07  0.227E-05  pot  S   0.1000
        88  -0.774878  -0.11704  0.60847  0.164E-07  0.195E-05  pot  S   0.1000
        89  -0.774878  -0.11703  0.60847  0.111E-07  0.170E-05  pot  S   0.1000
        90  -0.774878  -0.11701  0.60848  0.944E-08  0.150E-05  pot  S   0.1000
        91  -0.774878  -0.11698  0.60848  0.847E-08  0.132E-05  pot  S   0.1000
        92  -0.774878  -0.11696  0.60848  0.757E-08  0.116E-05  pot  S   0.1000
        93  -0.774878  -0.11694  0.60848  0.671E-08  0.103E-05  pot  S   0.1000
        94  -0.774878  -0.11692  0.60848  0.590E-08  0.914E-06  pot  S   0.1000
        95  -0.774878  -0.11690  0.60848  0.515E-08  0.810E-06  pot  S   0.1000
        96  -0.774878  -0.11689  0.60848  0.449E-08  0.719E-06  pot  S   0.1000
        97  -0.774878  -0.11687  0.60848  0.390E-08  0.638E-06  pot  S   0.1000
        98  -0.774878  -0.11686  0.60848  0.339E-08  0.567E-06  pot  S   0.1000
        99  -0.774878  -0.11686  0.60848  0.294E-08  0.503E-06  pot  S   0.1000
       100  -0.774878  -0.11685  0.60848  0.255E-08  0.447E-06  pot  S   0.1000
       101  -0.774878  -0.11684  0.60848  0.222E-08  0.403E-06  pot  S   0.1000
       102  -0.774878  -0.11684  0.60848  0.194E-08  0.353E-06  pot  S   0.1000
       103  -0.774878  -0.11683  0.60848  0.167E-08  0.314E-06  pot  S   0.1000
       104  -0.774878  -0.11683  0.60848  0.145E-08  0.279E-06  pot  S   0.1000
       105  -0.774878  -0.11682  0.60848  0.127E-08  0.249E-06  pot  S   0.1000
       106  -0.774878  -0.11682  0.60848  0.111E-08  0.221E-06  pot  S   0.1000
       107  -0.774878  -0.11682  0.60848  0.964E-09  0.197E-06  pot  S   0.1000
       108  -0.774878  -0.11682  0.60848  0.843E-09  0.176E-06  pot  S   0.1000
       109  -0.774878  -0.11682  0.60848  0.737E-09  0.156E-06  pot  S   0.1000
       110  -0.774878  -0.11681  0.60848  0.644E-09  0.139E-06  pot  S   0.1000
       111  -0.774878  -0.11681  0.60848  0.568E-09  0.125E-06  pot  S   0.1000
       112  -0.774878  -0.11681  0.60848  0.503E-09  0.131E-06  pot  S   0.1000
       113  -0.774878  -0.11681  0.60848  0.493E-09  0.998E-07  pot  S   0.1000
**     114  -0.774878  -0.11681  0.60848  0.333E-03  0.100E-06  pot  B   0.1000
       115  -0.774878  -0.11681  0.60848  0.376E-09  0.884E-07  pot  B   0.1000
**     116  -0.797217  -0.44200  0.59600  0.232E-03  0.538E-02  pot  B   0.1000
       117  -0.772958   1.24086  0.60549  0.404E-03  0.237E-02  pot  B   0.1000
       118  -0.774141   0.47962  0.60950  0.178E-03  0.113E-02  pot  B   0.1000
       119  -0.774476  -0.08262  0.61001  0.131E-03  0.379E-03  pot  B   0.1000
       120  -0.774594  -0.24657  0.61041  0.408E-04  0.313E-03  pot  B   0.1000
       121  -0.774783  -0.21359  0.60918  0.893E-05  0.216E-03  pot  B   0.1000
       122  -0.774803  -0.17481  0.60927  0.970E-05  0.142E-03  pot  B   0.1000
       123  -0.774867  -0.13206  0.60844  0.108E-04  0.347E-04  pot  B   0.1000
       124  -0.774878  -0.09801  0.60838  0.849E-05  0.338E-04  pot  B   0.1000
       125  -0.774878  -0.11867  0.60852  0.506E-05  0.392E-05  pot  B   0.1000
       126  -0.774878  -0.11644  0.60848  0.536E-06  0.706E-06  pot  B   0.1000
       127  -0.774878  -0.11513  0.60847  0.325E-06  0.322E-05  pot  B   0.1000
       128  -0.774877  -0.11675  0.60848  0.404E-06  0.104E-06  pot  B   0.1000
       129  -0.774876  -0.11674  0.60848  0.426E-08  0.135E-06  pot  B   0.1000
       130  -0.774877  -0.11675  0.60848  0.245E-08  0.113E-06  pot  B   0.1000
       131  -0.774877  -0.11675  0.60848  0.850E-09  0.116E-06  pot  B   0.1000
       132  -0.774877  -0.11679  0.60848  0.103E-07  0.423E-07  pot  B   0.1000
       133  -0.774877  -0.11680  0.60848  0.229E-08  0.191E-07  pot  B   0.1000
