Source Code Version           : : Develop                                       
System Description            : Cu, fcc structure                               
Number of Atoms in Unit Cell  : 1                                               
Number of Atomic Species      : 1                                               
Number of Atoms in Each Type  : 1(Cu)                                           
Unit Cell Volume (au^3)       : 0.65536000D+02                                  
Average Atomic Volume (au^3)  : 65.53600                                        
Energy Offset                 : -3275                                           
=======================================================================================
    Iter     Energy      3PV     Efermi   Rms_rho    Rms_pot   Mix  Alg  Alpha 
---------------------------------------------------------------------------------------
**       1  -0.824157   0.24307  0.73134  0.913E-04  0.846E-02  pot  B   0.1000
         2  -0.837652  -0.09166  0.73634  0.118E-03  0.773E-02  pot  B   0.1000
         3  -0.838048   0.06408  0.74134  0.570E-04  0.593E-02  pot  B   0.1000
         4  -0.878926  -0.39052  0.74634  0.193E-03  0.194E-02  pot  B   0.1000
         5  -0.876702  -1.16277  0.75134  0.307E-03  0.375E-02  pot  B   0.1000
         6  -0.847518  -0.46927  0.75634  0.245E-03  0.181E-02  pot  B   0.1000
         7  -0.833998   0.33619  0.76134  0.317E-03  0.837E-03  pot  B   0.1000
         8  -0.820534   0.67320  0.76634  0.119E-03  0.166E-02  pot  B   0.1000
         9  -0.758916   1.89120  0.77438  0.425E-03  0.477E-02  pot  B   0.1000
        10  -0.759037   1.74612  0.77155  0.569E-04  0.431E-02  pot  B   0.1000
        11  -0.759824   1.45644  0.78026  0.116E-03  0.355E-02  pot  B   0.1000
        12  -0.759814   1.41298  0.77122  0.171E-04  0.333E-02  pot  B   0.1000
        13  -0.761094   0.62851  0.77766  0.315E-03  0.105E-02  pot  B   0.1000
        14  -0.760878   0.51521  0.77835  0.454E-04  0.386E-03  pot  B   0.1000
        15  -0.760891   0.52844  0.77789  0.506E-05  0.317E-03  pot  B   0.1000
        16  -0.760912   0.52701  0.77783  0.108E-05  0.252E-03  pot  B   0.1000
        17  -0.760909   0.38926  0.77850  0.552E-04  0.164E-03  pot  B   0.1000
        18  -0.760908   0.38722  0.77852  0.825E-06  0.184E-03  pot  B   0.1000
        19  -0.760911   0.44530  0.77811  0.232E-04  0.124E-04  pot  B   0.1000
        20  -0.760912   0.44159  0.77837  0.151E-05  0.179E-05  pot  B   0.1000
        21  -0.760910   0.44242  0.77828  0.350E-06  0.439E-06  pot  B   0.1000
        22  -0.760910   0.44020  0.77835  0.888E-06  0.583E-05  pot  B   0.1000
        23  -0.760910   0.44178  0.77830  0.637E-06  0.134E-05  pot  B   0.1000
        24  -0.760910   0.44222  0.77831  0.170E-06  0.752E-07  pot  B   0.1000
        25  -0.760910   0.44228  0.77831  0.247E-07  0.845E-07  pot  B   0.1000
        26  -0.760910   0.44224  0.77831  0.144E-07  0.113E-07  pot  B   0.1000
        27  -0.760910   0.44224  0.77831  0.805E-09  0.121E-07  pot  B   0.1000
        28  -0.760910   0.44224  0.77831  0.122E-08  0.193E-07  pot  B   0.1000
        29  -0.760910   0.44224  0.77831  0.419E-09  0.170E-07  pot  B   0.1000
        30  -0.760910   0.44224  0.77831  0.241E-09  0.185E-07  pot  B   0.1000
        31  -0.760910   0.44224  0.77831  0.147E-09  0.175E-07  pot  B   0.1000
**      32  -0.779580   0.02787  0.78331  0.146E-03  0.107E-02  pot  B   0.1000
        33  -0.777061   0.24400  0.78831  0.783E-04  0.693E-03  pot  B   0.1000
        34  -0.760726   0.71454  0.78538  0.166E-03  0.610E-03  pot  B   0.1000
        35  -0.760739   0.46200  0.79176  0.950E-04  0.861E-04  pot  B   0.1000
        36  -0.760761   0.47738  0.78325  0.559E-05  0.104E-03  pot  B   0.1000
        37  -0.779862   0.06243  0.78825  0.144E-03  0.972E-03  pot  B   0.1000
        38  -0.760709   0.48671  0.78766  0.148E-03  0.146E-03  pot  B   0.1000
        39  -0.760709   0.48680  0.78773  0.353E-06  0.150E-03  pot  B   0.1000
        40  -0.760707   0.47052  0.78781  0.646E-05  0.115E-03  pot  B   0.1000
        41  -0.760711   0.51669  0.78755  0.185E-04  0.226E-03  pot  B   0.1000
        42  -0.760711   0.52349  0.78756  0.268E-05  0.243E-03  pot  B   0.1000
        43  -0.760711   0.49301  0.78772  0.122E-04  0.164E-03  pot  B   0.1000
        44  -0.760707   0.45998  0.78785  0.132E-04  0.872E-04  pot  B   0.1000
        45  -0.760704   0.44225  0.78791  0.710E-05  0.617E-04  pot  B   0.1000
        46  -0.760710   0.48717  0.78767  0.180E-04  0.147E-03  pot  B   0.1000
        47  -0.760711   0.49676  0.78766  0.381E-05  0.172E-03  pot  B   0.1000
        48  -0.760711   0.49683  0.78766  0.275E-07  0.172E-03  pot  B   0.1000
        49  -0.760710   0.43097  0.78790  0.265E-04  0.357E-04  pot  B   0.1000
        50  -0.760710   0.43172  0.78784  0.312E-06  0.336E-04  pot  B   0.1000
        51  -0.760710   0.43151  0.78785  0.995E-07  0.342E-04  pot  B   0.1000
        52  -0.760709   0.43071  0.78786  0.335E-06  0.367E-04  pot  B   0.1000
        53  -0.760710   0.43328  0.78783  0.107E-05  0.289E-04  pot  B   0.1000
        54  -0.760715   0.44226  0.78774  0.358E-05  0.294E-05  pot  B   0.1000
        55  -0.760716   0.44322  0.78775  0.373E-06  0.207E-06  pot  B   0.1000
        56  -0.760716   0.44376  0.78774  0.218E-06  0.132E-05  pot  B   0.1000
        57  -0.760716   0.44299  0.78775  0.309E-06  0.869E-06  pot  B   0.1000
        58  -0.760716   0.44332  0.78775  0.135E-06  0.915E-07  pot  B   0.1000
        59  -0.760716   0.44330  0.78775  0.938E-08  0.305E-07  pot  B   0.1000
        60  -0.760716   0.44335  0.78775  0.200E-07  0.173E-06  pot  B   0.1000
        61  -0.760716   0.44329  0.78775  0.222E-07  0.143E-07  pot  B   0.1000
        62  -0.760716   0.44329  0.78775  0.497E-09  0.104E-07  pot  B   0.1000
        63  -0.760716   0.44329  0.78775  0.147E-09  0.951E-08  pot  B   0.1000
