Source Code Version           : : Develop                                       
System Description            : Cu, fcc structure                               
Number of Atoms in Unit Cell  : 1                                               
Number of Atomic Species      : 1                                               
Number of Atoms in Each Type  : 1(Cu)                                           
Unit Cell Volume (au^3)       : 0.85750000D+02                                  
Average Atomic Volume (au^3)  : 85.75000                                        
Energy Offset                 : -3281                                           
=======================================================================================
    Iter     Energy      3PV     Efermi   Rms_rho    Rms_pot   Mix  Alg  Alpha 
---------------------------------------------------------------------------------------
**       1  -0.643283  37.87081  0.52164  0.797E-05  0.901E-02  pot  B   0.1000
         2  -0.641746  37.07559  0.52738  0.166E-03  0.721E-02  pot  B   0.1000
         3  -0.669854  33.89460  0.53238  0.674E-03  0.312E-02  pot  B   0.1000
         4  -0.674869  32.01160  0.53738  0.502E-03  0.551E-02  pot  B   0.1000
         5  -0.671701  33.40795  0.54238  0.843E-03  0.277E-02  pot  B   0.1000
         6  -0.671545  33.22099  0.54738  0.482E-04  0.315E-02  pot  B   0.1000
         7  -0.637828  36.49492  0.54915  0.918E-03  0.436E-02  pot  B   0.1000
         8  -0.637307  35.78611  0.55147  0.204E-03  0.304E-02  pot  B   0.1000
         9  -0.637185  35.72118  0.55299  0.205E-04  0.287E-02  pot  B   0.1000
        10  -0.635449  34.99787  0.55524  0.219E-03  0.131E-02  pot  B   0.1000
        11  -0.635347  34.97130  0.55650  0.813E-05  0.123E-02  pot  B   0.1000
        12  -0.634114  34.63083  0.55694  0.104E-03  0.220E-03  pot  B   0.1000
        13  -0.634093  34.62584  0.55668  0.195E-05  0.118E-03  pot  B   0.1000
        14  -0.634046  34.61383  0.55671  0.367E-05  0.946E-04  pot  B   0.1000
        15  -0.633914  34.58185  0.55674  0.991E-05  0.133E-05  pot  B   0.1000
        16  -0.633913  34.58167  0.55675  0.510E-07  0.111E-06  pot  B   0.1000
        17  -0.633913  34.58173  0.55675  0.253E-07  0.684E-06  pot  B   0.1000
        18  -0.633913  34.58175  0.55675  0.659E-08  0.995E-07  pot  B   0.1000
        19  -0.633913  34.58169  0.55675  0.175E-07  0.388E-07  pot  B   0.1000
        20  -0.633913  34.58169  0.55675  0.239E-08  0.195E-07  pot  B   0.1000
**      21  -0.651680  35.69532  0.56175  0.505E-03  0.181E-01  pot  B   0.1000
        22  -0.632462  35.45102  0.56862  0.129E-03  0.152E-01  pot  B   0.1000
        23  -0.689953  29.38113  0.57362  0.225E-02  0.137E-01  pot  B   0.1000
        24  -0.684104  29.22944  0.57862  0.653E-04  0.139E-01  pot  B   0.1000
        25  -0.703249  30.99865  0.58362  0.673E-03  0.962E-02  pot  B   0.1000
        26  -0.666530  34.91188  0.58862  0.144E-02  0.264E-02  pot  B   0.1000
        27  -0.631023  35.93517  0.59742  0.370E-03  0.545E-02  pot  B   0.1000
        28  -0.630124  35.62878  0.60145  0.121E-03  0.442E-02  pot  B   0.1000
        29  -0.639770  33.88632  0.60645  0.673E-03  0.202E-02  pot  B   0.1000
        30  -0.632511  33.54485  0.61145  0.145E-03  0.348E-02  pot  B   0.1000
        31  -0.623748  33.99595  0.61138  0.170E-03  0.212E-02  pot  B   0.1000
        32  -0.625754  34.37530  0.60931  0.154E-03  0.805E-03  pot  B   0.1000
        33  -0.626231  34.47761  0.60882  0.408E-04  0.435E-03  pot  B   0.1000
        34  -0.626417  34.51855  0.60860  0.162E-04  0.306E-03  pot  B   0.1000
        35  -0.626769  34.59849  0.60818  0.317E-04  0.185E-04  pot  B   0.1000
        36  -0.626748  34.59340  0.60821  0.214E-05  0.255E-04  pot  B   0.1000
        37  -0.626761  34.59653  0.60820  0.124E-05  0.163E-04  pot  B   0.1000
        38  -0.626775  34.59969  0.60818  0.126E-05  0.507E-05  pot  B   0.1000
        39  -0.626781  34.60124  0.60817  0.633E-06  0.572E-06  pot  B   0.1000
        40  -0.626781  34.60105  0.60817  0.759E-07  0.115E-06  pot  B   0.1000
        41  -0.626781  34.60115  0.60817  0.390E-07  0.195E-06  pot  B   0.1000
        42  -0.626781  34.60111  0.60817  0.175E-07  0.641E-07  pot  B   0.1000
        43  -0.626781  34.60109  0.60817  0.805E-08  0.172E-08  pot  B   0.1000
        44  -0.626781  34.60109  0.60817  0.136E-09  0.615E-09  pot  B   0.1000
**      45  -0.626754  34.60426  0.60821  0.000E+00  0.942E-05  pot  B   0.1000
        46  -0.626749  34.60276  0.60822  0.563E-06  0.661E-05  pot  B   0.1000
        47  -0.626743  34.60129  0.60823  0.558E-06  0.480E-05  pot  B   0.1000
        48  -0.626743  34.60178  0.60823  0.164E-06  0.589E-06  pot  B   0.1000
        49  -0.626740  34.60095  0.60823  0.298E-06  0.170E-05  pot  B   0.1000
        50  -0.626742  34.60149  0.60823  0.210E-06  0.786E-07  pot  B   0.1000
        51  -0.626742  34.60142  0.60823  0.308E-07  0.309E-06  pot  B   0.1000
        52  -0.626742  34.60152  0.60823  0.393E-07  0.382E-08  pot  B   0.1000
        53  -0.626742  34.60152  0.60823  0.117E-08  0.126E-07  pot  B   0.1000
**      54  -0.626718  34.60633  0.60824  0.000E+00  0.158E-04  pot  B   0.1000
        55  -0.626709  34.60382  0.60826  0.942E-06  0.111E-04  pot  B   0.1000
        56  -0.626699  34.60137  0.60827  0.932E-06  0.808E-05  pot  B   0.1000
        57  -0.626699  34.60220  0.60827  0.274E-06  0.101E-05  pot  B   0.1000
        58  -0.626695  34.60083  0.60828  0.494E-06  0.283E-05  pot  B   0.1000
        59  -0.626698  34.60175  0.60827  0.360E-06  0.587E-07  pot  B   0.1000
        60  -0.626698  34.60161  0.60827  0.562E-07  0.472E-06  pot  B   0.1000
        61  -0.626699  34.60177  0.60827  0.607E-07  0.224E-08  pot  B   0.1000
        62  -0.626699  34.60176  0.60827  0.429E-08  0.337E-07  pot  B   0.1000
