Source Code Version           : : v1.3.4                                        
System Description            : Cu, fcc structure                               
Number of Atoms in Unit Cell  : 1                                               
Number of Atomic Species      : 1                                               
Number of Atoms in Each Type  : 1(Cu)                                           
Unit Cell Volume (au^3)       : 0.78608000D+02                                  
Average Atomic Volume (au^3)  : 78.60800                                        
Energy Offset                 : -3275                                           
=======================================================================================
    Iter     Energy      3PV     Efermi   Rms_rho    Rms_pot   Mix  Alg  Alpha 
---------------------------------------------------------------------------------------
**       1  -0.769653  -0.19775  0.61117  0.335E-03  0.979E-02  pot  B   0.1000
         2  -0.769997  -0.09811  0.61877  0.270E-04  0.884E-02  pot  B   0.1000
         3  -0.827523  -2.21207  0.68465  0.738E-03  0.447E-02  pot  B   0.1000
         4  -0.770915   1.15723  0.68440  0.980E-03  0.210E-02  pot  B   0.1000
         5  -0.771931   0.52921  0.69034  0.144E-03  0.116E-02  pot  B   0.1000
         6  -0.772322  -0.15376  0.69087  0.160E-03  0.163E-03  pot  B   0.1000
         7  -0.772328  -0.07432  0.69081  0.164E-04  0.182E-03  pot  B   0.1000
         8  -0.772339  -0.10724  0.69191  0.149E-04  0.216E-04  pot  B   0.1000
         9  -0.772343  -0.11481  0.69193  0.129E-05  0.168E-04  pot  B   0.1000
        10  -0.772346  -0.10743  0.69191  0.208E-05  0.252E-05  pot  B   0.1000
        11  -0.772354  -0.10193  0.69188  0.139E-05  0.832E-05  pot  B   0.1000
        12  -0.772349  -0.10691  0.69191  0.121E-05  0.146E-06  pot  B   0.1000
        13  -0.772336  -0.10685  0.69191  0.322E-07  0.319E-06  pot  B   0.1000
        14  -0.772324  -0.10665  0.69191  0.538E-07  0.411E-06  pot  B   0.1000
        15  -0.772324  -0.10676  0.69191  0.268E-07  0.470E-06  pot  B   0.1000
        16  -0.772332  -0.10685  0.69191  0.263E-07  0.395E-06  pot  B   0.1000
        17  -0.772336  -0.10690  0.69191  0.236E-07  0.397E-06  pot  B   0.1000
        18  -0.772340  -0.10693  0.69191  0.117E-07  0.375E-06  pot  B   0.1000
        19  -0.772342  -0.10691  0.69191  0.605E-07  0.123E-06  pot  B   0.1000
        20  -0.772342  -0.10691  0.69191  0.299E-08  0.237E-06  pot  B   0.1000
        21  -0.772343  -0.10691  0.69191  0.234E-08  0.115E-06  pot  B   0.1000
        22  -0.772344  -0.10692  0.69191  0.481E-08  0.114E-06  pot  B   0.1000
        23  -0.772344  -0.10691  0.69191  0.341E-07  0.118E-06  pot  B   0.1000
        24  -0.772346  -0.10689  0.69191  0.133E-07  0.487E-07  pot  B   0.1000
        25  -0.772346  -0.10690  0.69191  0.748E-08  0.451E-07  pot  B   0.1000
        26  -0.772347  -0.10689  0.69191  0.103E-07  0.759E-07  pot  B   0.1000
        27  -0.772348  -0.10690  0.69191  0.623E-08  0.580E-07  pot  B   0.1000
        28  -0.772350  -0.10691  0.69191  0.206E-07  0.599E-07  pot  B   0.1000
        29  -0.772353  -0.10692  0.69191  0.458E-07  0.256E-06  pot  B   0.1000
        30  -0.772356  -0.10694  0.69190  0.213E-07  0.327E-06  pot  B   0.1000
        31  -0.772357  -0.10696  0.69190  0.756E-07  0.237E-06  pot  B   0.1000
        32  -0.772363  -0.10700  0.69190  0.546E-07  0.278E-06  pot  B   0.1000
        33  -0.772367  -0.10705  0.69190  0.971E-07  0.384E-06  pot  B   0.1000
        34  -0.772376  -0.10713  0.69190  0.733E-07  0.588E-06  pot  B   0.1000
        35  -0.772388  -0.10724  0.69189  0.123E-06  0.980E-06  pot  B   0.1000
        36  -0.772405  -0.10740  0.69188  0.175E-06  0.156E-05  pot  B   0.1000
        37  -0.772431  -0.10762  0.69187  0.239E-06  0.228E-05  pot  B   0.1000
        38  -0.772470  -0.10796  0.69186  0.325E-06  0.320E-05  pot  B   0.1000
        39  -0.772514  -0.10841  0.69184  0.677E-06  0.550E-05  pot  B   0.1000
        40  -0.772576  -0.10907  0.69181  0.988E-06  0.906E-05  pot  B   0.1000
        41  -0.772675  -0.11001  0.69176  0.120E-05  0.132E-04  pot  B   0.1000
**      42  -0.770357  -0.20537  0.61107  0.335E-03  0.306E-02  pot  B   0.1000 Renorm GF
        43  -0.770338  -0.14417  0.61587  0.146E-04  0.275E-02  pot  B   0.1000
        44  -0.770279   0.09845  0.61016  0.583E-04  0.339E-03  pot  B   0.1000
        45  -0.770355   0.00310  0.61511  0.218E-04  0.185E-03  pot  B   0.1000
        46  -0.770315  -0.04795  0.61401  0.117E-04  0.101E-03  pot  B   0.1000
        47  -0.770323  -0.10002  0.61450  0.120E-04  0.142E-04  pot  B   0.1000
        48  -0.770319  -0.09677  0.61442  0.931E-06  0.714E-05  pot  B   0.1000
        49  -0.770319  -0.10261  0.61448  0.131E-05  0.232E-05  pot  B   0.1000
        50  -0.770319  -0.10301  0.61445  0.209E-06  0.927E-07  pot  B   0.1000
        51  -0.770319  -0.10299  0.61446  0.790E-08  0.369E-07  pot  B   0.1000
        52  -0.770319  -0.10302  0.61446  0.667E-08  0.104E-06  pot  B   0.1000
        53  -0.770319  -0.10301  0.61446  0.418E-08  0.417E-07  pot  B   0.1000
**      54  -0.774849  -0.01682  0.60998  0.336E-03  0.220E-03  pot  B   0.1000
        55  -0.774807  -0.07573  0.60536  0.139E-04  0.115E-03  pot  B   0.1000
        56  -0.774804  -0.08890  0.61038  0.369E-05  0.902E-04  pot  B   0.1000
        57  -0.774716   0.33278  0.60561  0.102E-03  0.902E-03  pot  B   0.1000
        58  -0.774798  -0.10141  0.61055  0.106E-03  0.323E-04  pot  B   0.1000
        59  -0.774778  -0.19467  0.60745  0.243E-04  0.150E-03  pot  B   0.1000
        60  -0.774782  -0.18886  0.60991  0.177E-05  0.140E-03  pot  B   0.1000
        61  -0.774796  -0.14029  0.60760  0.118E-04  0.450E-04  pot  B   0.1000
        62  -0.774801  -0.12332  0.60879  0.430E-05  0.128E-04  pot  B   0.1000
        63  -0.774800  -0.12138  0.60847  0.477E-06  0.912E-05  pot  B   0.1000
        64  -0.774800  -0.11990  0.60852  0.426E-06  0.634E-05  pot  B   0.1000
        65  -0.774800  -0.11799  0.60850  0.472E-06  0.249E-05  pot  B   0.1000
        66  -0.774800  -0.11921  0.60851  0.300E-06  0.493E-05  pot  B   0.1000
        67  -0.774800  -0.11856  0.60850  0.158E-06  0.368E-05  pot  B   0.1000
        68  -0.774800  -0.11834  0.60850  0.548E-07  0.325E-05  pot  B   0.1000
        69  -0.774800  -0.11873  0.60850  0.961E-07  0.401E-05  pot  B   0.1000
        70  -0.774800  -0.11985  0.60851  0.276E-06  0.617E-05  pot  B   0.1000
        71  -0.774800  -0.11927  0.60851  0.141E-06  0.505E-05  pot  B   0.1000
        72  -0.774800  -0.11913  0.60851  0.367E-07  0.478E-05  pot  B   0.1000
        73  -0.774800  -0.11919  0.60851  0.160E-07  0.490E-05  pot  B   0.1000
        74  -0.774800  -0.11958  0.60851  0.952E-07  0.563E-05  pot  B   0.1000
        75  -0.774800  -0.11667  0.60849  0.718E-06  0.214E-06  pot  B   0.1000
        76  -0.774800  -0.11663  0.60849  0.124E-07  0.127E-06  pot  B   0.1000
        77  -0.774800  -0.11662  0.60849  0.319E-08  0.138E-06  pot  B   0.1000
        78  -0.774800  -0.11658  0.60849  0.109E-07  0.198E-06  pot  B   0.1000
        79  -0.774800  -0.11664  0.60849  0.161E-07  0.849E-07  pot  B   0.1000
        80  -0.774800  -0.11664  0.60849  0.108E-08  0.124E-06  pot  B   0.1000
        81  -0.774800  -0.11666  0.60849  0.331E-08  0.114E-06  pot  B   0.1000
        82  -0.774800  -0.11663  0.60849  0.670E-08  0.123E-06  pot  B   0.1000
        83  -0.774800  -0.11662  0.60849  0.913E-09  0.131E-06  pot  B   0.1000
        84  -0.774800  -0.11662  0.60849  0.256E-09  0.158E-06  pot  B   0.1000
        85  -0.774800  -0.11662  0.60849  0.207E-08  0.144E-06  pot  B   0.1000
        86  -0.774800  -0.11661  0.60849  0.112E-08  0.176E-06  pot  B   0.1000
        87  -0.774800  -0.11664  0.60849  0.902E-08  0.115E-06  pot  B   0.1000
        88  -0.774800  -0.11664  0.60849  0.180E-08  0.724E-07  pot  B   0.1000
