 icrys=  1 alat= 7.41566 ncmp=  1 nspn=  2
 at. # =     78
 conc  = 1.0000
   #              energy(ryd)  press(mbar)   rmsrh
  97             -34652.63260     0.56068   0.88E-12
  97             -34652.63260     0.56068   0.76E-13                            
  97             -34652.63260     0.56068   0.97E-13                            
  97             -34652.63260     0.56068   0.80E-12                            
  96             -34652.63260     0.56068   0.66E-13                            
  95             -34652.63260     0.56068   0.98E-13                            
  94             -34652.63260     0.56068   0.10E-12                            
  93             -34652.63260     0.56068   0.11E-12                            
  92             -34652.63260     0.56068   0.16E-12                            
  91             -34652.63260     0.56068   0.20E-12                            
  90             -34652.63260     0.56068   0.12E-12                            
  89             -34652.63260     0.56068   0.17E-12                            
  88             -34652.63260     0.56068   0.92E-13                            
  87             -34652.63260     0.56068   0.17E-12                            
  86             -34652.63260     0.56068   0.28E-12                            
  85             -34652.63260     0.56068   0.21E-12                            
  84             -34652.63260     0.56068   0.10E-12                            
  83             -34652.63260     0.56068   0.14E-12                            
  82             -34652.63260     0.56068   0.27E-12                            
  81             -34652.63260     0.56068   0.22E-12                            
  80             -34652.63260     0.56068   0.23E-12                            
  79             -34652.63260     0.56068   0.36E-12                            
  78             -34652.63260     0.56068   0.32E-12                            
  77             -34652.63260     0.56068   0.40E-12                            
  76             -34652.63260     0.56068   0.77E-12                            
  75             -34652.63260     0.56068   0.89E-12                            
  74             -34652.63260     0.56068   0.90E-12                            
  73             -34652.63260     0.56068   0.88E-12                            
  72             -34652.63260     0.56068   0.83E-12                            
  71             -34652.63260     0.56068   0.57E-12                            
  70             -34652.63260     0.56068   0.81E-12                            
  69             -34652.63260     0.56068   0.82E-12                            
  68             -34652.63260     0.56068   0.18E-11                            
  67             -34652.63260     0.56068   0.20E-11                            
  66             -34652.63260     0.56068   0.27E-11                            
  65             -34652.63260     0.56068   0.18E-11                            
  64             -34652.63260     0.56068   0.17E-11                            
  63             -34652.63260     0.56068   0.18E-11                            
  62             -34652.63260     0.56068   0.44E-11                            
  61             -34652.63260     0.56068   0.93E-11                            
  60             -34652.63260     0.56068   0.10E-10                            
  59             -34652.63260     0.56068   0.12E-10                            
  58             -34652.63260     0.56068   0.15E-10                            
  57             -34652.63260     0.56068   0.19E-10                            
  56             -34652.63260     0.56068   0.27E-10                            
  55             -34652.63260     0.56068   0.36E-10                            
  54             -34652.63260     0.56068   0.56E-10                            
  53             -34652.63260     0.56068   0.64E-10                            
  52             -34652.63260     0.56068   0.81E-10                            
  51             -34652.63260     0.56068   0.90E-10                            
  50             -34652.63260     0.56068   0.10E-09                            
  49             -34652.63260     0.56068   0.12E-09                            
  48             -34652.63260     0.56068   0.14E-09                            
  47             -34652.63260     0.56068   0.19E-09                            
  46             -34652.63260     0.56068   0.23E-09                            
  45             -34652.63260     0.56068   0.27E-09                            
  44             -34652.63260     0.56068   0.54E-09                            
  43             -34652.63260     0.56068   0.65E-09                            
  42             -34652.63260     0.56068   0.92E-09                            
  41             -34652.63260     0.56068   0.16E-08                            
  40             -34652.63260     0.56068   0.18E-08                            
  39             -34652.63260     0.56068   0.32E-08                            
  38             -34652.63260     0.56068   0.43E-08                            
  37             -34652.63260     0.56068   0.59E-08                            
  36             -34652.63260     0.56068   0.17E-07                            
  35             -34652.63260     0.56068   0.22E-07                            
  34             -34652.63260     0.56068   0.26E-07                            
  33             -34652.63260     0.56068   0.44E-07                            
  32             -34652.63260     0.56068   0.48E-07                            
  31             -34652.63260     0.56068   0.78E-07                            
  30             -34652.63260     0.56066   0.16E-06                            
  29             -34652.63260     0.56066   0.19E-06                            
  28             -34652.63260     0.56066   0.57E-06                            
  27             -34652.63260     0.56067   0.67E-06                            
  26             -34652.63260     0.56068   0.83E-06                            
  25             -34652.63260     0.56058   0.18E-05                            
  24             -34652.63260     0.56059   0.23E-05                            
  23             -34652.63260     0.56076   0.32E-05                            
  22             -34652.63260     0.56128   0.67E-05                            
  21             -34652.63260     0.56135   0.77E-05                            
  20             -34652.63260     0.56079   0.20E-04                            
  19             -34652.63260     0.56159   0.26E-04                            
  18             -34652.63260     0.56253   0.32E-04                            
  17             -34652.63259     0.56287   0.78E-04                            
  16             -34652.63258     0.55949   0.97E-04                            
  15             -34652.63257     0.55538   0.11E-03                            
  14             -34652.63253     0.56116   0.28E-03                            
  13             -34652.63252     0.56140   0.30E-03                            
  12             -34652.63256     0.53093   0.60E-03                            
  11             -34652.63250     0.47508   0.84E-03                            
  10             -34652.63247     0.45231   0.10E-02                            
   9             -34652.63262     0.58122   0.24E-02                            
   8             -34652.63295     0.60372   0.28E-02                            
   7             -34652.63334     0.59343   0.34E-02                            
   6             -34652.63371     0.48586   0.58E-02                            
   5             -34652.63581     2.27733   0.21E-01                            
   4             -34652.63282     4.73498   0.29E-01                            
