 icrys=  1 alat= 7.78800 ncmp=  1 nspn=  2
 at. # =     13
 conc  = 1.0000
   #              energy(ryd)  press(mbar)   rmsrh
  50               -482.77068     0.22170   0.57E-03
  49               -482.77413     0.21931   0.63E-03                            
  48               -482.77828     0.21618   0.64E-03                            
  47               -482.70341     0.26760   0.62E-03                            
  46               -482.72545     0.25267   0.22E-03                            
  45               -482.74255     0.24101   0.87E-04                            
  44               -482.75478     0.23259   0.30E-03                            
  43               -482.76314     0.22679   0.45E-03                            
  42               -482.76882     0.22291   0.54E-03                            
  41               -482.77278     0.22025   0.61E-03                            
  40               -482.77570     0.21822   0.66E-03                            
  39               -482.77804     0.21660   0.70E-03                            
  38               -482.78157     0.21376   0.69E-03                            
  37               -482.71285     0.26119   0.45E-03                            
  36               -482.73298     0.24752   0.84E-04                            
  35               -482.74805     0.23717   0.18E-03                            
  34               -482.75859     0.23000   0.37E-03                            
  33               -482.76573     0.22492   0.49E-03                            
  32               -482.77062     0.22160   0.57E-03                            
  31               -482.77561     0.21787   0.60E-03                            
  30               -482.70115     0.26894   0.66E-03                            
  29               -482.72360     0.25374   0.25E-03                            
  28               -482.74120     0.24175   0.66E-04                            
  27               -482.75386     0.23309   0.29E-03                            
  26               -482.76252     0.22704   0.44E-03                            
  25               -482.76842     0.22309   0.54E-03                            
  24               -482.77400     0.21896   0.58E-03                            
  23               -482.69989     0.26975   0.68E-03                            
  22               -482.72256     0.25441   0.27E-03                            
  21               -482.74042     0.24219   0.55E-04                            
  20               -482.75327     0.23322   0.29E-03                            
  19               -482.76208     0.22728   0.44E-03                            
  18               -482.76802     0.22361   0.54E-03                            
  17               -482.77358     0.21951   0.59E-03                            
  16               -482.69941     0.27004   0.67E-03                            
  15               -482.72211     0.25513   0.28E-03                            
  14               -482.73999     0.24302   0.10E-03                            
  13               -482.75369     0.23305   0.25E-03                            
  12               -482.71892     0.25766   0.35E-03                            
  11               -482.73793     0.24308   0.17E-03                            
  10               -482.75174     0.23507   0.27E-03                            
   9               -482.76078     0.23208   0.42E-03                            
   8               -482.77049     0.23565   0.15E-02                            
   7               -482.77719     0.23605   0.20E-02                            
   6               -482.78244     0.23252   0.26E-02                            
   5               -482.71169     0.30508   0.32E-02                            
   4               -482.74574     0.14117   0.74E-02                            
   3               -482.78401     0.08240   0.91E-02                            
   2               -482.80561     0.35729   0.20E+00                            
   1               -482.79596     0.38208   0.21E+00                            
