Source Code Version           : : Develop                                       
System Description            : Cu, fcc structure                               
Number of Atoms in Unit Cell  : 1                                               
Number of Atomic Species      : 1                                               
Number of Atoms in Each Type  : 1(Cu)                                           
Unit Cell Volume (au^3)       : 0.75190750D+02                                  
Average Atomic Volume (au^3)  : 75.19075                                        
Energy Offset                 : -3281                                           
=======================================================================================
    Iter     Energy      3PV     Efermi   Rms_rho    Rms_pot   Mix  Alg  Alpha 
---------------------------------------------------------------------------------------
**       1  -0.626604  34.97542  0.70558  0.242E-03  0.660E-02  pot  B   0.1000
         2  -0.627192  33.98988  0.69830  0.300E-03  0.130E-02  pot  B   0.1000
         3  -0.628862  34.37896  0.69724  0.926E-04  0.678E-03  pot  B   0.1000
         4  -0.630543  34.81640  0.69339  0.105E-03  0.101E-03  pot  B   0.1000
         5  -0.630311  34.75310  0.69499  0.143E-04  0.963E-04  pot  B   0.1000
         6  -0.630505  34.81279  0.69495  0.156E-04  0.651E-05  pot  B   0.1000
         7  -0.630488  34.80754  0.69498  0.129E-05  0.693E-05  pot  B   0.1000
         8  -0.630506  34.81119  0.69495  0.105E-05  0.361E-05  pot  B   0.1000
         9  -0.630499  34.81074  0.69496  0.126E-06  0.249E-05  pot  B   0.1000
        10  -0.630517  34.80956  0.69497  0.659E-06  0.348E-05  pot  B   0.1000
        11  -0.630598  34.80978  0.69497  0.387E-05  0.145E-04  pot  B   0.1000
        12  -0.630471  34.80882  0.69495  0.534E-05  0.912E-05  pot  B   0.1000
        13  -0.630008  34.81120  0.69519  0.174E-04  0.517E-04  pot  B   0.1000
        14  -0.629348  34.78450  0.69439  0.881E-04  0.309E-03  pot  B   0.1000
**      15  -0.626604  34.97542  0.70558  0.242E-03  0.660E-02  pot  B   0.0100
        16  -0.627192  33.98988  0.69830  0.300E-03  0.130E-02  pot  B   0.0100
        17  -0.627268  34.02036  0.69966  0.702E-05  0.125E-02  pot  B   0.0100
        18  -0.631266  35.02457  0.69200  0.240E-03  0.381E-03  pot  B   0.0100
        19  -0.629991  34.65813  0.69649  0.879E-04  0.246E-03  pot  B   0.0100
        20  -0.629986  34.66519  0.69550  0.196E-05  0.235E-03  pot  B   0.0100
        21  -0.630284  34.74885  0.69526  0.222E-04  0.974E-04  pot  B   0.0100
        22  -0.630512  34.81434  0.69496  0.163E-04  0.100E-04  pot  B   0.0100
        23  -0.630517  34.81606  0.69492  0.424E-06  0.115E-04  pot  B   0.0100
        24  -0.630493  34.80737  0.69498  0.208E-05  0.286E-05  pot  B   0.0100
        25  -0.630507  34.81151  0.69495  0.104E-05  0.395E-05  pot  B   0.0100
        26  -0.630506  34.81147  0.69495  0.103E-07  0.388E-05  pot  B   0.0100
        27  -0.630501  34.81007  0.69496  0.361E-06  0.124E-05  pot  B   0.0100
        28  -0.630496  34.80887  0.69497  0.308E-06  0.102E-05  pot  B   0.0100
        29  -0.630496  34.80888  0.69497  0.450E-08  0.993E-06  pot  B   0.0100
        30  -0.630496  34.80888  0.69497  0.168E-09  0.992E-06  pot  B   0.0100
        31  -0.630497  34.80917  0.69497  0.736E-07  0.435E-06  pot  B   0.0100
        32  -0.630498  34.80937  0.69497  0.513E-07  0.515E-07  pot  B   0.0100
        33  -0.630498  34.80937  0.69497  0.622E-09  0.560E-07  pot  B   0.0100
**      34  -0.626632  34.97441  0.70558  0.242E-03  0.660E-02  pot  B   0.0100
        35  -0.627346  33.98623  0.69822  0.300E-03  0.130E-02  pot  B   0.0100
        36  -0.627481  34.01660  0.69962  0.702E-05  0.125E-02  pot  B   0.0100
        37  -0.631429  35.02297  0.69204  0.241E-03  0.382E-03  pot  B   0.0100
        38  -0.630186  34.65926  0.69620  0.872E-04  0.240E-03  pot  B   0.0100
        39  -0.630225  34.66495  0.69552  0.161E-05  0.231E-03  pot  B   0.0100
        40  -0.630515  34.74624  0.69524  0.216E-04  0.972E-04  pot  B   0.0100
        41  -0.630765  34.81855  0.69490  0.181E-04  0.187E-04  pot  B   0.0100
        42  -0.630770  34.82037  0.69486  0.449E-06  0.212E-04  pot  B   0.0100
        43  -0.630726  34.80599  0.69495  0.350E-05  0.144E-05  pot  B   0.0100
        44  -0.630734  34.80851  0.69493  0.644E-06  0.356E-05  pot  B   0.0100
        45  -0.630734  34.80849  0.69493  0.630E-08  0.352E-05  pot  B   0.0100
        46  -0.630734  34.80843  0.69493  0.158E-07  0.340E-05  pot  B   0.0100
        47  -0.630734  34.80836  0.69493  0.180E-07  0.327E-05  pot  B   0.0100
        48  -0.630726  34.80644  0.69495  0.494E-06  0.335E-06  pot  B   0.0100
        49  -0.630726  34.80631  0.69495  0.319E-07  0.567E-06  pot  B   0.0100
        50  -0.630726  34.80635  0.69495  0.868E-08  0.500E-06  pot  B   0.0100
        51  -0.630727  34.80651  0.69494  0.412E-07  0.189E-06  pot  B   0.0100
        52  -0.630727  34.80650  0.69495  0.134E-08  0.199E-06  pot  B   0.0100
        53  -0.630727  34.80651  0.69495  0.746E-09  0.193E-06  pot  B   0.0100
        54  -0.630727  34.80651  0.69495  0.118E-08  0.184E-06  pot  B   0.0100
        55  -0.630727  34.80651  0.69495  0.160E-08  0.196E-06  pot  B   0.0100
        56  -0.630727  34.80652  0.69494  0.320E-08  0.173E-06  pot  B   0.0100
        57  -0.630727  34.80657  0.69494  0.127E-07  0.784E-07  pot  B   0.0100
        58  -0.630727  34.80658  0.69494  0.287E-08  0.558E-07  pot  B   0.0100
**      59  -0.630724  34.80614  0.69494  0.390E-03  0.620E-06  pot  B   0.0100
        60  -0.630724  34.80616  0.69494  0.396E-08  0.593E-06  pot  B   0.0100
        61  -0.630725  34.80649  0.69494  0.805E-07  0.120E-06  pot  B   0.0100
        62  -0.630725  34.80649  0.69494  0.139E-08  0.120E-06  pot  B   0.0100
        63  -0.630726  34.80660  0.69494  0.290E-07  0.222E-06  pot  B   0.0100
        64  -0.630726  34.80652  0.69494  0.191E-07  0.110E-06  pot  B   0.0100
        65  -0.630726  34.80657  0.69494  0.119E-07  0.194E-06  pot  B   0.0100
        66  -0.630726  34.80653  0.69494  0.106E-07  0.115E-06  pot  B   0.0100
        67  -0.630725  34.80646  0.69494  0.167E-07  0.187E-07  pot  B   0.0100
        68  -0.630725  34.80646  0.69494  0.481E-10  0.145E-07  pot  B   0.0100
