 Least-squares fit of etot(v) by Murnaghan eq.
 
            UNIT OF LENGTH: ULA =  0.529177 ANGSTROEM
            UNIT OF ENERGY INPUT:  IN RYDBERGS

 IN THE STRUCTURE CONSIDERED, THE UNIT CELL VOLUME = A**3 *       0.500000

 Min and Max alat to compute Etot for at  50 points =   4.00000 and   8.00000
         NUMBER OF DATA POINTS: N =   11
 -------------------------------------------------------------------------------

     I     ALATT         VOLUME        ENERGY(EV)          ENERGY(RY)
     1   5.70000        92.59650        -9.37677            -0.68917
     2   5.80000        97.55600        -9.63620            -0.70824
     3   5.90000       102.68950        -9.83539            -0.72288
     4   6.00000       108.00000        -9.98412            -0.73381
     5   6.10000       113.49050       -10.08295            -0.74108
     6   6.20000       119.16400       -10.13597            -0.74497
     7   6.30000       125.02350       -10.14562            -0.74568
     8   6.40000       131.07200       -10.11844            -0.74368
     9   6.50000       137.31250       -10.05796            -0.73924
    10   6.60000       143.74800        -9.96934            -0.73273
    11   6.70000       150.38150        -9.85542            -0.72435
 -------------------------------------------------------------------------------

        ALATT0   VOL0 (ULA**3)  B0 (MBAR)    B0PRIME      E0 (EV)      E0 (RY)
        6.3000    125.02350      1.00000      4.00000    -10.14562     -0.74568
                                                                (=INITIAL GUESS)

 MIN:   3.1500     15.62794      0.01000      0.01000
 MAX:   9.4500    421.95431     10.00000     10.00000
 -------------------------------------------------------------------------------

 FIT BY MURNAGHAN EQUATION EQUATION OF STATE
 -------------------------------------------------------------------------------

 ITER  ALATT0   VOL0(ULA**3)  B0(MBAR)  B0PRIME    E0(EV)  SUM OF SQUARES  IERR

   20  6.2804    123.86277    1.43019   2.92098    -10.14535     0.00000      0
   20  6.2804    123.86277    1.43019   2.92098    -10.14535     0.00000      0
 -------------------------------------------------------------------------------

      ALATT0   VOL0 (ULA**3)   B0(MBAR)      B0PRIME       E0(EV)       E0(RY)

      6.2804     123.86277      1.43019      2.92098    -10.14535     -0.74566
 -------------------------------------------------------------------------------

Alat =      6.28044(Bohr) =      3.32347(A)
 B0  =      1.43019(MBar)   =    143.01921(GPa)
 B0p =      2.92098
 E0  =    -10.14535(EV)     =     -0.74566(Ryd) =     -0.37283(Hartree)
 -------------------------------------------------------------------------------

  alat(A)     alat(bohr)     energy(ev)     energy(Ryd)    P(MBar)     B(MBar)
 -------------------------------------------------------------------------------

   2.11671       4.00000        22.08700       1.62335     25.02498    74.52753
   2.15991       4.08163        17.85689       1.31244     20.88525    62.43548
   2.20310       4.16327        14.17724       1.04200     17.48008    52.48906
   2.24630       4.24490        10.97016       0.80628     14.66837    44.27612
   2.28950       4.32653         8.17009       0.60049     12.33811    37.46952
   2.33270       4.40816         5.72167       0.42053     10.40002    31.80838
   2.37590       4.48980         3.57798       0.26297      8.78257    27.08385
   2.41910       4.57143         1.69914       0.12488      7.42827    23.12798
   2.46229       4.65306         0.05117       0.00376      6.29070    19.80517
   2.50549       4.73469        -1.39497      -0.10253      5.33225    17.00556
   2.54869       4.81633        -2.66417      -0.19581      4.52232    14.63979
   2.59189       4.89796        -3.77783      -0.27766      3.83595    12.63491
   2.63509       4.97959        -4.75438      -0.34944      3.25267    10.93117
   2.67828       5.06122        -5.60972      -0.41230      2.75568     9.47947
   2.72148       5.14286        -6.35762      -0.46727      2.33112     8.23933
   2.76468       5.22449        -7.01003      -0.51522      1.96752     7.17726
   2.80788       5.30612        -7.57734      -0.55692      1.65537     6.26548
   2.85108       5.38776        -8.06857      -0.59302      1.38676     5.48089
   2.89428       5.46939        -8.49163      -0.62412      1.15510     4.80421
   2.93747       5.55102        -8.85342      -0.65071      0.95485     4.21930
   2.98067       5.63265        -9.15999      -0.67324      0.78140     3.71263
   3.02387       5.71429        -9.41664      -0.69210      0.63083     3.27282
   3.06707       5.79592        -9.62804      -0.70764      0.49986     2.89028
   3.11027       5.87755        -9.79829      -0.72015      0.38573     2.55689
   3.15346       5.95918        -9.93101      -0.72991      0.28607     2.26579
   3.19666       6.04082       -10.02940      -0.73714      0.19889     2.01113
   3.23986       6.12245       -10.09629      -0.74206      0.12248     1.78796
   3.28306       6.20408       -10.13419      -0.74484      0.05540     1.59202
   3.32626       6.28571       -10.14530      -0.74566     -0.00359     1.41972
   3.36945       6.36735       -10.13159      -0.74465     -0.05555     1.26793
   3.41265       6.44898       -10.09483      -0.74195     -0.10140     1.13400
   3.45585       6.53061       -10.03656      -0.73767     -0.14192     1.01565
   3.49905       6.61224        -9.95816      -0.73190     -0.17778     0.91089
   3.54225       6.69388        -9.86087      -0.72475     -0.20957     0.81803
   3.58545       6.77551        -9.74579      -0.71630     -0.23780     0.73560
   3.62864       6.85714        -9.61390      -0.70660     -0.26288     0.66231
   3.67184       6.93878        -9.46607      -0.69574     -0.28522     0.59707
   3.71504       7.02041        -9.30308      -0.68376     -0.30513     0.53891
   3.75824       7.10204        -9.12563      -0.67072     -0.32291     0.48699
   3.80144       7.18367        -8.93435      -0.65666     -0.33880     0.44058
   3.84463       7.26531        -8.72977      -0.64162     -0.35302     0.39904
   3.88783       7.34694        -8.51241      -0.62564     -0.36576     0.36182
   3.93103       7.42857        -8.28271      -0.60876     -0.37719     0.32843
   3.97423       7.51020        -8.04105      -0.59100     -0.38746     0.29844
   4.01743       7.59184        -7.78779      -0.57239     -0.39669     0.27146
   4.06062       7.67347        -7.52324      -0.55294     -0.40501     0.24718
   4.10382       7.75510        -7.24769      -0.53269     -0.41250     0.22529
   4.14702       7.83673        -6.96136      -0.51165     -0.41926     0.20553
   4.19022       7.91837        -6.66450      -0.48983     -0.42537     0.18769
   4.23342       8.00000        -6.35728      -0.46725     -0.43089     0.17156
