 Least-squares fit of etot(v) by Murnaghan eq.
 
            UNIT OF LENGTH: ULA =  0.529177 ANGSTROEM
            UNIT OF ENERGY INPUT:  IN RYDBERGS

 IN THE STRUCTURE CONSIDERED, THE UNIT CELL VOLUME = A**3 *       0.500000

 Min and Max alat to compute Etot for at  50 points =   4.00000 and   8.00000
         NUMBER OF DATA POINTS: N =    9
 -------------------------------------------------------------------------------

     I     ALATT         VOLUME        ENERGY(EV)          ENERGY(RY)
     1   5.70000        92.59650        -9.50596            -0.69867
     2   5.80000        97.55600        -9.76589            -0.71777
     3   5.90000       102.68950        -9.96298            -0.73226
     4   6.00000       108.00000       -10.10321            -0.74257
     5   6.10000       113.49050       -10.19743            -0.74949
     6   6.20000       119.16400       -10.24373            -0.75289
     7   6.30000       125.02350       -10.24784            -0.75319
     8   6.40000       131.07200       -10.21569            -0.75083
     9   6.50000       137.31250       -10.15161            -0.74612
 -------------------------------------------------------------------------------

        ALATT0   VOL0 (ULA**3)  B0 (MBAR)    B0PRIME      E0 (EV)      E0 (RY)
        6.3000    125.02350      1.00000      4.00000    -10.24784     -0.75320
                                                                (=INITIAL GUESS)

 MIN:   3.1500     15.62794      0.01000      0.01000
 MAX:   9.4500    421.95431     10.00000     10.00000
 -------------------------------------------------------------------------------

 FIT BY MURNAGHAN EQUATION EQUATION OF STATE
 -------------------------------------------------------------------------------

 ITER  ALATT0   VOL0(ULA**3)  B0(MBAR)  B0PRIME    E0(EV)  SUM OF SQUARES  IERR

   20  6.2641    122.89873    1.47515   2.93104    -10.25083     0.00000      1
   40  6.2641    122.89873    1.47515   2.93104    -10.25083     0.00000      0
   40  6.2641    122.89873    1.47515   2.93104    -10.25083     0.00000      0
 -------------------------------------------------------------------------------

      ALATT0   VOL0 (ULA**3)   B0(MBAR)      B0PRIME       E0(EV)       E0(RY)

      6.2641     122.89873      1.47515      2.93104    -10.25083     -0.75341
 -------------------------------------------------------------------------------

Alat =      6.26411(Bohr) =      3.31482(A)
 B0  =      1.47515(MBar)   =    147.51502(GPa)
 B0p =      2.93104
 E0  =    -10.25083(EV)     =     -0.75341(Ryd) =     -0.37671(Hartree)
 -------------------------------------------------------------------------------

  alat(A)     alat(bohr)     energy(ev)     energy(Ryd)    P(MBar)     B(MBar)
 -------------------------------------------------------------------------------

   2.11671       4.00000        22.38246       1.64506     25.48081    76.16046
   2.15991       4.08163        18.07669       1.32860     21.25163    63.76455
   2.20310       4.16327        14.33369       1.05350     17.77498    53.57435
   2.24630       4.24490        11.07356       0.81388     14.90595    45.16511
   2.28950       4.32653         8.22907       0.60482     12.52957    38.19985
   2.33270       4.40816         5.74348       0.42213     10.55424    32.41008
   2.37590       4.48980         3.56873       0.26229      8.90664    27.58089
   2.41910       4.57143         1.66401       0.12230      7.52785    23.53960
   2.46229       4.65306        -0.00546      -0.00040      6.37034    20.14688
   2.50549       4.73469        -1.46936      -0.10799      5.39560    17.28989
   2.54869       4.81633        -2.75314      -0.20235      4.57234    14.87688
   2.59189       4.89796        -3.87865      -0.28507      3.87503    12.83301
   2.63509       4.97959        -4.86470      -0.35755      3.28275    11.09702
   2.67828       5.06122        -5.72752      -0.42096      2.77834     9.61857
   2.72148       5.14286        -6.48117      -0.47635      2.34764     8.35619
   2.76468       5.22449        -7.13781      -0.52461      1.97897     7.27560
   2.80788       5.30612        -7.70802      -0.56652      1.66262     6.34835
   2.85108       5.38776        -8.20102      -0.60276      1.39052     5.55083
   2.89428       5.46939        -8.62484      -0.63391      1.15595     4.86330
   2.93747       5.55102        -8.98649      -0.66049      0.95329     4.26928
   2.98067       5.63265        -9.29214      -0.68295      0.77781     3.75496
   3.02387       5.71429        -9.54716      -0.70170      0.62556     3.30870
   3.06707       5.79592        -9.75631      -0.71707      0.49319     2.92071
   3.11027       5.87755        -9.92375      -0.72938      0.37788     2.58272
   3.15346       5.95918       -10.05316      -0.73889      0.27723     2.28773
   3.19666       6.04082       -10.14777      -0.74584      0.18922     2.02977
   3.23986       6.12245       -10.21046      -0.75045      0.11213     1.80379
   3.28306       6.20408       -10.24377      -0.75290      0.04447     1.60548
   3.32626       6.28571       -10.24994      -0.75335     -0.01501     1.43115
   3.36945       6.36735       -10.23096      -0.75195     -0.06738     1.27765
   3.41265       6.44898       -10.18861      -0.74884     -0.11358     1.14225
   3.45585       6.53061       -10.12446      -0.74413     -0.15438     1.02265
   3.49905       6.61224       -10.03991      -0.73791     -0.19049     0.91683
   3.54225       6.69388        -9.93620      -0.73029     -0.22248     0.82306
   3.58545       6.77551        -9.81444      -0.72134     -0.25087     0.73985
   3.62864       6.85714        -9.67564      -0.71114     -0.27610     0.66590
   3.67184       6.93878        -9.52065      -0.69975     -0.29855     0.60009
   3.71504       7.02041        -9.35028      -0.68723     -0.31856     0.54144
   3.75824       7.10204        -9.16523      -0.67363     -0.33642     0.48910
   3.80144       7.18367        -8.96611      -0.65899     -0.35237     0.44234
   3.84463       7.26531        -8.75350      -0.64336     -0.36664     0.40050
   3.88783       7.34694        -8.52789      -0.62678     -0.37943     0.36302
   3.93103       7.42857        -8.28972      -0.60928     -0.39090     0.32941
   3.97423       7.51020        -8.03939      -0.59088     -0.40120     0.29923
   4.01743       7.59184        -7.77725      -0.57161     -0.41045     0.27209
   4.06062       7.67347        -7.50362      -0.55150     -0.41879     0.24767
   4.10382       7.75510        -7.21877      -0.53056     -0.42629     0.22566
   4.14702       7.83673        -6.92295      -0.50882     -0.43307     0.20581
   4.19022       7.91837        -6.61638      -0.48629     -0.43918     0.18789
   4.23342       8.00000        -6.29925      -0.46298     -0.44471     0.17169
