 icrys=  2 alat= 8.50000 ncmp=  1 nspn=  1
 at. # =     56
 conc  = 1.0000
   #              energy(ryd)  press(mbar)   rmsrh
  97             -15760.05661     0.00116   0.42E-13
  97             -15760.05661     0.00116   0.38E-13                            
  97             -15760.05661     0.00116   0.25E-13                            
  97             -15760.05661     0.00116   0.39E-13                            
  96             -15760.05661     0.00116   0.43E-13                            
  95             -15760.05661     0.00116   0.72E-13                            
  94             -15760.05661     0.00116   0.62E-13                            
  93             -15760.05661     0.00116   0.28E-13                            
  92             -15760.05661     0.00116   0.29E-13                            
  91             -15760.05661     0.00116   0.64E-13                            
  90             -15760.05661     0.00116   0.39E-13                            
  89             -15760.05661     0.00116   0.28E-13                            
  88             -15760.05661     0.00116   0.49E-13                            
  87             -15760.05661     0.00116   0.51E-13                            
  86             -15760.05661     0.00116   0.46E-13                            
  85             -15760.05661     0.00116   0.45E-13                            
  84             -15760.05661     0.00116   0.11E-12                            
  83             -15760.05661     0.00116   0.15E-12                            
  82             -15760.05661     0.00116   0.21E-12                            
  81             -15760.05661     0.00116   0.25E-12                            
  80             -15760.05661     0.00116   0.43E-12                            
  79             -15760.05661     0.00116   0.56E-12                            
  78             -15760.05661     0.00116   0.72E-12                            
  77             -15760.05661     0.00116   0.98E-12                            
  76             -15760.05661     0.00116   0.18E-11                            
  75             -15760.05661     0.00116   0.60E-11                            
  74             -15760.05661     0.00116   0.51E-11                            
  73             -15760.05661     0.00116   0.63E-11                            
  72             -15760.05661     0.00116   0.72E-11                            
  71             -15760.05661     0.00116   0.83E-11                            
  70             -15760.05661     0.00116   0.23E-10                            
  69             -15760.05661     0.00116   0.26E-10                            
  68             -15760.05661     0.00116   0.43E-10                            
  67             -15760.05661     0.00116   0.49E-10                            
  66             -15760.05661     0.00116   0.63E-10                            
  65             -15760.05661     0.00116   0.74E-10                            
  64             -15760.05661     0.00116   0.10E-09                            
  63             -15760.05661     0.00116   0.12E-09                            
  62             -15760.05661     0.00116   0.17E-09                            
  61             -15760.05661     0.00116   0.20E-09                            
  60             -15760.05661     0.00116   0.32E-09                            
  59             -15760.05661     0.00116   0.36E-09                            
  58             -15760.05661     0.00116   0.49E-09                            
  57             -15760.05661     0.00116   0.56E-09                            
  56             -15760.05661     0.00116   0.79E-09                            
  55             -15760.05661     0.00116   0.89E-09                            
  54             -15760.05661     0.00116   0.15E-08                            
  53             -15760.05661     0.00116   0.17E-08                            
  52             -15760.05661     0.00116   0.29E-08                            
  51             -15760.05661     0.00116   0.33E-08                            
  50             -15760.05661     0.00116   0.45E-08                            
  49             -15760.05661     0.00116   0.51E-08                            
  48             -15760.05661     0.00116   0.69E-08                            
  47             -15760.05661     0.00116   0.78E-08                            
  46             -15760.05661     0.00116   0.13E-07                            
  45             -15760.05661     0.00116   0.15E-07                            
  44             -15760.05661     0.00116   0.25E-07                            
  43             -15760.05661     0.00116   0.28E-07                            
  42             -15760.05661     0.00116   0.40E-07                            
  41             -15760.05661     0.00116   0.46E-07                            
  40             -15760.05661     0.00116   0.65E-07                            
  39             -15760.05661     0.00116   0.73E-07                            
  38             -15760.05661     0.00116   0.12E-06                            
  37             -15760.05661     0.00116   0.14E-06                            
  36             -15760.05661     0.00115   0.22E-06                            
  35             -15760.05661     0.00115   0.25E-06                            
  34             -15760.05661     0.00116   0.35E-06                            
  33             -15760.05661     0.00116   0.41E-06                            
  32             -15760.05661     0.00115   0.60E-06                            
  31             -15760.05661     0.00115   0.69E-06                            
  30             -15760.05661     0.00117   0.12E-05                            
  29             -15760.05661     0.00117   0.13E-05                            
  28             -15760.05661     0.00118   0.22E-05                            
  27             -15760.05661     0.00116   0.25E-05                            
  26             -15760.05661     0.00115   0.35E-05                            
  25             -15760.05661     0.00117   0.40E-05                            
  24             -15760.05661     0.00121   0.59E-05                            
  23             -15760.05661     0.00119   0.68E-05                            
  22             -15760.05661     0.00096   0.12E-04                            
  21             -15760.05661     0.00094   0.14E-04                            
  20             -15760.05660     0.00127   0.26E-04                            
  19             -15760.05660     0.00128   0.30E-04                            
  18             -15760.05660     0.00074   0.42E-04                            
  17             -15760.05660     0.00053   0.47E-04                            
  16             -15760.05659     0.00130   0.74E-04                            
  15             -15760.05659     0.00161   0.83E-04                            
  14             -15760.05656     0.00075   0.16E-03                            
  13             -15760.05656    -0.00006   0.18E-03                            
  12             -15760.05659    -0.00146   0.33E-03                            
  11             -15760.05659     0.00068   0.39E-03                            
  10             -15760.05655     0.00633   0.55E-03                            
   9             -15760.05656     0.00455   0.68E-03                            
   8             -15760.05672    -0.00078   0.88E-03                            
   7             -15760.05685     0.00462   0.11E-02                            
   6             -15760.05680     0.11503   0.43E-02                            
   5             -15760.05763     0.14203   0.52E-02                            
   4             -15760.06810    -0.43324   0.36E-01                            
