DOS Data: Atom #   1
--------------------------------
Fermi energy:  0.64263088                                   
LIZ Radius:  7.82060100                                     
Num Energy Points:   500                                    
--------------------------------
        Energy           DOS
     -0.400000      0.226553E-01
     -0.397194      0.228096E-01
     -0.394389      0.229660E-01
     -0.391583      0.231244E-01
     -0.388778      0.232848E-01
     -0.385972      0.234473E-01
     -0.383166      0.236119E-01
     -0.380361      0.237787E-01
     -0.377555      0.239477E-01
     -0.374749      0.241190E-01
     -0.371944      0.242927E-01
     -0.369138      0.244686E-01
     -0.366333      0.246470E-01
     -0.363527      0.248279E-01
     -0.360721      0.250113E-01
     -0.357916      0.251973E-01
     -0.355110      0.253859E-01
     -0.352305      0.255772E-01
     -0.349499      0.257713E-01
     -0.346693      0.259682E-01
     -0.343888      0.261680E-01
     -0.341082      0.263707E-01
     -0.338277      0.265765E-01
     -0.335471      0.267854E-01
     -0.332665      0.269974E-01
     -0.329860      0.272127E-01
     -0.327054      0.274314E-01
     -0.324248      0.276535E-01
     -0.321443      0.278791E-01
     -0.318637      0.281083E-01
     -0.315832      0.283413E-01
     -0.313026      0.285780E-01
     -0.310220      0.288187E-01
     -0.307415      0.290633E-01
     -0.304609      0.293121E-01
     -0.301804      0.295652E-01
     -0.298998      0.298226E-01
     -0.296192      0.300845E-01
     -0.293387      0.303511E-01
     -0.290581      0.306224E-01
     -0.287776      0.308987E-01
     -0.284970      0.311801E-01
     -0.282164      0.314667E-01
     -0.279359      0.317587E-01
     -0.276553      0.320563E-01
     -0.273747      0.323597E-01
     -0.270942      0.326691E-01
     -0.268136      0.329846E-01
     -0.265331      0.333066E-01
     -0.262525      0.336352E-01
     -0.259719      0.339708E-01
     -0.256914      0.343135E-01
     -0.254108      0.346636E-01
     -0.251303      0.350215E-01
     -0.248497      0.353874E-01
     -0.245691      0.357617E-01
     -0.242886      0.361448E-01
     -0.240080      0.365370E-01
     -0.237275      0.369387E-01
     -0.234469      0.373504E-01
     -0.231663      0.377726E-01
     -0.228858      0.382057E-01
     -0.226052      0.386504E-01
     -0.223246      0.391072E-01
     -0.220441      0.395767E-01
     -0.217635      0.400597E-01
     -0.214830      0.405570E-01
     -0.212024      0.410693E-01
     -0.209218      0.415976E-01
     -0.206413      0.421430E-01
     -0.203607      0.427065E-01
     -0.200802      0.432894E-01
     -0.197996      0.438930E-01
     -0.195190      0.445190E-01
     -0.192385      0.451691E-01
     -0.189579      0.458453E-01
     -0.186774      0.465497E-01
     -0.183968      0.472851E-01
     -0.181162      0.480543E-01
     -0.178357      0.488608E-01
     -0.175551      0.497086E-01
     -0.172745      0.506025E-01
     -0.169940      0.515480E-01
     -0.167134      0.525522E-01
     -0.164329      0.536232E-01
     -0.161523      0.547714E-01
     -0.158717      0.560097E-01
     -0.155912      0.573548E-01
     -0.153106      0.588285E-01
     -0.150301      0.604597E-01
     -0.147495      0.622888E-01
     -0.144689      0.643732E-01
     -0.141884      0.667988E-01
     -0.139078      0.697008E-01
     -0.136273      0.733070E-01
     -0.133467      0.780390E-01
     -0.130661      0.847783E-01
     -0.127856      0.957101E-01
     -0.125050      0.117306E+00
     -0.122244      0.161915E+00
     -0.119439      0.207524E+00
     -0.116633      0.237758E+00
     -0.113828      0.280521E+00
     -0.111022      0.324036E+00
     -0.108216      0.365985E+00
     -0.105411      0.389617E+00
     -0.102605      0.387324E+00
     -0.099800      0.386579E+00
     -0.096994      0.436439E+00
     -0.094188      0.491037E+00
     -0.091383      0.527989E+00
     -0.088577      0.552149E+00
     -0.085772      0.568487E+00
     -0.082966      0.577454E+00
     -0.080160      0.580600E+00
     -0.077355      0.577968E+00
     -0.074549      0.586868E+00
     -0.071743      0.635552E+00
     -0.068938      0.692117E+00
     -0.066132      0.735146E+00
     -0.063327      0.765201E+00
     -0.060521      0.787383E+00
     -0.057715      0.804429E+00
     -0.054910      0.814029E+00
     -0.052104      0.811976E+00
     -0.049299      0.803868E+00
     -0.046493      0.816226E+00
     -0.043687      0.858126E+00
     -0.040882      0.912294E+00
     -0.038076      0.968160E+00
     -0.035271      0.101776E+01
     -0.032465      0.105612E+01
     -0.029659      0.108352E+01
     -0.026854      0.110772E+01
     -0.024048      0.113853E+01
     -0.021242      0.117551E+01
     -0.018437      0.121569E+01
     -0.015631      0.127065E+01
     -0.012826      0.136907E+01
     -0.010020      0.153283E+01
     -0.007214      0.178442E+01
     -0.004409      0.211600E+01
     -0.001603      0.246590E+01
      0.001202      0.280775E+01
      0.004008      0.313643E+01
      0.006814      0.344587E+01
      0.009619      0.372142E+01
      0.012425      0.394068E+01
      0.015230      0.408809E+01
      0.018036      0.416781E+01
      0.020842      0.419774E+01
      0.023647      0.419736E+01
      0.026453      0.418143E+01
      0.029259      0.415921E+01
      0.032064      0.413557E+01
      0.034870      0.411243E+01
      0.037675      0.408980E+01
      0.040481      0.406657E+01
      0.043287      0.404103E+01
      0.046092      0.401115E+01
      0.048898      0.397481E+01
      0.051703      0.392985E+01
      0.054509      0.387411E+01
      0.057315      0.380542E+01
      0.060120      0.372174E+01
      0.062926      0.362121E+01
      0.065731      0.350234E+01
      0.068537      0.336408E+01
      0.071343      0.320600E+01
      0.074148      0.302893E+01
      0.076954      0.283659E+01
      0.079760      0.263930E+01
      0.082565      0.245859E+01
      0.085371      0.231827E+01
      0.088176      0.220271E+01
      0.090982      0.206874E+01
      0.093788      0.191504E+01
      0.096593      0.175602E+01
      0.099399      0.159084E+01
      0.102204      0.144362E+01
      0.105010      0.133431E+01
      0.107816      0.136422E+01
      0.110621      0.149936E+01
      0.113427      0.159868E+01
      0.116232      0.164012E+01
      0.119038      0.163939E+01
      0.121844      0.162590E+01
      0.124649      0.163654E+01
      0.127455      0.167001E+01
      0.130261      0.169535E+01
      0.133066      0.171508E+01
      0.135872      0.174356E+01
      0.138677      0.176888E+01
      0.141483      0.177141E+01
      0.144289      0.175798E+01
      0.147094      0.176665E+01
      0.149900      0.181068E+01
      0.152705      0.186987E+01
      0.155511      0.193289E+01
      0.158317      0.199573E+01
      0.161122      0.204923E+01
      0.163928      0.209337E+01
      0.166733      0.214789E+01
      0.169539      0.221885E+01
      0.172345      0.228527E+01
      0.175150      0.233212E+01
      0.177956      0.235616E+01
      0.180762      0.236115E+01
      0.183567      0.236267E+01
      0.186373      0.239340E+01
      0.189178      0.246764E+01
      0.191984      0.254976E+01
      0.194790      0.260619E+01
      0.197595      0.262584E+01
      0.200401      0.261101E+01
      0.203206      0.257259E+01
      0.206012      0.253388E+01
      0.208818      0.255639E+01
      0.211623      0.269484E+01
      0.214429      0.288922E+01
      0.217234      0.308040E+01
      0.220040      0.324621E+01
      0.222846      0.337883E+01
      0.225651      0.347744E+01
      0.228457      0.354870E+01
      0.231263      0.360751E+01
      0.234068      0.366818E+01
      0.236874      0.373126E+01
      0.239679      0.378898E+01
      0.242485      0.383805E+01
      0.245291      0.388650E+01
      0.248096      0.395840E+01
      0.250902      0.407952E+01
      0.253707      0.424121E+01
      0.256513      0.441666E+01
      0.259319      0.459135E+01
      0.262124      0.476372E+01
      0.264930      0.494733E+01
      0.267735      0.516930E+01
      0.270541      0.544383E+01
      0.273347      0.575755E+01
      0.276152      0.608987E+01
      0.278958      0.642804E+01
      0.281764      0.676754E+01
      0.284569      0.710661E+01
      0.287375      0.744506E+01
      0.290180      0.779027E+01
      0.292986      0.816381E+01
      0.295792      0.859836E+01
      0.298597      0.912076E+01
      0.301403      0.973855E+01
      0.304208      0.104465E+02
      0.307014      0.112383E+02
      0.309820      0.121116E+02
      0.312625      0.130647E+02
      0.315431      0.140915E+02
      0.318236      0.151792E+02
      0.321042      0.163119E+02
      0.323848      0.174759E+02
      0.326653      0.186606E+02
      0.329459      0.198563E+02
      0.332265      0.210535E+02
      0.335070      0.222440E+02
      0.337876      0.234251E+02
      0.340681      0.246025E+02
      0.343487      0.257897E+02
      0.346293      0.270065E+02
      0.349098      0.282769E+02
      0.351904      0.296324E+02
      0.354709      0.311178E+02
      0.357515      0.327961E+02
      0.360321      0.347458E+02
      0.363126      0.370443E+02
      0.365932      0.397328E+02
      0.368737      0.427623E+02
      0.371543      0.459461E+02
      0.374349      0.490001E+02
      0.377154      0.516756E+02
      0.379960      0.538474E+02
      0.382766      0.554982E+02
      0.385571      0.566656E+02
      0.388377      0.574060E+02
      0.391182      0.577789E+02
      0.393988      0.578431E+02
      0.396794      0.576583E+02
      0.399599      0.572861E+02
      0.402405      0.567890E+02
      0.405210      0.562270E+02
      0.408016      0.556537E+02
      0.410822      0.551143E+02
      0.413627      0.546442E+02
      0.416433      0.542714E+02
      0.419238      0.540172E+02
      0.422044      0.538997E+02
      0.424850      0.539343E+02
      0.427655      0.541358E+02
      0.430461      0.545181E+02
      0.433267      0.550954E+02
      0.436072      0.558813E+02
      0.438878      0.568891E+02
      0.441683      0.581301E+02
      0.444489      0.596129E+02
      0.447295      0.613414E+02
      0.450100      0.633116E+02
      0.452906      0.655057E+02
      0.455711      0.678800E+02
      0.458517      0.703438E+02
      0.461323      0.727268E+02
      0.464128      0.747248E+02
      0.466934      0.758129E+02
      0.469739      0.751564E+02
      0.472545      0.718016E+02
      0.475351      0.656253E+02
      0.478156      0.579703E+02
      0.480962      0.503317E+02
      0.483768      0.434021E+02
      0.486573      0.372620E+02
      0.489379      0.318795E+02
      0.492184      0.273560E+02
      0.494990      0.236535E+02
      0.497796      0.206439E+02
      0.500601      0.182470E+02
      0.503407      0.164909E+02
      0.506212      0.152790E+02
      0.509018      0.143805E+02
      0.511824      0.136230E+02
      0.514629      0.129759E+02
      0.517435      0.124812E+02
      0.520240      0.120597E+02
      0.523046      0.115486E+02
      0.525852      0.108599E+02
      0.528657      0.100309E+02
      0.531463      0.919652E+01
      0.534269      0.848393E+01
      0.537074      0.798521E+01
      0.539880      0.778108E+01
      0.542685      0.782755E+01
      0.545491      0.794608E+01
      0.548297      0.802296E+01
      0.551102      0.803854E+01
      0.553908      0.800223E+01
      0.556713      0.791408E+01
      0.559519      0.776651E+01
      0.562325      0.756269E+01
      0.565130      0.732974E+01
      0.567936      0.709334E+01
      0.570741      0.685353E+01
      0.573547      0.662246E+01
      0.576353      0.644100E+01
      0.579158      0.632997E+01
      0.581964      0.627334E+01
      0.584770      0.622237E+01
      0.587575      0.610439E+01
      0.590381      0.586645E+01
      0.593186      0.550878E+01
      0.595992      0.510345E+01
      0.598798      0.473469E+01
      0.601603      0.441820E+01
      0.604409      0.414129E+01
      0.607214      0.400427E+01
      0.610020      0.408212E+01
      0.612826      0.434275E+01
      0.615631      0.470343E+01
      0.618437      0.504629E+01
      0.621242      0.533218E+01
      0.624048      0.555153E+01
      0.626854      0.570058E+01
      0.629659      0.577336E+01
      0.632465      0.576002E+01
      0.635271      0.564970E+01
      0.638076      0.543017E+01
      0.640882      0.508276E+01
      0.643687      0.458887E+01
      0.646493      0.400519E+01
      0.649299      0.361324E+01
      0.652104      0.349727E+01
      0.654910      0.345824E+01
      0.657715      0.347019E+01
      0.660521      0.352912E+01
      0.663327      0.359077E+01
      0.666132      0.366058E+01
      0.668938      0.371894E+01
      0.671743      0.369076E+01
      0.674549      0.355955E+01
      0.677355      0.339341E+01
      0.680160      0.327897E+01
      0.682966      0.322259E+01
      0.685772      0.315218E+01
      0.688577      0.301237E+01
      0.691383      0.285916E+01
      0.694188      0.281530E+01
      0.696994      0.282862E+01
      0.699800      0.292967E+01
      0.702605      0.315450E+01
      0.705411      0.336007E+01
      0.708216      0.351088E+01
      0.711022      0.362977E+01
      0.713828      0.371623E+01
      0.716633      0.376511E+01
      0.719439      0.378363E+01
      0.722244      0.375342E+01
      0.725050      0.362785E+01
      0.727856      0.337688E+01
      0.730661      0.302556E+01
      0.733467      0.267359E+01
      0.736273      0.240012E+01
      0.739078      0.218206E+01
      0.741884      0.199513E+01
      0.744689      0.197977E+01
      0.747495      0.215454E+01
      0.750301      0.226510E+01
      0.753106      0.226801E+01
      0.755912      0.219274E+01
      0.758717      0.210636E+01
      0.761523      0.202950E+01
      0.764329      0.207660E+01
      0.767134      0.218502E+01
      0.769940      0.216763E+01
      0.772745      0.199363E+01
      0.775551      0.182286E+01
      0.778357      0.201534E+01
      0.781162      0.233462E+01
      0.783968      0.256243E+01
      0.786774      0.265760E+01
      0.789579      0.262418E+01
      0.792385      0.255403E+01
      0.795190      0.263414E+01
      0.797996      0.288645E+01
      0.800802      0.316445E+01
      0.803607      0.336587E+01
      0.806413      0.347248E+01
      0.809218      0.350885E+01
      0.812024      0.350595E+01
      0.814830      0.347751E+01
      0.817635      0.343590E+01
      0.820441      0.340847E+01
      0.823246      0.342539E+01
      0.826052      0.348415E+01
      0.828858      0.354977E+01
      0.831663      0.359812E+01
      0.834469      0.363521E+01
      0.837275      0.368716E+01
      0.840080      0.377068E+01
      0.842886      0.386151E+01
      0.845691      0.391844E+01
      0.848497      0.392825E+01
      0.851303      0.391310E+01
      0.854108      0.391121E+01
      0.856914      0.393740E+01
      0.859719      0.397456E+01
      0.862525      0.400761E+01
      0.865331      0.404182E+01
      0.868136      0.408740E+01
      0.870942      0.413923E+01
      0.873747      0.419491E+01
      0.876553      0.425876E+01
      0.879359      0.431178E+01
      0.882164      0.433049E+01
      0.884970      0.432101E+01
      0.887776      0.430979E+01
      0.890581      0.431532E+01
      0.893387      0.434110E+01
      0.896192      0.437683E+01
      0.898998      0.440054E+01
      0.901804      0.439706E+01
      0.904609      0.437504E+01
      0.907415      0.436004E+01
      0.910220      0.436972E+01
      0.913026      0.440425E+01
      0.915832      0.445928E+01
      0.918637      0.452878E+01
      0.921443      0.460371E+01
      0.924248      0.467172E+01
      0.927054      0.471705E+01
      0.929860      0.472688E+01
      0.932665      0.470070E+01
      0.935471      0.465518E+01
      0.938277      0.461639E+01
      0.941082      0.459807E+01
      0.943888      0.459113E+01
      0.946693      0.457429E+01
      0.949499      0.453185E+01
      0.952305      0.446494E+01
      0.955110      0.438922E+01
      0.957916      0.432915E+01
      0.960721      0.430264E+01
      0.963527      0.429641E+01
      0.966333      0.428422E+01
      0.969138      0.425746E+01
      0.971944      0.422722E+01
      0.974749      0.420921E+01
      0.977555      0.420687E+01
      0.980361      0.421395E+01
      0.983166      0.422407E+01
      0.985972      0.423435E+01
      0.988778      0.424599E+01
      0.991583      0.426456E+01
      0.994389      0.429845E+01
      0.997194      0.435397E+01
      1.000000      0.443299E+01
