SS_DOS Data: Atom #   1
--------------------------------
Fermi energy:  0.64263088                                   
LIZ Radius:  7.82060100                                     
Num Energy Points:   500                                    
--------------------------------
        Energy           DOS
     -0.400000      0.000000E+00
     -0.397194      0.000000E+00
     -0.394389      0.000000E+00
     -0.391583      0.000000E+00
     -0.388778      0.000000E+00
     -0.385972      0.000000E+00
     -0.383166      0.000000E+00
     -0.380361      0.000000E+00
     -0.377555      0.000000E+00
     -0.374749      0.000000E+00
     -0.371944      0.000000E+00
     -0.369138      0.000000E+00
     -0.366333      0.000000E+00
     -0.363527      0.000000E+00
     -0.360721      0.000000E+00
     -0.357916      0.000000E+00
     -0.355110      0.000000E+00
     -0.352305      0.000000E+00
     -0.349499      0.000000E+00
     -0.346693      0.000000E+00
     -0.343888      0.000000E+00
     -0.341082      0.000000E+00
     -0.338277      0.000000E+00
     -0.335471      0.000000E+00
     -0.332665      0.000000E+00
     -0.329860      0.000000E+00
     -0.327054      0.000000E+00
     -0.324248      0.000000E+00
     -0.321443      0.000000E+00
     -0.318637      0.000000E+00
     -0.315832      0.000000E+00
     -0.313026      0.000000E+00
     -0.310220      0.000000E+00
     -0.307415      0.000000E+00
     -0.304609      0.000000E+00
     -0.301804      0.000000E+00
     -0.298998      0.000000E+00
     -0.296192      0.000000E+00
     -0.293387      0.000000E+00
     -0.290581      0.000000E+00
     -0.287776      0.000000E+00
     -0.284970      0.000000E+00
     -0.282164      0.000000E+00
     -0.279359      0.000000E+00
     -0.276553      0.000000E+00
     -0.273747      0.000000E+00
     -0.270942      0.000000E+00
     -0.268136      0.000000E+00
     -0.265331      0.000000E+00
     -0.262525      0.000000E+00
     -0.259719      0.000000E+00
     -0.256914      0.000000E+00
     -0.254108      0.000000E+00
     -0.251303      0.000000E+00
     -0.248497      0.000000E+00
     -0.245691      0.000000E+00
     -0.242886      0.000000E+00
     -0.240080      0.000000E+00
     -0.237275      0.000000E+00
     -0.234469      0.000000E+00
     -0.231663      0.000000E+00
     -0.228858      0.000000E+00
     -0.226052      0.000000E+00
     -0.223246      0.000000E+00
     -0.220441      0.000000E+00
     -0.217635      0.000000E+00
     -0.214830      0.000000E+00
     -0.212024      0.000000E+00
     -0.209218      0.000000E+00
     -0.206413      0.000000E+00
     -0.203607      0.000000E+00
     -0.200802      0.000000E+00
     -0.197996      0.000000E+00
     -0.195190      0.000000E+00
     -0.192385      0.000000E+00
     -0.189579      0.000000E+00
     -0.186774      0.000000E+00
     -0.183968      0.000000E+00
     -0.181162      0.000000E+00
     -0.178357      0.000000E+00
     -0.175551      0.000000E+00
     -0.172745      0.000000E+00
     -0.169940      0.000000E+00
     -0.167134      0.000000E+00
     -0.164329      0.000000E+00
     -0.161523      0.000000E+00
     -0.158717      0.000000E+00
     -0.155912      0.000000E+00
     -0.153106      0.000000E+00
     -0.150301      0.000000E+00
     -0.147495      0.000000E+00
     -0.144689      0.000000E+00
     -0.141884      0.000000E+00
     -0.139078      0.000000E+00
     -0.136273      0.000000E+00
     -0.133467      0.000000E+00
     -0.130661      0.000000E+00
     -0.127856      0.000000E+00
     -0.125050      0.000000E+00
     -0.122244      0.000000E+00
     -0.119439      0.000000E+00
     -0.116633      0.000000E+00
     -0.113828      0.000000E+00
     -0.111022      0.000000E+00
     -0.108216      0.000000E+00
     -0.105411      0.000000E+00
     -0.102605      0.000000E+00
     -0.099800      0.000000E+00
     -0.096994      0.000000E+00
     -0.094188      0.000000E+00
     -0.091383      0.000000E+00
     -0.088577      0.000000E+00
     -0.085772      0.000000E+00
     -0.082966      0.000000E+00
     -0.080160      0.000000E+00
     -0.077355      0.000000E+00
     -0.074549      0.000000E+00
     -0.071743      0.000000E+00
     -0.068938      0.000000E+00
     -0.066132      0.000000E+00
     -0.063327      0.000000E+00
     -0.060521      0.000000E+00
     -0.057715      0.000000E+00
     -0.054910      0.000000E+00
     -0.052104      0.000000E+00
     -0.049299      0.000000E+00
     -0.046493      0.000000E+00
     -0.043687      0.000000E+00
     -0.040882      0.000000E+00
     -0.038076      0.000000E+00
     -0.035271      0.000000E+00
     -0.032465      0.000000E+00
     -0.029659      0.000000E+00
     -0.026854      0.000000E+00
     -0.024048      0.000000E+00
     -0.021242      0.000000E+00
     -0.018437      0.000000E+00
     -0.015631      0.000000E+00
     -0.012826      0.000000E+00
     -0.010020      0.000000E+00
     -0.007214      0.000000E+00
     -0.004409      0.000000E+00
     -0.001603      0.000000E+00
      0.001202      0.595407E+00
      0.004008      0.104582E+01
      0.006814      0.131434E+01
      0.009619      0.150820E+01
      0.012425      0.165884E+01
      0.015230      0.178153E+01
      0.018036      0.188571E+01
      0.020842      0.197844E+01
      0.023647      0.206617E+01
      0.026453      0.215621E+01
      0.029259      0.225867E+01
      0.032064      0.238998E+01
      0.034870      0.258071E+01
      0.037675      0.289527E+01
      0.040481      0.349007E+01
      0.043287      0.482648E+01
      0.046092      0.875914E+01
      0.048898      0.292441E+02
      0.051703      0.280145E+04
      0.054509      0.570584E+02
      0.057315      0.160347E+02
      0.060120      0.892016E+01
      0.062926      0.640516E+01
      0.065731      0.520984E+01
      0.068537      0.453978E+01
      0.071343      0.412232E+01
      0.074148      0.384241E+01
      0.076954      0.364433E+01
      0.079760      0.349825E+01
      0.082565      0.338695E+01
      0.085371      0.329991E+01
      0.088176      0.323035E+01
      0.090982      0.317376E+01
      0.093788      0.312704E+01
      0.096593      0.308797E+01
      0.099399      0.305494E+01
      0.102204      0.302679E+01
      0.105010      0.300259E+01
      0.107816      0.298168E+01
      0.110621      0.296350E+01
      0.113427      0.294764E+01
      0.116232      0.293376E+01
      0.119038      0.292159E+01
      0.121844      0.291091E+01
      0.124649      0.290153E+01
      0.127455      0.289331E+01
      0.130261      0.288611E+01
      0.133066      0.287983E+01
      0.135872      0.287439E+01
      0.138677      0.286969E+01
      0.141483      0.286569E+01
      0.144289      0.286231E+01
      0.147094      0.285952E+01
      0.149900      0.285726E+01
      0.152705      0.285550E+01
      0.155511      0.285421E+01
      0.158317      0.285335E+01
      0.161122      0.285290E+01
      0.163928      0.285284E+01
      0.166733      0.285314E+01
      0.169539      0.285378E+01
      0.172345      0.285475E+01
      0.175150      0.285603E+01
      0.177956      0.285761E+01
      0.180762      0.285947E+01
      0.183567      0.286160E+01
      0.186373      0.286398E+01
      0.189178      0.286662E+01
      0.191984      0.286949E+01
      0.194790      0.287259E+01
      0.197595      0.287591E+01
      0.200401      0.287944E+01
      0.203206      0.288317E+01
      0.206012      0.288710E+01
      0.208818      0.289121E+01
      0.211623      0.289551E+01
      0.214429      0.289999E+01
      0.217234      0.290464E+01
      0.220040      0.290945E+01
      0.222846      0.291442E+01
      0.225651      0.291954E+01
      0.228457      0.292482E+01
      0.231263      0.293024E+01
      0.234068      0.293579E+01
      0.236874      0.294148E+01
      0.239679      0.294730E+01
      0.242485      0.295325E+01
      0.245291      0.295932E+01
      0.248096      0.296551E+01
      0.250902      0.297182E+01
      0.253707      0.297823E+01
      0.256513      0.298475E+01
      0.259319      0.299137E+01
      0.262124      0.299810E+01
      0.264930      0.300492E+01
      0.267735      0.301184E+01
      0.270541      0.301884E+01
      0.273347      0.302593E+01
      0.276152      0.303311E+01
      0.278958      0.304037E+01
      0.281764      0.304771E+01
      0.284569      0.305512E+01
      0.287375      0.306260E+01
      0.290180      0.307016E+01
      0.292986      0.307778E+01
      0.295792      0.308547E+01
      0.298597      0.309322E+01
      0.301403      0.310103E+01
      0.304208      0.310890E+01
      0.307014      0.311682E+01
      0.309820      0.312480E+01
      0.312625      0.313283E+01
      0.315431      0.314090E+01
      0.318236      0.314902E+01
      0.321042      0.315719E+01
      0.323848      0.316540E+01
      0.326653      0.317364E+01
      0.329459      0.318193E+01
      0.332265      0.319025E+01
      0.335070      0.319860E+01
      0.337876      0.320699E+01
      0.340681      0.321540E+01
      0.343487      0.322385E+01
      0.346293      0.323232E+01
      0.349098      0.324081E+01
      0.351904      0.324933E+01
      0.354709      0.325787E+01
      0.357515      0.326643E+01
      0.360321      0.327500E+01
      0.363126      0.328360E+01
      0.365932      0.329220E+01
      0.368737      0.330082E+01
      0.371543      0.330946E+01
      0.374349      0.331810E+01
      0.377154      0.332675E+01
      0.379960      0.333541E+01
      0.382766      0.334407E+01
      0.385571      0.335274E+01
      0.388377      0.336141E+01
      0.391182      0.337008E+01
      0.393988      0.337876E+01
      0.396794      0.338743E+01
      0.399599      0.339610E+01
      0.402405      0.340477E+01
      0.405210      0.341343E+01
      0.408016      0.342209E+01
      0.410822      0.343074E+01
      0.413627      0.343939E+01
      0.416433      0.344802E+01
      0.419238      0.345665E+01
      0.422044      0.346526E+01
      0.424850      0.347386E+01
      0.427655      0.348245E+01
      0.430461      0.349103E+01
      0.433267      0.349959E+01
      0.436072      0.350814E+01
      0.438878      0.351666E+01
      0.441683      0.352518E+01
      0.444489      0.353367E+01
      0.447295      0.354214E+01
      0.450100      0.355059E+01
      0.452906      0.355903E+01
      0.455711      0.356744E+01
      0.458517      0.357583E+01
      0.461323      0.358419E+01
      0.464128      0.359254E+01
      0.466934      0.360085E+01
      0.469739      0.360915E+01
      0.472545      0.361741E+01
      0.475351      0.362565E+01
      0.478156      0.363387E+01
      0.480962      0.364205E+01
      0.483768      0.365021E+01
      0.486573      0.365834E+01
      0.489379      0.366644E+01
      0.492184      0.367451E+01
      0.494990      0.368255E+01
      0.497796      0.369056E+01
      0.500601      0.369853E+01
      0.503407      0.370648E+01
      0.506212      0.371439E+01
      0.509018      0.372228E+01
      0.511824      0.373012E+01
      0.514629      0.373794E+01
      0.517435      0.374572E+01
      0.520240      0.375347E+01
      0.523046      0.376118E+01
      0.525852      0.376886E+01
      0.528657      0.377650E+01
      0.531463      0.378411E+01
      0.534269      0.379168E+01
      0.537074      0.379921E+01
      0.539880      0.380671E+01
      0.542685      0.381417E+01
      0.545491      0.382160E+01
      0.548297      0.382899E+01
      0.551102      0.383634E+01
      0.553908      0.384365E+01
      0.556713      0.385093E+01
      0.559519      0.385817E+01
      0.562325      0.386537E+01
      0.565130      0.387253E+01
      0.567936      0.387965E+01
      0.570741      0.388674E+01
      0.573547      0.389379E+01
      0.576353      0.390079E+01
      0.579158      0.390776E+01
      0.581964      0.391469E+01
      0.584770      0.392159E+01
      0.587575      0.392844E+01
      0.590381      0.393525E+01
      0.593186      0.394203E+01
      0.595992      0.394876E+01
      0.598798      0.395546E+01
      0.601603      0.396212E+01
      0.604409      0.396874E+01
      0.607214      0.397532E+01
      0.610020      0.398186E+01
      0.612826      0.398836E+01
      0.615631      0.399482E+01
      0.618437      0.400124E+01
      0.621242      0.400762E+01
      0.624048      0.401397E+01
      0.626854      0.402027E+01
      0.629659      0.402654E+01
      0.632465      0.403277E+01
      0.635271      0.403896E+01
      0.638076      0.404511E+01
      0.640882      0.405122E+01
      0.643687      0.405729E+01
      0.646493      0.406333E+01
      0.649299      0.406933E+01
      0.652104      0.407529E+01
      0.654910      0.408121E+01
      0.657715      0.408709E+01
      0.660521      0.409293E+01
      0.663327      0.409874E+01
      0.666132      0.410451E+01
      0.668938      0.411024E+01
      0.671743      0.411594E+01
      0.674549      0.412160E+01
      0.677355      0.412722E+01
      0.680160      0.413280E+01
      0.682966      0.413835E+01
      0.685772      0.414386E+01
      0.688577      0.414934E+01
      0.691383      0.415478E+01
      0.694188      0.416019E+01
      0.696994      0.416555E+01
      0.699800      0.417089E+01
      0.702605      0.417619E+01
      0.705411      0.418145E+01
      0.708216      0.418668E+01
      0.711022      0.419187E+01
      0.713828      0.419703E+01
      0.716633      0.420216E+01
      0.719439      0.420725E+01
      0.722244      0.421231E+01
      0.725050      0.421733E+01
      0.727856      0.422232E+01
      0.730661      0.422728E+01
      0.733467      0.423221E+01
      0.736273      0.423710E+01
      0.739078      0.424196E+01
      0.741884      0.424679E+01
      0.744689      0.425159E+01
      0.747495      0.425636E+01
      0.750301      0.426109E+01
      0.753106      0.426580E+01
      0.755912      0.427047E+01
      0.758717      0.427511E+01
      0.761523      0.427973E+01
      0.764329      0.428431E+01
      0.767134      0.428886E+01
      0.769940      0.429339E+01
      0.772745      0.429788E+01
      0.775551      0.430235E+01
      0.778357      0.430679E+01
      0.781162      0.431120E+01
      0.783968      0.431558E+01
      0.786774      0.431993E+01
      0.789579      0.432426E+01
      0.792385      0.432856E+01
      0.795190      0.433283E+01
      0.797996      0.433707E+01
      0.800802      0.434129E+01
      0.803607      0.434549E+01
      0.806413      0.434965E+01
      0.809218      0.435379E+01
      0.812024      0.435791E+01
      0.814830      0.436200E+01
      0.817635      0.436607E+01
      0.820441      0.437011E+01
      0.823246      0.437413E+01
      0.826052      0.437812E+01
      0.828858      0.438209E+01
      0.831663      0.438604E+01
      0.834469      0.438996E+01
      0.837275      0.439386E+01
      0.840080      0.439774E+01
      0.842886      0.440160E+01
      0.845691      0.440543E+01
      0.848497      0.440925E+01
      0.851303      0.441304E+01
      0.854108      0.441681E+01
      0.856914      0.442056E+01
      0.859719      0.442429E+01
      0.862525      0.442800E+01
      0.865331      0.443168E+01
      0.868136      0.443535E+01
      0.870942      0.443900E+01
      0.873747      0.444263E+01
      0.876553      0.444624E+01
      0.879359      0.444984E+01
      0.882164      0.445341E+01
      0.884970      0.445697E+01
      0.887776      0.446050E+01
      0.890581      0.446402E+01
      0.893387      0.446753E+01
      0.896192      0.447101E+01
      0.898998      0.447448E+01
      0.901804      0.447794E+01
      0.904609      0.448137E+01
      0.907415      0.448479E+01
      0.910220      0.448820E+01
      0.913026      0.449159E+01
      0.915832      0.449496E+01
      0.918637      0.449832E+01
      0.921443      0.450166E+01
      0.924248      0.450499E+01
      0.927054      0.450831E+01
      0.929860      0.451161E+01
      0.932665      0.451490E+01
      0.935471      0.451817E+01
      0.938277      0.452143E+01
      0.941082      0.452468E+01
      0.943888      0.452792E+01
      0.946693      0.453114E+01
      0.949499      0.453435E+01
      0.952305      0.453755E+01
      0.955110      0.454073E+01
      0.957916      0.454391E+01
      0.960721      0.454707E+01
      0.963527      0.455022E+01
      0.966333      0.455337E+01
      0.969138      0.455650E+01
      0.971944      0.455962E+01
      0.974749      0.456273E+01
      0.977555      0.456583E+01
      0.980361      0.456892E+01
      0.983166      0.457200E+01
      0.985972      0.457507E+01
      0.988778      0.457813E+01
      0.991583      0.458119E+01
      0.994389      0.458423E+01
      0.997194      0.458727E+01
      1.000000      0.459030E+01
