Atomic site index   :    1
Atomic species name : Ta              
----------------------------------------------------
Fermi energy      :  0.54710651                             
Species index     :  3                                      
Num Energy Points :   300                                   
----------------------------------------------------
    Energy     DOS_total        DOS_up      DOS_down
 -0.400000  0.362542E-01  0.181271E-01  0.181271E-01
 -0.395318  0.362217E-01  0.181109E-01  0.181109E-01
 -0.390635  0.361938E-01  0.180969E-01  0.180969E-01
 -0.385953  0.361704E-01  0.180852E-01  0.180852E-01
 -0.381271  0.361515E-01  0.180758E-01  0.180758E-01
 -0.376589  0.361372E-01  0.180686E-01  0.180686E-01
 -0.371906  0.361275E-01  0.180638E-01  0.180638E-01
 -0.367224  0.361224E-01  0.180612E-01  0.180612E-01
 -0.362542  0.361218E-01  0.180609E-01  0.180609E-01
 -0.357860  0.361259E-01  0.180629E-01  0.180629E-01
 -0.353177  0.361345E-01  0.180673E-01  0.180673E-01
 -0.348495  0.361478E-01  0.180739E-01  0.180739E-01
 -0.343813  0.361658E-01  0.180829E-01  0.180829E-01
 -0.339130  0.361884E-01  0.180942E-01  0.180942E-01
 -0.334448  0.362157E-01  0.181079E-01  0.181079E-01
 -0.329766  0.362478E-01  0.181239E-01  0.181239E-01
 -0.325084  0.362846E-01  0.181423E-01  0.181423E-01
 -0.320401  0.363262E-01  0.181631E-01  0.181631E-01
 -0.315719  0.363727E-01  0.181864E-01  0.181864E-01
 -0.311037  0.364241E-01  0.182120E-01  0.182120E-01
 -0.306355  0.364804E-01  0.182402E-01  0.182402E-01
 -0.301672  0.365416E-01  0.182708E-01  0.182708E-01
 -0.296990  0.366079E-01  0.183040E-01  0.183040E-01
 -0.292308  0.366793E-01  0.183397E-01  0.183397E-01
 -0.287625  0.367558E-01  0.183779E-01  0.183779E-01
 -0.282943  0.368376E-01  0.184188E-01  0.184188E-01
 -0.278261  0.369246E-01  0.184623E-01  0.184623E-01
 -0.273579  0.370169E-01  0.185085E-01  0.185085E-01
 -0.268896  0.371146E-01  0.185573E-01  0.185573E-01
 -0.264214  0.372179E-01  0.186089E-01  0.186089E-01
 -0.259532  0.373267E-01  0.186633E-01  0.186633E-01
 -0.254849  0.374411E-01  0.187206E-01  0.187206E-01
 -0.250167  0.375613E-01  0.187807E-01  0.187807E-01
 -0.245485  0.376874E-01  0.188437E-01  0.188437E-01
 -0.240803  0.378194E-01  0.189097E-01  0.189097E-01
 -0.236120  0.379574E-01  0.189787E-01  0.189787E-01
 -0.231438  0.381016E-01  0.190508E-01  0.190508E-01
 -0.226756  0.382520E-01  0.191260E-01  0.191260E-01
 -0.222074  0.384089E-01  0.192044E-01  0.192044E-01
 -0.217391  0.385722E-01  0.192861E-01  0.192861E-01
 -0.212709  0.387423E-01  0.193711E-01  0.193711E-01
 -0.208027  0.389191E-01  0.194595E-01  0.194595E-01
 -0.203344  0.391028E-01  0.195514E-01  0.195514E-01
 -0.198662  0.392937E-01  0.196468E-01  0.196468E-01
 -0.193980  0.394918E-01  0.197459E-01  0.197459E-01
 -0.189298  0.396973E-01  0.198486E-01  0.198486E-01
 -0.184615  0.399104E-01  0.199552E-01  0.199552E-01
 -0.179933  0.401313E-01  0.200656E-01  0.200656E-01
 -0.175251  0.403602E-01  0.201801E-01  0.201801E-01
 -0.170569  0.405972E-01  0.202986E-01  0.202986E-01
 -0.165886  0.408427E-01  0.204213E-01  0.204213E-01
 -0.161204  0.410968E-01  0.205484E-01  0.205484E-01
 -0.156522  0.413597E-01  0.206798E-01  0.206798E-01
 -0.151839  0.416317E-01  0.208159E-01  0.208159E-01
 -0.147157  0.419131E-01  0.209566E-01  0.209566E-01
 -0.142475  0.422041E-01  0.211021E-01  0.211021E-01
 -0.137793  0.425051E-01  0.212525E-01  0.212525E-01
 -0.133110  0.428162E-01  0.214081E-01  0.214081E-01
 -0.128428  0.431379E-01  0.215690E-01  0.215690E-01
 -0.123746  0.434705E-01  0.217352E-01  0.217352E-01
 -0.119064  0.438142E-01  0.219071E-01  0.219071E-01
 -0.114381  0.441696E-01  0.220848E-01  0.220848E-01
 -0.109699  0.445369E-01  0.222684E-01  0.222684E-01
 -0.105017  0.449165E-01  0.224583E-01  0.224583E-01
 -0.100334  0.453090E-01  0.226545E-01  0.226545E-01
 -0.095652  0.457147E-01  0.228573E-01  0.228573E-01
 -0.090970  0.461341E-01  0.230671E-01  0.230671E-01
 -0.086288  0.465678E-01  0.232839E-01  0.232839E-01
 -0.081605  0.470162E-01  0.235081E-01  0.235081E-01
 -0.076923  0.474799E-01  0.237399E-01  0.237399E-01
 -0.072241  0.479595E-01  0.239798E-01  0.239798E-01
 -0.067559  0.484557E-01  0.242279E-01  0.242279E-01
 -0.062876  0.489691E-01  0.244846E-01  0.244846E-01
 -0.058194  0.495004E-01  0.247502E-01  0.247502E-01
 -0.053512  0.500504E-01  0.250252E-01  0.250252E-01
 -0.048829  0.506199E-01  0.253100E-01  0.253100E-01
 -0.044147  0.512097E-01  0.256049E-01  0.256049E-01
 -0.039465  0.518207E-01  0.259104E-01  0.259104E-01
 -0.034783  0.524540E-01  0.262270E-01  0.262270E-01
 -0.030100  0.531105E-01  0.265552E-01  0.265552E-01
 -0.025418  0.537913E-01  0.268956E-01  0.268956E-01
 -0.020736  0.544976E-01  0.272488E-01  0.272488E-01
 -0.016054  0.552308E-01  0.276154E-01  0.276154E-01
 -0.011371  0.559921E-01  0.279960E-01  0.279960E-01
 -0.006689  0.567830E-01  0.283915E-01  0.283915E-01
 -0.002007  0.576052E-01  0.288026E-01  0.288026E-01
  0.002676  0.584603E-01  0.292301E-01  0.292301E-01
  0.007358  0.593502E-01  0.296751E-01  0.296751E-01
  0.012040  0.602769E-01  0.301384E-01  0.301384E-01
  0.016722  0.612425E-01  0.306213E-01  0.306213E-01
  0.021405  0.622495E-01  0.311248E-01  0.311248E-01
  0.026087  0.633005E-01  0.316502E-01  0.316502E-01
  0.030769  0.643982E-01  0.321991E-01  0.321991E-01
  0.035452  0.655459E-01  0.327730E-01  0.327730E-01
  0.040134  0.667470E-01  0.333735E-01  0.333735E-01
  0.044816  0.680053E-01  0.340027E-01  0.340027E-01
  0.049498  0.693251E-01  0.346626E-01  0.346626E-01
  0.054181  0.707104E-01  0.353552E-01  0.353552E-01
  0.058863  0.721680E-01  0.360840E-01  0.360840E-01
  0.063545  0.737033E-01  0.368516E-01  0.368516E-01
  0.068227  0.753230E-01  0.376615E-01  0.376615E-01
  0.072910  0.770352E-01  0.385176E-01  0.385176E-01
  0.077592  0.788489E-01  0.394244E-01  0.394244E-01
  0.082274  0.807746E-01  0.403873E-01  0.403873E-01
  0.086957  0.828247E-01  0.414124E-01  0.414124E-01
  0.091639  0.850141E-01  0.425071E-01  0.425071E-01
  0.096321  0.873605E-01  0.436803E-01  0.436803E-01
  0.101003  0.898857E-01  0.449429E-01  0.449429E-01
  0.105686  0.926167E-01  0.463083E-01  0.463083E-01
  0.110368  0.955878E-01  0.477939E-01  0.477939E-01
  0.115050  0.988437E-01  0.494218E-01  0.494218E-01
  0.119732  0.102444E+00  0.512220E-01  0.512220E-01
  0.124415  0.106471E+00  0.532356E-01  0.532356E-01
  0.129097  0.111044E+00  0.555221E-01  0.555221E-01
  0.133779  0.116344E+00  0.581722E-01  0.581722E-01
  0.138462  0.122665E+00  0.613326E-01  0.613326E-01
  0.143144  0.130530E+00  0.652649E-01  0.652649E-01
  0.147826  0.140993E+00  0.704964E-01  0.704964E-01
  0.152508  0.156628E+00  0.783141E-01  0.783141E-01
  0.157191  0.186012E+00  0.930061E-01  0.930061E-01
  0.161873  0.275063E+00  0.137531E+00  0.137531E+00
  0.166555  0.404796E+00  0.202398E+00  0.202398E+00
  0.171237  0.554269E+00  0.277135E+00  0.277135E+00
  0.175920  0.795187E+00  0.397594E+00  0.397594E+00
  0.180602  0.649109E+00  0.324555E+00  0.324555E+00
  0.185284  0.648931E+00  0.324465E+00  0.324465E+00
  0.189967  0.116191E+01  0.580956E+00  0.580956E+00
  0.194649  0.114305E+01  0.571524E+00  0.571524E+00
  0.199331  0.107838E+01  0.539191E+00  0.539191E+00
  0.204013  0.903339E+00  0.451670E+00  0.451670E+00
  0.208696  0.989417E+00  0.494708E+00  0.494708E+00
  0.213378  0.170414E+01  0.852069E+00  0.852069E+00
  0.218060  0.155269E+01  0.776344E+00  0.776344E+00
  0.222742  0.171646E+01  0.858229E+00  0.858229E+00
  0.227425  0.124613E+01  0.623067E+00  0.623067E+00
  0.232107  0.131764E+01  0.658820E+00  0.658820E+00
  0.236789  0.158868E+01  0.794342E+00  0.794342E+00
  0.241472  0.217315E+01  0.108657E+01  0.108657E+01
  0.246154  0.232825E+01  0.116412E+01  0.116412E+01
  0.250836  0.177895E+01  0.889476E+00  0.889476E+00
  0.255518  0.227996E+01  0.113998E+01  0.113998E+01
  0.260201  0.213717E+01  0.106858E+01  0.106858E+01
  0.264883  0.190300E+01  0.951499E+00  0.951499E+00
  0.269565  0.240103E+01  0.120052E+01  0.120052E+01
  0.274247  0.315546E+01  0.157773E+01  0.157773E+01
  0.278930  0.328010E+01  0.164005E+01  0.164005E+01
  0.283612  0.289511E+01  0.144756E+01  0.144756E+01
  0.288294  0.319640E+01  0.159820E+01  0.159820E+01
  0.292977  0.364874E+01  0.182437E+01  0.182437E+01
  0.297659  0.351644E+01  0.175822E+01  0.175822E+01
  0.302341  0.373776E+01  0.186888E+01  0.186888E+01
  0.307023  0.521946E+01  0.260973E+01  0.260973E+01
  0.311706  0.717142E+01  0.358571E+01  0.358571E+01
  0.316388  0.895173E+01  0.447587E+01  0.447587E+01
  0.321070  0.118053E+02  0.590264E+01  0.590264E+01
  0.325753  0.138979E+02  0.694895E+01  0.694895E+01
  0.330435  0.156566E+02  0.782829E+01  0.782829E+01
  0.335117  0.162635E+02  0.813177E+01  0.813177E+01
  0.339799  0.170377E+02  0.851885E+01  0.851885E+01
  0.344482  0.182463E+02  0.912315E+01  0.912315E+01
  0.349164  0.187046E+02  0.935232E+01  0.935232E+01
  0.353846  0.189587E+02  0.947934E+01  0.947934E+01
  0.358528  0.192057E+02  0.960284E+01  0.960284E+01
  0.363211  0.197494E+02  0.987470E+01  0.987470E+01
  0.367893  0.205705E+02  0.102853E+02  0.102853E+02
  0.372575  0.209138E+02  0.104569E+02  0.104569E+02
  0.377258  0.208984E+02  0.104492E+02  0.104492E+02
  0.381940  0.205585E+02  0.102793E+02  0.102793E+02
  0.386622  0.201584E+02  0.100792E+02  0.100792E+02
  0.391304  0.197941E+02  0.989704E+01  0.989704E+01
  0.395987  0.191312E+02  0.956558E+01  0.956558E+01
  0.400669  0.180463E+02  0.902313E+01  0.902313E+01
  0.405351  0.169746E+02  0.848728E+01  0.848728E+01
  0.410033  0.168014E+02  0.840071E+01  0.840071E+01
  0.414716  0.161376E+02  0.806881E+01  0.806881E+01
  0.419398  0.145505E+02  0.727527E+01  0.727527E+01
  0.424080  0.131682E+02  0.658412E+01  0.658412E+01
  0.428763  0.129603E+02  0.648013E+01  0.648013E+01
  0.433445  0.127618E+02  0.638089E+01  0.638089E+01
  0.438127  0.142547E+02  0.712733E+01  0.712733E+01
  0.442809  0.187485E+02  0.937427E+01  0.937427E+01
  0.447492  0.226451E+02  0.113226E+02  0.113226E+02
  0.452174  0.250619E+02  0.125310E+02  0.125310E+02
  0.456856  0.262753E+02  0.131376E+02  0.131376E+02
  0.461538  0.266291E+02  0.133146E+02  0.133146E+02
  0.466221  0.263490E+02  0.131745E+02  0.131745E+02
  0.470903  0.256255E+02  0.128127E+02  0.128127E+02
  0.475585  0.247046E+02  0.123523E+02  0.123523E+02
  0.480268  0.237620E+02  0.118810E+02  0.118810E+02
  0.484950  0.229349E+02  0.114675E+02  0.114675E+02
  0.489632  0.223381E+02  0.111690E+02  0.111690E+02
  0.494314  0.220336E+02  0.110168E+02  0.110168E+02
  0.498997  0.219050E+02  0.109525E+02  0.109525E+02
  0.503679  0.217882E+02  0.108941E+02  0.108941E+02
  0.508361  0.217199E+02  0.108600E+02  0.108600E+02
  0.513043  0.219263E+02  0.109632E+02  0.109632E+02
  0.517726  0.224944E+02  0.112472E+02  0.112472E+02
  0.522408  0.232670E+02  0.116335E+02  0.116335E+02
  0.527090  0.238841E+02  0.119420E+02  0.119420E+02
  0.531773  0.240256E+02  0.120128E+02  0.120128E+02
  0.536455  0.236913E+02  0.118457E+02  0.118457E+02
  0.541137  0.229680E+02  0.114840E+02  0.114840E+02
  0.545819  0.218664E+02  0.109332E+02  0.109332E+02
  0.550502  0.204637E+02  0.102319E+02  0.102319E+02
  0.555184  0.190854E+02  0.954272E+01  0.954272E+01
  0.559866  0.178598E+02  0.892992E+01  0.892992E+01
  0.564548  0.165164E+02  0.825819E+01  0.825819E+01
  0.569231  0.152117E+02  0.760586E+01  0.760586E+01
  0.573913  0.141603E+02  0.708016E+01  0.708016E+01
  0.578595  0.131452E+02  0.657258E+01  0.657258E+01
  0.583278  0.117236E+02  0.586181E+01  0.586181E+01
  0.587960  0.102780E+02  0.513902E+01  0.513902E+01
  0.592642  0.917052E+01  0.458526E+01  0.458526E+01
  0.597324  0.914452E+01  0.457226E+01  0.457226E+01
  0.602007  0.862264E+01  0.431132E+01  0.431132E+01
  0.606689  0.769033E+01  0.384517E+01  0.384517E+01
  0.611371  0.744524E+01  0.372262E+01  0.372262E+01
  0.616054  0.719489E+01  0.359744E+01  0.359744E+01
  0.620736  0.662323E+01  0.331162E+01  0.331162E+01
  0.625418  0.718864E+01  0.359432E+01  0.359432E+01
  0.630100  0.843380E+01  0.421690E+01  0.421690E+01
  0.634783  0.959202E+01  0.479601E+01  0.479601E+01
  0.639465  0.106298E+02  0.531492E+01  0.531492E+01
  0.644147  0.111541E+02  0.557704E+01  0.557704E+01
  0.648829  0.112137E+02  0.560684E+01  0.560684E+01
  0.653512  0.114277E+02  0.571385E+01  0.571385E+01
  0.658194  0.122286E+02  0.611428E+01  0.611428E+01
  0.662876  0.133732E+02  0.668658E+01  0.668658E+01
  0.667559  0.142961E+02  0.714803E+01  0.714803E+01
  0.672241  0.147973E+02  0.739864E+01  0.739864E+01
  0.676923  0.149413E+02  0.747065E+01  0.747065E+01
  0.681605  0.151353E+02  0.756763E+01  0.756763E+01
  0.686288  0.156956E+02  0.784779E+01  0.784779E+01
  0.690970  0.164519E+02  0.822597E+01  0.822597E+01
  0.695652  0.172715E+02  0.863573E+01  0.863573E+01
  0.700334  0.180181E+02  0.900906E+01  0.900906E+01
  0.705017  0.186520E+02  0.932599E+01  0.932599E+01
  0.709699  0.191690E+02  0.958448E+01  0.958448E+01
  0.714381  0.195475E+02  0.977374E+01  0.977374E+01
  0.719064  0.198085E+02  0.990426E+01  0.990426E+01
  0.723746  0.200246E+02  0.100123E+02  0.100123E+02
  0.728428  0.203056E+02  0.101528E+02  0.101528E+02
  0.733110  0.207478E+02  0.103739E+02  0.103739E+02
  0.737793  0.213755E+02  0.106878E+02  0.106878E+02
  0.742475  0.221618E+02  0.110809E+02  0.110809E+02
  0.747157  0.230270E+02  0.115135E+02  0.115135E+02
  0.751839  0.238517E+02  0.119259E+02  0.119259E+02
  0.756522  0.245260E+02  0.122630E+02  0.122630E+02
  0.761204  0.249810E+02  0.124905E+02  0.124905E+02
  0.765886  0.251806E+02  0.125903E+02  0.125903E+02
  0.770569  0.251099E+02  0.125550E+02  0.125550E+02
  0.775251  0.247774E+02  0.123887E+02  0.123887E+02
  0.779933  0.242199E+02  0.121100E+02  0.121100E+02
  0.784615  0.234949E+02  0.117475E+02  0.117475E+02
  0.789298  0.226720E+02  0.113360E+02  0.113360E+02
  0.793980  0.218215E+02  0.109108E+02  0.109108E+02
  0.798662  0.209907E+02  0.104954E+02  0.104954E+02
  0.803344  0.201971E+02  0.100986E+02  0.100986E+02
  0.808027  0.194386E+02  0.971932E+01  0.971932E+01
  0.812709  0.187052E+02  0.935261E+01  0.935261E+01
  0.817391  0.179865E+02  0.899324E+01  0.899324E+01
  0.822074  0.172752E+02  0.863758E+01  0.863758E+01
  0.826756  0.165676E+02  0.828378E+01  0.828378E+01
  0.831438  0.158632E+02  0.793159E+01  0.793159E+01
  0.836120  0.151638E+02  0.758191E+01  0.758191E+01
  0.840803  0.144730E+02  0.723651E+01  0.723651E+01
  0.845485  0.137958E+02  0.689790E+01  0.689790E+01
  0.850167  0.131388E+02  0.656940E+01  0.656940E+01
  0.854849  0.125101E+02  0.625504E+01  0.625504E+01
  0.859532  0.119176E+02  0.595879E+01  0.595879E+01
  0.864214  0.113658E+02  0.568288E+01  0.568288E+01
  0.868896  0.108537E+02  0.542686E+01  0.542686E+01
  0.873579  0.103784E+02  0.518921E+01  0.518921E+01
  0.878261  0.994319E+01  0.497159E+01  0.497159E+01
  0.882943  0.955774E+01  0.477887E+01  0.477887E+01
  0.887625  0.919101E+01  0.459551E+01  0.459551E+01
  0.892308  0.877340E+01  0.438670E+01  0.438670E+01
  0.896990  0.831621E+01  0.415811E+01  0.415811E+01
  0.901672  0.792084E+01  0.396042E+01  0.396042E+01
  0.906355  0.756774E+01  0.378387E+01  0.378387E+01
  0.911037  0.719863E+01  0.359931E+01  0.359931E+01
  0.915719  0.683026E+01  0.341513E+01  0.341513E+01
  0.920401  0.656508E+01  0.328254E+01  0.328254E+01
  0.925084  0.643156E+01  0.321578E+01  0.321578E+01
  0.929766  0.633728E+01  0.316864E+01  0.316864E+01
  0.934448  0.619474E+01  0.309737E+01  0.309737E+01
  0.939130  0.601997E+01  0.300998E+01  0.300998E+01
  0.943813  0.591008E+01  0.295504E+01  0.295504E+01
  0.948495  0.593337E+01  0.296668E+01  0.296668E+01
  0.953177  0.602716E+01  0.301358E+01  0.301358E+01
  0.957860  0.598150E+01  0.299075E+01  0.299075E+01
  0.962542  0.581190E+01  0.290595E+01  0.290595E+01
  0.967224  0.558403E+01  0.279201E+01  0.279201E+01
  0.971906  0.532597E+01  0.266299E+01  0.266299E+01
  0.976589  0.515616E+01  0.257808E+01  0.257808E+01
  0.981271  0.511293E+01  0.255647E+01  0.255647E+01
  0.985953  0.503748E+01  0.251874E+01  0.251874E+01
  0.990635  0.495962E+01  0.247981E+01  0.247981E+01
  0.995318  0.484016E+01  0.242008E+01  0.242008E+01
  1.000000  0.473283E+01  0.236642E+01  0.236642E+01
