Atomic site index   :    1
Atomic species name : Nb              
----------------------------------------------------
Fermi energy      :  0.54710651                             
Species index     :  5                                      
Num Energy Points :   300                                   
----------------------------------------------------
    Energy     DOS_total        DOS_up      DOS_down
 -0.400000  0.221410E-01  0.110705E-01  0.110705E-01
 -0.395318  0.222542E-01  0.111271E-01  0.111271E-01
 -0.390635  0.223698E-01  0.111849E-01  0.111849E-01
 -0.385953  0.224879E-01  0.112440E-01  0.112440E-01
 -0.381271  0.226086E-01  0.113043E-01  0.113043E-01
 -0.376589  0.227318E-01  0.113659E-01  0.113659E-01
 -0.371906  0.228576E-01  0.114288E-01  0.114288E-01
 -0.367224  0.229861E-01  0.114931E-01  0.114931E-01
 -0.362542  0.231173E-01  0.115587E-01  0.115587E-01
 -0.357860  0.232513E-01  0.116256E-01  0.116256E-01
 -0.353177  0.233880E-01  0.116940E-01  0.116940E-01
 -0.348495  0.235276E-01  0.117638E-01  0.117638E-01
 -0.343813  0.236702E-01  0.118351E-01  0.118351E-01
 -0.339130  0.238157E-01  0.119078E-01  0.119078E-01
 -0.334448  0.239642E-01  0.119821E-01  0.119821E-01
 -0.329766  0.241158E-01  0.120579E-01  0.120579E-01
 -0.325084  0.242705E-01  0.121353E-01  0.121353E-01
 -0.320401  0.244285E-01  0.122143E-01  0.122143E-01
 -0.315719  0.245898E-01  0.122949E-01  0.122949E-01
 -0.311037  0.247543E-01  0.123772E-01  0.123772E-01
 -0.306355  0.249224E-01  0.124612E-01  0.124612E-01
 -0.301672  0.250939E-01  0.125469E-01  0.125469E-01
 -0.296990  0.252690E-01  0.126345E-01  0.126345E-01
 -0.292308  0.254477E-01  0.127238E-01  0.127238E-01
 -0.287625  0.256302E-01  0.128151E-01  0.128151E-01
 -0.282943  0.258165E-01  0.129082E-01  0.129082E-01
 -0.278261  0.260066E-01  0.130033E-01  0.130033E-01
 -0.273579  0.262008E-01  0.131004E-01  0.131004E-01
 -0.268896  0.263991E-01  0.131996E-01  0.131996E-01
 -0.264214  0.266016E-01  0.133008E-01  0.133008E-01
 -0.259532  0.268084E-01  0.134042E-01  0.134042E-01
 -0.254849  0.270195E-01  0.135098E-01  0.135098E-01
 -0.250167  0.272352E-01  0.136176E-01  0.136176E-01
 -0.245485  0.274555E-01  0.137278E-01  0.137278E-01
 -0.240803  0.276805E-01  0.138403E-01  0.138403E-01
 -0.236120  0.279104E-01  0.139552E-01  0.139552E-01
 -0.231438  0.281453E-01  0.140727E-01  0.140727E-01
 -0.226756  0.283853E-01  0.141927E-01  0.141927E-01
 -0.222074  0.286306E-01  0.143153E-01  0.143153E-01
 -0.217391  0.288813E-01  0.144406E-01  0.144406E-01
 -0.212709  0.291375E-01  0.145688E-01  0.145688E-01
 -0.208027  0.293994E-01  0.146997E-01  0.146997E-01
 -0.203344  0.296672E-01  0.148336E-01  0.148336E-01
 -0.198662  0.299410E-01  0.149705E-01  0.149705E-01
 -0.193980  0.302211E-01  0.151105E-01  0.151105E-01
 -0.189298  0.305075E-01  0.152537E-01  0.152537E-01
 -0.184615  0.308004E-01  0.154002E-01  0.154002E-01
 -0.179933  0.311002E-01  0.155501E-01  0.155501E-01
 -0.175251  0.314069E-01  0.157034E-01  0.157034E-01
 -0.170569  0.317208E-01  0.158604E-01  0.158604E-01
 -0.165886  0.320421E-01  0.160211E-01  0.160211E-01
 -0.161204  0.323711E-01  0.161855E-01  0.161855E-01
 -0.156522  0.327079E-01  0.163539E-01  0.163539E-01
 -0.151839  0.330529E-01  0.165264E-01  0.165264E-01
 -0.147157  0.334062E-01  0.167031E-01  0.167031E-01
 -0.142475  0.337683E-01  0.168841E-01  0.168841E-01
 -0.137793  0.341393E-01  0.170696E-01  0.170696E-01
 -0.133110  0.345196E-01  0.172598E-01  0.172598E-01
 -0.128428  0.349094E-01  0.174547E-01  0.174547E-01
 -0.123746  0.353092E-01  0.176546E-01  0.176546E-01
 -0.119064  0.357193E-01  0.178596E-01  0.178596E-01
 -0.114381  0.361400E-01  0.180700E-01  0.180700E-01
 -0.109699  0.365717E-01  0.182858E-01  0.182858E-01
 -0.105017  0.370148E-01  0.185074E-01  0.185074E-01
 -0.100334  0.374697E-01  0.187349E-01  0.187349E-01
 -0.095652  0.379370E-01  0.189685E-01  0.189685E-01
 -0.090970  0.384170E-01  0.192085E-01  0.192085E-01
 -0.086288  0.389103E-01  0.194551E-01  0.194551E-01
 -0.081605  0.394173E-01  0.197087E-01  0.197087E-01
 -0.076923  0.399387E-01  0.199694E-01  0.199694E-01
 -0.072241  0.404750E-01  0.202375E-01  0.202375E-01
 -0.067559  0.410268E-01  0.205134E-01  0.205134E-01
 -0.062876  0.415948E-01  0.207974E-01  0.207974E-01
 -0.058194  0.421797E-01  0.210898E-01  0.210898E-01
 -0.053512  0.427821E-01  0.213911E-01  0.213911E-01
 -0.048829  0.434029E-01  0.217015E-01  0.217015E-01
 -0.044147  0.440429E-01  0.220215E-01  0.220215E-01
 -0.039465  0.447030E-01  0.223515E-01  0.223515E-01
 -0.034783  0.453841E-01  0.226920E-01  0.226920E-01
 -0.030100  0.460872E-01  0.230436E-01  0.230436E-01
 -0.025418  0.468133E-01  0.234066E-01  0.234066E-01
 -0.020736  0.475636E-01  0.237818E-01  0.237818E-01
 -0.016054  0.483393E-01  0.241697E-01  0.241697E-01
 -0.011371  0.491418E-01  0.245709E-01  0.245709E-01
 -0.006689  0.499723E-01  0.249862E-01  0.249862E-01
 -0.002007  0.508325E-01  0.254162E-01  0.254162E-01
  0.002676  0.517239E-01  0.258620E-01  0.258620E-01
  0.007358  0.526484E-01  0.263242E-01  0.263242E-01
  0.012040  0.536077E-01  0.268039E-01  0.268039E-01
  0.016722  0.546041E-01  0.273020E-01  0.273020E-01
  0.021405  0.556396E-01  0.278198E-01  0.278198E-01
  0.026087  0.567168E-01  0.283584E-01  0.283584E-01
  0.030769  0.578384E-01  0.289192E-01  0.289192E-01
  0.035452  0.590072E-01  0.295036E-01  0.295036E-01
  0.040134  0.602266E-01  0.301133E-01  0.301133E-01
  0.044816  0.615001E-01  0.307501E-01  0.307501E-01
  0.049498  0.628318E-01  0.314159E-01  0.314159E-01
  0.054181  0.642253E-01  0.321126E-01  0.321126E-01
  0.058863  0.656869E-01  0.328435E-01  0.328435E-01
  0.063545  0.672218E-01  0.336109E-01  0.336109E-01
  0.068227  0.688361E-01  0.344181E-01  0.344181E-01
  0.072910  0.705374E-01  0.352687E-01  0.352687E-01
  0.077592  0.723338E-01  0.361669E-01  0.361669E-01
  0.082274  0.742352E-01  0.371176E-01  0.371176E-01
  0.086957  0.762530E-01  0.381265E-01  0.381265E-01
  0.091639  0.784008E-01  0.392004E-01  0.392004E-01
  0.096321  0.806949E-01  0.403474E-01  0.403474E-01
  0.101003  0.831552E-01  0.415776E-01  0.415776E-01
  0.105686  0.858063E-01  0.429032E-01  0.429032E-01
  0.110368  0.886797E-01  0.443398E-01  0.443398E-01
  0.115050  0.918158E-01  0.459079E-01  0.459079E-01
  0.119732  0.952689E-01  0.476345E-01  0.476345E-01
  0.124415  0.991137E-01  0.495569E-01  0.495569E-01
  0.129097  0.103458E+00  0.517290E-01  0.517290E-01
  0.133779  0.108465E+00  0.542327E-01  0.542327E-01
  0.138462  0.114400E+00  0.572002E-01  0.572002E-01
  0.143144  0.121734E+00  0.608672E-01  0.608672E-01
  0.147826  0.131416E+00  0.657080E-01  0.657080E-01
  0.152508  0.145756E+00  0.728782E-01  0.728782E-01
  0.157191  0.172447E+00  0.862235E-01  0.862235E-01
  0.161873  0.252626E+00  0.126313E+00  0.126313E+00
  0.166555  0.369973E+00  0.184987E+00  0.184987E+00
  0.171237  0.503780E+00  0.251890E+00  0.251890E+00
  0.175920  0.720335E+00  0.360167E+00  0.360167E+00
  0.180602  0.596696E+00  0.298348E+00  0.298348E+00
  0.185284  0.588206E+00  0.294103E+00  0.294103E+00
  0.189967  0.105516E+01  0.527580E+00  0.527580E+00
  0.194649  0.104387E+01  0.521934E+00  0.521934E+00
  0.199331  0.989805E+00  0.494902E+00  0.494902E+00
  0.204013  0.833979E+00  0.416989E+00  0.416989E+00
  0.208696  0.894703E+00  0.447351E+00  0.447351E+00
  0.213378  0.155373E+01  0.776866E+00  0.776866E+00
  0.218060  0.142886E+01  0.714428E+00  0.714428E+00
  0.222742  0.158202E+01  0.791009E+00  0.791009E+00
  0.227425  0.116432E+01  0.582162E+00  0.582162E+00
  0.232107  0.120501E+01  0.602504E+00  0.602504E+00
  0.236789  0.144964E+01  0.724822E+00  0.724822E+00
  0.241472  0.198134E+01  0.990669E+00  0.990669E+00
  0.246154  0.217586E+01  0.108793E+01  0.108793E+01
  0.250836  0.164541E+01  0.822704E+00  0.822704E+00
  0.255518  0.211075E+01  0.105537E+01  0.105537E+01
  0.260201  0.199994E+01  0.999969E+00  0.999969E+00
  0.264883  0.175450E+01  0.877252E+00  0.877252E+00
  0.269565  0.218827E+01  0.109413E+01  0.109413E+01
  0.274247  0.289710E+01  0.144855E+01  0.144855E+01
  0.278930  0.303536E+01  0.151768E+01  0.151768E+01
  0.283612  0.270688E+01  0.135344E+01  0.135344E+01
  0.288294  0.292855E+01  0.146428E+01  0.146428E+01
  0.292977  0.336251E+01  0.168125E+01  0.168125E+01
  0.297659  0.323384E+01  0.161692E+01  0.161692E+01
  0.302341  0.338180E+01  0.169090E+01  0.169090E+01
  0.307023  0.463981E+01  0.231990E+01  0.231990E+01
  0.311706  0.634919E+01  0.317460E+01  0.317460E+01
  0.316388  0.783797E+01  0.391899E+01  0.391899E+01
  0.321070  0.102526E+02  0.512630E+01  0.512630E+01
  0.325753  0.121638E+02  0.608189E+01  0.608189E+01
  0.330435  0.138712E+02  0.693559E+01  0.693559E+01
  0.335117  0.146173E+02  0.730866E+01  0.730866E+01
  0.339799  0.154124E+02  0.770618E+01  0.770618E+01
  0.344482  0.166892E+02  0.834461E+01  0.834461E+01
  0.349164  0.173409E+02  0.867044E+01  0.867044E+01
  0.353846  0.177389E+02  0.886944E+01  0.886944E+01
  0.358528  0.180840E+02  0.904200E+01  0.904200E+01
  0.363211  0.186952E+02  0.934760E+01  0.934760E+01
  0.367893  0.196982E+02  0.984910E+01  0.984910E+01
  0.372575  0.203048E+02  0.101524E+02  0.101524E+02
  0.377258  0.205701E+02  0.102850E+02  0.102850E+02
  0.381940  0.204805E+02  0.102403E+02  0.102403E+02
  0.386622  0.202555E+02  0.101278E+02  0.101278E+02
  0.391304  0.200331E+02  0.100165E+02  0.100165E+02
  0.395987  0.194827E+02  0.974137E+01  0.974137E+01
  0.400669  0.184512E+02  0.922560E+01  0.922560E+01
  0.405351  0.173246E+02  0.866230E+01  0.866230E+01
  0.410033  0.170717E+02  0.853587E+01  0.853587E+01
  0.414716  0.164114E+02  0.820571E+01  0.820571E+01
  0.419398  0.147919E+02  0.739593E+01  0.739593E+01
  0.424080  0.132922E+02  0.664609E+01  0.664609E+01
  0.428763  0.129736E+02  0.648681E+01  0.648681E+01
  0.433445  0.126576E+02  0.632880E+01  0.632880E+01
  0.438127  0.137846E+02  0.689230E+01  0.689230E+01
  0.442809  0.178086E+02  0.890430E+01  0.890430E+01
  0.447492  0.216816E+02  0.108408E+02  0.108408E+02
  0.452174  0.243963E+02  0.121982E+02  0.121982E+02
  0.456856  0.260540E+02  0.130270E+02  0.130270E+02
  0.461538  0.268877E+02  0.134438E+02  0.134438E+02
  0.466221  0.270377E+02  0.135189E+02  0.135189E+02
  0.470903  0.266382E+02  0.133191E+02  0.133191E+02
  0.475585  0.259278E+02  0.129639E+02  0.129639E+02
  0.480268  0.251045E+02  0.125522E+02  0.125522E+02
  0.484950  0.243402E+02  0.121701E+02  0.121701E+02
  0.489632  0.237810E+02  0.118905E+02  0.118905E+02
  0.494314  0.235118E+02  0.117559E+02  0.117559E+02
  0.498997  0.234224E+02  0.117112E+02  0.117112E+02
  0.503679  0.233401E+02  0.116700E+02  0.116700E+02
  0.508361  0.233003E+02  0.116501E+02  0.116501E+02
  0.513043  0.235481E+02  0.117741E+02  0.117741E+02
  0.517726  0.241905E+02  0.120952E+02  0.120952E+02
  0.522408  0.250699E+02  0.125349E+02  0.125349E+02
  0.527090  0.257981E+02  0.128991E+02  0.128991E+02
  0.531773  0.260148E+02  0.130074E+02  0.130074E+02
  0.536455  0.257036E+02  0.128518E+02  0.128518E+02
  0.541137  0.249506E+02  0.124753E+02  0.124753E+02
  0.545819  0.237673E+02  0.118836E+02  0.118836E+02
  0.550502  0.222423E+02  0.111211E+02  0.111211E+02
  0.555184  0.207299E+02  0.103650E+02  0.103650E+02
  0.559866  0.193698E+02  0.968490E+01  0.968490E+01
  0.564548  0.178818E+02  0.894090E+01  0.894090E+01
  0.569231  0.164422E+02  0.822108E+01  0.822108E+01
  0.573913  0.152782E+02  0.763908E+01  0.763908E+01
  0.578595  0.141546E+02  0.707732E+01  0.707732E+01
  0.583278  0.126135E+02  0.630675E+01  0.630675E+01
  0.587960  0.110592E+02  0.552962E+01  0.552962E+01
  0.592642  0.987047E+01  0.493524E+01  0.493524E+01
  0.597324  0.981884E+01  0.490942E+01  0.490942E+01
  0.602007  0.925468E+01  0.462734E+01  0.462734E+01
  0.606689  0.828662E+01  0.414331E+01  0.414331E+01
  0.611371  0.805111E+01  0.402555E+01  0.402555E+01
  0.616054  0.777364E+01  0.388682E+01  0.388682E+01
  0.620736  0.721216E+01  0.360608E+01  0.360608E+01
  0.625418  0.790900E+01  0.395450E+01  0.395450E+01
  0.630100  0.933200E+01  0.466600E+01  0.466600E+01
  0.634783  0.106544E+02  0.532718E+01  0.532718E+01
  0.639465  0.118390E+02  0.591951E+01  0.591951E+01
  0.644147  0.124559E+02  0.622796E+01  0.622796E+01
  0.648829  0.125877E+02  0.629385E+01  0.629385E+01
  0.653512  0.129068E+02  0.645342E+01  0.645342E+01
  0.658194  0.139128E+02  0.695639E+01  0.695639E+01
  0.662876  0.152983E+02  0.764913E+01  0.764913E+01
  0.667559  0.163996E+02  0.819978E+01  0.819978E+01
  0.672241  0.170108E+02  0.850539E+01  0.850539E+01
  0.676923  0.172547E+02  0.862735E+01  0.862735E+01
  0.681605  0.176150E+02  0.880750E+01  0.880750E+01
  0.686288  0.184013E+02  0.920067E+01  0.920067E+01
  0.690970  0.193931E+02  0.969653E+01  0.969653E+01
  0.695652  0.204305E+02  0.102153E+02  0.102153E+02
  0.700334  0.213704E+02  0.106852E+02  0.106852E+02
  0.705017  0.221882E+02  0.110941E+02  0.110941E+02
  0.709699  0.228899E+02  0.114450E+02  0.114450E+02
  0.714381  0.234615E+02  0.117308E+02  0.117308E+02
  0.719064  0.239290E+02  0.119645E+02  0.119645E+02
  0.723746  0.243520E+02  0.121760E+02  0.121760E+02
  0.728428  0.248038E+02  0.124019E+02  0.124019E+02
  0.733110  0.253310E+02  0.126655E+02  0.126655E+02
  0.737793  0.259189E+02  0.129595E+02  0.129595E+02
  0.742475  0.265194E+02  0.132597E+02  0.132597E+02
  0.747157  0.270411E+02  0.135205E+02  0.135205E+02
  0.751839  0.273572E+02  0.136786E+02  0.136786E+02
  0.756522  0.273614E+02  0.136807E+02  0.136807E+02
  0.761204  0.270077E+02  0.135039E+02  0.135039E+02
  0.765886  0.263062E+02  0.131531E+02  0.131531E+02
  0.770569  0.253110E+02  0.126555E+02  0.126555E+02
  0.775251  0.241171E+02  0.120585E+02  0.120585E+02
  0.779933  0.228474E+02  0.114237E+02  0.114237E+02
  0.784615  0.216165E+02  0.108083E+02  0.108083E+02
  0.789298  0.205008E+02  0.102504E+02  0.102504E+02
  0.793980  0.195303E+02  0.976517E+01  0.976517E+01
  0.798662  0.186917E+02  0.934583E+01  0.934583E+01
  0.803344  0.179488E+02  0.897440E+01  0.897440E+01
  0.808027  0.172649E+02  0.863243E+01  0.863243E+01
  0.812709  0.166117E+02  0.830585E+01  0.830585E+01
  0.817391  0.159718E+02  0.798591E+01  0.798591E+01
  0.822074  0.153366E+02  0.766830E+01  0.766830E+01
  0.826756  0.147037E+02  0.735186E+01  0.735186E+01
  0.831438  0.140746E+02  0.703732E+01  0.703732E+01
  0.836120  0.134530E+02  0.672648E+01  0.672648E+01
  0.840803  0.128433E+02  0.642167E+01  0.642167E+01
  0.845485  0.122511E+02  0.612553E+01  0.612553E+01
  0.850167  0.116821E+02  0.584107E+01  0.584107E+01
  0.854849  0.111430E+02  0.557151E+01  0.557151E+01
  0.859532  0.106391E+02  0.531956E+01  0.531956E+01
  0.864214  0.101723E+02  0.508613E+01  0.508613E+01
  0.868896  0.973948E+01  0.486974E+01  0.486974E+01
  0.873579  0.933648E+01  0.466824E+01  0.466824E+01
  0.878261  0.896477E+01  0.448239E+01  0.448239E+01
  0.882943  0.863072E+01  0.431536E+01  0.431536E+01
  0.887625  0.830544E+01  0.415272E+01  0.415272E+01
  0.892308  0.793181E+01  0.396590E+01  0.396590E+01
  0.896990  0.752678E+01  0.376339E+01  0.376339E+01
  0.901672  0.718078E+01  0.359039E+01  0.359039E+01
  0.906355  0.687327E+01  0.343664E+01  0.343664E+01
  0.911037  0.655523E+01  0.327761E+01  0.327761E+01
  0.915719  0.624463E+01  0.312232E+01  0.312232E+01
  0.920401  0.603353E+01  0.301677E+01  0.301677E+01
  0.925084  0.593968E+01  0.296984E+01  0.296984E+01
  0.929766  0.587493E+01  0.293747E+01  0.293747E+01
  0.934448  0.575964E+01  0.287982E+01  0.287982E+01
  0.939130  0.561220E+01  0.280610E+01  0.280610E+01
  0.943813  0.552381E+01  0.276190E+01  0.276190E+01
  0.948495  0.555738E+01  0.277869E+01  0.277869E+01
  0.953177  0.565075E+01  0.282538E+01  0.282538E+01
  0.957860  0.560508E+01  0.280254E+01  0.280254E+01
  0.962542  0.544295E+01  0.272148E+01  0.272148E+01
  0.967224  0.523169E+01  0.261584E+01  0.261584E+01
  0.971906  0.499987E+01  0.249994E+01  0.249994E+01
  0.976589  0.485951E+01  0.242976E+01  0.242976E+01
  0.981271  0.483836E+01  0.241918E+01  0.241918E+01
  0.985953  0.478124E+01  0.239062E+01  0.239062E+01
  0.990635  0.471912E+01  0.235956E+01  0.235956E+01
  0.995318  0.461580E+01  0.230790E+01  0.230790E+01
  1.000000  0.452782E+01  0.226391E+01  0.226391E+01
