Atomic site index   :    1
Atomic species name : Hf              
----------------------------------------------------
Fermi energy      :  0.54710651                             
Species index     :  1                                      
Num Energy Points :   300                                   
----------------------------------------------------
    Energy     DOS_total        DOS_up      DOS_down
 -0.400000  0.170001E+00  0.850004E-01  0.850004E-01
 -0.395318  0.165545E+00  0.827726E-01  0.827726E-01
 -0.390635  0.161296E+00  0.806480E-01  0.806480E-01
 -0.385953  0.157241E+00  0.786207E-01  0.786207E-01
 -0.381271  0.153370E+00  0.766851E-01  0.766851E-01
 -0.376589  0.149672E+00  0.748360E-01  0.748360E-01
 -0.371906  0.146137E+00  0.730686E-01  0.730686E-01
 -0.367224  0.142757E+00  0.713784E-01  0.713784E-01
 -0.362542  0.139522E+00  0.697612E-01  0.697612E-01
 -0.357860  0.136426E+00  0.682131E-01  0.682131E-01
 -0.353177  0.133461E+00  0.667306E-01  0.667306E-01
 -0.348495  0.130620E+00  0.653102E-01  0.653102E-01
 -0.343813  0.127897E+00  0.639487E-01  0.639487E-01
 -0.339130  0.125287E+00  0.626433E-01  0.626433E-01
 -0.334448  0.122782E+00  0.613912E-01  0.613912E-01
 -0.329766  0.120379E+00  0.601897E-01  0.601897E-01
 -0.325084  0.118073E+00  0.590365E-01  0.590365E-01
 -0.320401  0.115859E+00  0.579293E-01  0.579293E-01
 -0.315719  0.113732E+00  0.568658E-01  0.568658E-01
 -0.311037  0.111689E+00  0.558443E-01  0.558443E-01
 -0.306355  0.109725E+00  0.548627E-01  0.548627E-01
 -0.301672  0.107839E+00  0.539193E-01  0.539193E-01
 -0.296990  0.106025E+00  0.530124E-01  0.530124E-01
 -0.292308  0.104281E+00  0.521404E-01  0.521404E-01
 -0.287625  0.102604E+00  0.513020E-01  0.513020E-01
 -0.282943  0.100991E+00  0.504956E-01  0.504956E-01
 -0.278261  0.994401E-01  0.497201E-01  0.497201E-01
 -0.273579  0.979481E-01  0.489740E-01  0.489740E-01
 -0.268896  0.965128E-01  0.482564E-01  0.482564E-01
 -0.264214  0.951320E-01  0.475660E-01  0.475660E-01
 -0.259532  0.938038E-01  0.469019E-01  0.469019E-01
 -0.254849  0.925260E-01  0.462630E-01  0.462630E-01
 -0.250167  0.912970E-01  0.456485E-01  0.456485E-01
 -0.245485  0.901148E-01  0.450574E-01  0.450574E-01
 -0.240803  0.889780E-01  0.444890E-01  0.444890E-01
 -0.236120  0.878848E-01  0.439424E-01  0.439424E-01
 -0.231438  0.868339E-01  0.434170E-01  0.434170E-01
 -0.226756  0.858238E-01  0.429119E-01  0.429119E-01
 -0.222074  0.848533E-01  0.424266E-01  0.424266E-01
 -0.217391  0.839210E-01  0.419605E-01  0.419605E-01
 -0.212709  0.830259E-01  0.415129E-01  0.415129E-01
 -0.208027  0.821667E-01  0.410834E-01  0.410834E-01
 -0.203344  0.813425E-01  0.406713E-01  0.406713E-01
 -0.198662  0.805523E-01  0.402761E-01  0.402761E-01
 -0.193980  0.797951E-01  0.398975E-01  0.398975E-01
 -0.189298  0.790700E-01  0.395350E-01  0.395350E-01
 -0.184615  0.783763E-01  0.391882E-01  0.391882E-01
 -0.179933  0.777132E-01  0.388566E-01  0.388566E-01
 -0.175251  0.770799E-01  0.385400E-01  0.385400E-01
 -0.170569  0.764758E-01  0.382379E-01  0.382379E-01
 -0.165886  0.759002E-01  0.379501E-01  0.379501E-01
 -0.161204  0.753526E-01  0.376763E-01  0.376763E-01
 -0.156522  0.748324E-01  0.374162E-01  0.374162E-01
 -0.151839  0.743390E-01  0.371695E-01  0.371695E-01
 -0.147157  0.738720E-01  0.369360E-01  0.369360E-01
 -0.142475  0.734310E-01  0.367155E-01  0.367155E-01
 -0.137793  0.730156E-01  0.365078E-01  0.365078E-01
 -0.133110  0.726254E-01  0.363127E-01  0.363127E-01
 -0.128428  0.722601E-01  0.361301E-01  0.361301E-01
 -0.123746  0.719195E-01  0.359597E-01  0.359597E-01
 -0.119064  0.716032E-01  0.358016E-01  0.358016E-01
 -0.114381  0.713110E-01  0.356555E-01  0.356555E-01
 -0.109699  0.710428E-01  0.355214E-01  0.355214E-01
 -0.105017  0.707984E-01  0.353992E-01  0.353992E-01
 -0.100334  0.705777E-01  0.352888E-01  0.352888E-01
 -0.095652  0.703806E-01  0.351903E-01  0.351903E-01
 -0.090970  0.702070E-01  0.351035E-01  0.351035E-01
 -0.086288  0.700571E-01  0.350285E-01  0.350285E-01
 -0.081605  0.699307E-01  0.349654E-01  0.349654E-01
 -0.076923  0.698281E-01  0.349140E-01  0.349140E-01
 -0.072241  0.697491E-01  0.348746E-01  0.348746E-01
 -0.067559  0.696941E-01  0.348471E-01  0.348471E-01
 -0.062876  0.696633E-01  0.348316E-01  0.348316E-01
 -0.058194  0.696567E-01  0.348283E-01  0.348283E-01
 -0.053512  0.696747E-01  0.348374E-01  0.348374E-01
 -0.048829  0.697177E-01  0.348588E-01  0.348588E-01
 -0.044147  0.697860E-01  0.348930E-01  0.348930E-01
 -0.039465  0.698799E-01  0.349400E-01  0.349400E-01
 -0.034783  0.700001E-01  0.350001E-01  0.350001E-01
 -0.030100  0.701470E-01  0.350735E-01  0.350735E-01
 -0.025418  0.703213E-01  0.351607E-01  0.351607E-01
 -0.020736  0.705236E-01  0.352618E-01  0.352618E-01
 -0.016054  0.707546E-01  0.353773E-01  0.353773E-01
 -0.011371  0.710151E-01  0.355076E-01  0.355076E-01
 -0.006689  0.713062E-01  0.356531E-01  0.356531E-01
 -0.002007  0.716287E-01  0.358143E-01  0.358143E-01
  0.002676  0.719838E-01  0.359919E-01  0.359919E-01
  0.007358  0.723727E-01  0.361863E-01  0.361863E-01
  0.012040  0.727967E-01  0.363983E-01  0.363983E-01
  0.016722  0.732573E-01  0.366286E-01  0.366286E-01
  0.021405  0.737561E-01  0.368780E-01  0.368780E-01
  0.026087  0.742949E-01  0.371475E-01  0.371475E-01
  0.030769  0.748758E-01  0.374379E-01  0.374379E-01
  0.035452  0.755009E-01  0.377505E-01  0.377505E-01
  0.040134  0.761728E-01  0.380864E-01  0.380864E-01
  0.044816  0.768940E-01  0.384470E-01  0.384470E-01
  0.049498  0.776678E-01  0.388339E-01  0.388339E-01
  0.054181  0.784969E-01  0.392485E-01  0.392485E-01
  0.058863  0.793865E-01  0.396933E-01  0.396933E-01
  0.063545  0.803405E-01  0.401702E-01  0.401702E-01
  0.068227  0.813638E-01  0.406819E-01  0.406819E-01
  0.072910  0.824623E-01  0.412312E-01  0.412312E-01
  0.077592  0.836427E-01  0.418214E-01  0.418214E-01
  0.082274  0.849130E-01  0.424565E-01  0.424565E-01
  0.086957  0.862822E-01  0.431411E-01  0.431411E-01
  0.091639  0.877615E-01  0.438808E-01  0.438808E-01
  0.096321  0.893642E-01  0.446821E-01  0.446821E-01
  0.101003  0.911065E-01  0.455532E-01  0.455532E-01
  0.105686  0.930088E-01  0.465044E-01  0.465044E-01
  0.110368  0.950967E-01  0.475484E-01  0.475484E-01
  0.115050  0.974040E-01  0.487020E-01  0.487020E-01
  0.119732  0.999755E-01  0.499877E-01  0.499877E-01
  0.124415  0.102873E+00  0.514366E-01  0.514366E-01
  0.129097  0.106187E+00  0.530935E-01  0.530935E-01
  0.133779  0.110053E+00  0.550266E-01  0.550266E-01
  0.138462  0.114693E+00  0.573466E-01  0.573466E-01
  0.143144  0.120501E+00  0.602503E-01  0.602503E-01
  0.147826  0.128270E+00  0.641349E-01  0.641349E-01
  0.152508  0.139936E+00  0.699682E-01  0.699682E-01
  0.157191  0.161941E+00  0.809703E-01  0.809703E-01
  0.161873  0.228723E+00  0.114361E+00  0.114361E+00
  0.166555  0.327262E+00  0.163631E+00  0.163631E+00
  0.171237  0.437708E+00  0.218854E+00  0.218854E+00
  0.175920  0.617491E+00  0.308746E+00  0.308746E+00
  0.180602  0.521510E+00  0.260755E+00  0.260755E+00
  0.185284  0.503144E+00  0.251572E+00  0.251572E+00
  0.189967  0.895983E+00  0.447992E+00  0.447992E+00
  0.194649  0.890816E+00  0.445408E+00  0.445408E+00
  0.199331  0.848656E+00  0.424328E+00  0.424328E+00
  0.204013  0.719793E+00  0.359896E+00  0.359896E+00
  0.208696  0.748077E+00  0.374039E+00  0.374039E+00
  0.213378  0.130449E+01  0.652247E+00  0.652247E+00
  0.218060  0.121299E+01  0.606497E+00  0.606497E+00
  0.222742  0.134130E+01  0.670652E+00  0.670652E+00
  0.227425  0.100583E+01  0.502913E+00  0.502913E+00
  0.232107  0.100648E+01  0.503240E+00  0.503240E+00
  0.236789  0.120242E+01  0.601211E+00  0.601211E+00
  0.241472  0.163390E+01  0.816948E+00  0.816948E+00
  0.246154  0.185348E+01  0.926742E+00  0.926742E+00
  0.250836  0.137959E+01  0.689794E+00  0.689794E+00
  0.255518  0.176529E+01  0.882646E+00  0.882646E+00
  0.260201  0.169603E+01  0.848013E+00  0.848013E+00
  0.264883  0.145022E+01  0.725109E+00  0.725109E+00
  0.269565  0.177317E+01  0.886583E+00  0.886583E+00
  0.274247  0.236144E+01  0.118072E+01  0.118072E+01
  0.278930  0.249859E+01  0.124930E+01  0.124930E+01
  0.283612  0.226433E+01  0.113217E+01  0.113217E+01
  0.288294  0.236801E+01  0.118401E+01  0.118401E+01
  0.292977  0.273656E+01  0.136828E+01  0.136828E+01
  0.297659  0.262173E+01  0.131086E+01  0.131086E+01
  0.302341  0.267652E+01  0.133826E+01  0.133826E+01
  0.307023  0.357141E+01  0.178570E+01  0.178570E+01
  0.311706  0.489050E+01  0.244525E+01  0.244525E+01
  0.316388  0.602181E+01  0.301091E+01  0.301091E+01
  0.321070  0.776773E+01  0.388387E+01  0.388387E+01
  0.325753  0.923373E+01  0.461687E+01  0.461687E+01
  0.330435  0.105805E+02  0.529024E+01  0.529024E+01
  0.335117  0.112547E+02  0.562737E+01  0.562737E+01
  0.339799  0.118647E+02  0.593237E+01  0.593237E+01
  0.344482  0.129063E+02  0.645315E+01  0.645315E+01
  0.349164  0.135549E+02  0.677744E+01  0.677744E+01
  0.353846  0.139587E+02  0.697936E+01  0.697936E+01
  0.358528  0.142597E+02  0.712984E+01  0.712984E+01
  0.363211  0.146507E+02  0.732537E+01  0.732537E+01
  0.367893  0.154724E+02  0.773621E+01  0.773621E+01
  0.372575  0.161035E+02  0.805173E+01  0.805173E+01
  0.377258  0.165142E+02  0.825709E+01  0.825709E+01
  0.381940  0.166584E+02  0.832920E+01  0.832920E+01
  0.386622  0.166227E+02  0.831137E+01  0.831137E+01
  0.391304  0.165739E+02  0.828693E+01  0.828693E+01
  0.395987  0.162728E+02  0.813640E+01  0.813640E+01
  0.400669  0.155154E+02  0.775769E+01  0.775769E+01
  0.405351  0.144839E+02  0.724196E+01  0.724196E+01
  0.410033  0.140787E+02  0.703937E+01  0.703937E+01
  0.414716  0.134672E+02  0.673362E+01  0.673362E+01
  0.419398  0.120382E+02  0.601908E+01  0.601908E+01
  0.424080  0.105362E+02  0.526809E+01  0.526809E+01
  0.428763  0.995583E+01  0.497792E+01  0.497792E+01
  0.433445  0.940255E+01  0.470128E+01  0.470128E+01
  0.438127  0.954774E+01  0.477387E+01  0.477387E+01
  0.442809  0.115161E+02  0.575803E+01  0.575803E+01
  0.447492  0.137818E+02  0.689088E+01  0.689088E+01
  0.452174  0.156101E+02  0.780507E+01  0.780507E+01
  0.456856  0.169604E+02  0.848022E+01  0.848022E+01
  0.461538  0.179369E+02  0.896844E+01  0.896844E+01
  0.466221  0.185672E+02  0.928362E+01  0.928362E+01
  0.470903  0.188250E+02  0.941250E+01  0.941250E+01
  0.475585  0.187822E+02  0.939109E+01  0.939109E+01
  0.480268  0.185279E+02  0.926393E+01  0.926393E+01
  0.484950  0.181835E+02  0.909173E+01  0.909173E+01
  0.489632  0.178954E+02  0.894772E+01  0.894772E+01
  0.494314  0.177798E+02  0.888990E+01  0.888990E+01
  0.498997  0.177972E+02  0.889861E+01  0.889861E+01
  0.503679  0.178064E+02  0.890321E+01  0.890321E+01
  0.508361  0.178018E+02  0.890089E+01  0.890089E+01
  0.513043  0.179723E+02  0.898613E+01  0.898613E+01
  0.517726  0.184859E+02  0.924294E+01  0.924294E+01
  0.522408  0.193325E+02  0.966625E+01  0.966625E+01
  0.527090  0.203111E+02  0.101556E+02  0.101556E+02
  0.531773  0.211259E+02  0.105630E+02  0.105630E+02
  0.536455  0.216676E+02  0.108338E+02  0.108338E+02
  0.541137  0.219088E+02  0.109544E+02  0.109544E+02
  0.545819  0.217362E+02  0.108681E+02  0.108681E+02
  0.550502  0.210834E+02  0.105417E+02  0.105417E+02
  0.555184  0.202007E+02  0.101003E+02  0.101003E+02
  0.559866  0.193198E+02  0.965992E+01  0.965992E+01
  0.564548  0.181964E+02  0.909821E+01  0.909821E+01
  0.569231  0.169389E+02  0.846947E+01  0.846947E+01
  0.573913  0.158801E+02  0.794003E+01  0.794003E+01
  0.578595  0.148777E+02  0.743887E+01  0.743887E+01
  0.583278  0.133394E+02  0.666968E+01  0.666968E+01
  0.587960  0.116174E+02  0.580870E+01  0.580870E+01
  0.592642  0.100788E+02  0.503940E+01  0.503940E+01
  0.597324  0.976494E+01  0.488247E+01  0.488247E+01
  0.602007  0.905143E+01  0.452572E+01  0.452572E+01
  0.606689  0.790725E+01  0.395363E+01  0.395363E+01
  0.611371  0.740955E+01  0.370478E+01  0.370478E+01
  0.616054  0.700721E+01  0.350360E+01  0.350360E+01
  0.620736  0.611314E+01  0.305657E+01  0.305657E+01
  0.625418  0.622790E+01  0.311395E+01  0.311395E+01
  0.630100  0.708599E+01  0.354300E+01  0.354300E+01
  0.634783  0.793768E+01  0.396884E+01  0.396884E+01
  0.639465  0.874280E+01  0.437140E+01  0.437140E+01
  0.644147  0.916433E+01  0.458217E+01  0.458217E+01
  0.648829  0.911590E+01  0.455795E+01  0.455795E+01
  0.653512  0.908942E+01  0.454471E+01  0.454471E+01
  0.658194  0.943997E+01  0.471999E+01  0.471999E+01
  0.662876  0.101293E+02  0.506464E+01  0.506464E+01
  0.667559  0.108082E+02  0.540408E+01  0.540408E+01
  0.672241  0.112551E+02  0.562753E+01  0.562753E+01
  0.676923  0.113561E+02  0.567806E+01  0.567806E+01
  0.681605  0.113159E+02  0.565797E+01  0.565797E+01
  0.686288  0.115080E+02  0.575401E+01  0.575401E+01
  0.690970  0.118875E+02  0.594374E+01  0.594374E+01
  0.695652  0.123962E+02  0.619808E+01  0.619808E+01
  0.700334  0.129384E+02  0.646922E+01  0.646922E+01
  0.705017  0.134480E+02  0.672402E+01  0.672402E+01
  0.709699  0.138935E+02  0.694673E+01  0.694673E+01
  0.714381  0.142080E+02  0.710402E+01  0.710402E+01
  0.719064  0.143258E+02  0.716290E+01  0.716290E+01
  0.723746  0.142317E+02  0.711583E+01  0.711583E+01
  0.728428  0.140076E+02  0.700382E+01  0.700382E+01
  0.733110  0.138178E+02  0.690891E+01  0.690891E+01
  0.737793  0.137930E+02  0.689651E+01  0.689651E+01
  0.742475  0.139914E+02  0.699568E+01  0.699568E+01
  0.747157  0.143970E+02  0.719848E+01  0.719848E+01
  0.751839  0.149308E+02  0.746538E+01  0.746538E+01
  0.756522  0.155012E+02  0.775060E+01  0.775060E+01
  0.761204  0.160455E+02  0.802274E+01  0.802274E+01
  0.765886  0.165360E+02  0.826798E+01  0.826798E+01
  0.770569  0.169772E+02  0.848858E+01  0.848858E+01
  0.775251  0.174100E+02  0.870499E+01  0.870499E+01
  0.779933  0.179073E+02  0.895365E+01  0.895365E+01
  0.784615  0.185344E+02  0.926721E+01  0.926721E+01
  0.789298  0.193102E+02  0.965510E+01  0.965510E+01
  0.793980  0.202096E+02  0.101048E+02  0.101048E+02
  0.798662  0.211826E+02  0.105913E+02  0.105913E+02
  0.803344  0.221767E+02  0.110884E+02  0.110884E+02
  0.808027  0.231493E+02  0.115746E+02  0.115746E+02
  0.812709  0.240678E+02  0.120339E+02  0.120339E+02
  0.817391  0.249054E+02  0.124527E+02  0.124527E+02
  0.822074  0.256369E+02  0.128184E+02  0.128184E+02
  0.826756  0.262358E+02  0.131179E+02  0.131179E+02
  0.831438  0.266726E+02  0.133363E+02  0.133363E+02
  0.836120  0.269147E+02  0.134574E+02  0.134574E+02
  0.840803  0.269271E+02  0.134636E+02  0.134636E+02
  0.845485  0.266775E+02  0.133388E+02  0.133388E+02
  0.850167  0.261450E+02  0.130725E+02  0.130725E+02
  0.854849  0.253329E+02  0.126665E+02  0.126665E+02
  0.859532  0.242793E+02  0.121397E+02  0.121397E+02
  0.864214  0.230510E+02  0.115255E+02  0.115255E+02
  0.868896  0.217216E+02  0.108608E+02  0.108608E+02
  0.873579  0.203585E+02  0.101792E+02  0.101792E+02
  0.878261  0.190379E+02  0.951896E+01  0.951896E+01
  0.882943  0.178671E+02  0.893354E+01  0.893354E+01
  0.887625  0.168658E+02  0.843290E+01  0.843290E+01
  0.892308  0.158637E+02  0.793187E+01  0.793187E+01
  0.896990  0.147870E+02  0.739349E+01  0.739349E+01
  0.901672  0.138427E+02  0.692137E+01  0.692137E+01
  0.906355  0.130491E+02  0.652453E+01  0.652453E+01
  0.911037  0.122495E+02  0.612473E+01  0.612473E+01
  0.915719  0.114157E+02  0.570784E+01  0.570784E+01
  0.920401  0.107080E+02  0.535399E+01  0.535399E+01
  0.925084  0.102478E+02  0.512390E+01  0.512390E+01
  0.929766  0.991002E+01  0.495501E+01  0.495501E+01
  0.934448  0.953792E+01  0.476896E+01  0.476896E+01
  0.939130  0.911958E+01  0.455979E+01  0.455979E+01
  0.943813  0.880068E+01  0.440034E+01  0.440034E+01
  0.948495  0.869703E+01  0.434852E+01  0.434852E+01
  0.953177  0.874897E+01  0.437449E+01  0.437449E+01
  0.957860  0.866840E+01  0.433420E+01  0.433420E+01
  0.962542  0.842475E+01  0.421238E+01  0.421238E+01
  0.967224  0.807713E+01  0.403857E+01  0.403857E+01
  0.971906  0.764608E+01  0.382304E+01  0.382304E+01
  0.976589  0.728876E+01  0.364438E+01  0.364438E+01
  0.981271  0.710949E+01  0.355474E+01  0.355474E+01
  0.985953  0.691961E+01  0.345980E+01  0.345980E+01
  0.990635  0.673987E+01  0.336993E+01  0.336993E+01
  0.995318  0.651373E+01  0.325687E+01  0.325687E+01
  1.000000  0.628554E+01  0.314277E+01  0.314277E+01
