Atomic site index   :    1
Atomic species name : Ti              
----------------------------------------------------
Fermi energy      :  0.54710651                             
Species index     :  4                                      
Num Energy Points :   300                                   
----------------------------------------------------
    Energy     DOS_total        DOS_up      DOS_down
 -0.400000  0.210536E-01  0.105268E-01  0.105268E-01
 -0.395318  0.211759E-01  0.105879E-01  0.105879E-01
 -0.390635  0.213004E-01  0.106502E-01  0.106502E-01
 -0.385953  0.214271E-01  0.107136E-01  0.107136E-01
 -0.381271  0.215561E-01  0.107781E-01  0.107781E-01
 -0.376589  0.216875E-01  0.108438E-01  0.108438E-01
 -0.371906  0.218213E-01  0.109106E-01  0.109106E-01
 -0.367224  0.219574E-01  0.109787E-01  0.109787E-01
 -0.362542  0.220961E-01  0.110480E-01  0.110480E-01
 -0.357860  0.222372E-01  0.111186E-01  0.111186E-01
 -0.353177  0.223809E-01  0.111905E-01  0.111905E-01
 -0.348495  0.225273E-01  0.112636E-01  0.112636E-01
 -0.343813  0.226763E-01  0.113381E-01  0.113381E-01
 -0.339130  0.228280E-01  0.114140E-01  0.114140E-01
 -0.334448  0.229825E-01  0.114913E-01  0.114913E-01
 -0.329766  0.231399E-01  0.115699E-01  0.115699E-01
 -0.325084  0.233001E-01  0.116501E-01  0.116501E-01
 -0.320401  0.234633E-01  0.117317E-01  0.117317E-01
 -0.315719  0.236295E-01  0.118148E-01  0.118148E-01
 -0.311037  0.237989E-01  0.118994E-01  0.118994E-01
 -0.306355  0.239713E-01  0.119857E-01  0.119857E-01
 -0.301672  0.241470E-01  0.120735E-01  0.120735E-01
 -0.296990  0.243260E-01  0.121630E-01  0.121630E-01
 -0.292308  0.245083E-01  0.122542E-01  0.122542E-01
 -0.287625  0.246941E-01  0.123471E-01  0.123471E-01
 -0.282943  0.248834E-01  0.124417E-01  0.124417E-01
 -0.278261  0.250764E-01  0.125382E-01  0.125382E-01
 -0.273579  0.252730E-01  0.126365E-01  0.126365E-01
 -0.268896  0.254734E-01  0.127367E-01  0.127367E-01
 -0.264214  0.256777E-01  0.128388E-01  0.128388E-01
 -0.259532  0.258859E-01  0.129430E-01  0.129430E-01
 -0.254849  0.260983E-01  0.130491E-01  0.130491E-01
 -0.250167  0.263148E-01  0.131574E-01  0.131574E-01
 -0.245485  0.265355E-01  0.132678E-01  0.132678E-01
 -0.240803  0.267607E-01  0.133803E-01  0.133803E-01
 -0.236120  0.269903E-01  0.134952E-01  0.134952E-01
 -0.231438  0.272246E-01  0.136123E-01  0.136123E-01
 -0.226756  0.274636E-01  0.137318E-01  0.137318E-01
 -0.222074  0.277074E-01  0.138537E-01  0.138537E-01
 -0.217391  0.279563E-01  0.139782E-01  0.139782E-01
 -0.212709  0.282103E-01  0.141051E-01  0.141051E-01
 -0.208027  0.284695E-01  0.142348E-01  0.142348E-01
 -0.203344  0.287342E-01  0.143671E-01  0.143671E-01
 -0.198662  0.290045E-01  0.145022E-01  0.145022E-01
 -0.193980  0.292805E-01  0.146402E-01  0.146402E-01
 -0.189298  0.295623E-01  0.147812E-01  0.147812E-01
 -0.184615  0.298503E-01  0.149251E-01  0.149251E-01
 -0.179933  0.301445E-01  0.150722E-01  0.150722E-01
 -0.175251  0.304451E-01  0.152225E-01  0.152225E-01
 -0.170569  0.307523E-01  0.153762E-01  0.153762E-01
 -0.165886  0.310664E-01  0.155332E-01  0.155332E-01
 -0.161204  0.313875E-01  0.156938E-01  0.156938E-01
 -0.156522  0.317159E-01  0.158580E-01  0.158580E-01
 -0.151839  0.320518E-01  0.160259E-01  0.160259E-01
 -0.147157  0.323954E-01  0.161977E-01  0.161977E-01
 -0.142475  0.327470E-01  0.163735E-01  0.163735E-01
 -0.137793  0.331069E-01  0.165534E-01  0.165534E-01
 -0.133110  0.334753E-01  0.167376E-01  0.167376E-01
 -0.128428  0.338525E-01  0.169262E-01  0.169262E-01
 -0.123746  0.342388E-01  0.171194E-01  0.171194E-01
 -0.119064  0.346346E-01  0.173173E-01  0.173173E-01
 -0.114381  0.350401E-01  0.175200E-01  0.175200E-01
 -0.109699  0.354557E-01  0.177279E-01  0.177279E-01
 -0.105017  0.358819E-01  0.179409E-01  0.179409E-01
 -0.100334  0.363189E-01  0.181594E-01  0.181594E-01
 -0.095652  0.367671E-01  0.183836E-01  0.183836E-01
 -0.090970  0.372271E-01  0.186136E-01  0.186136E-01
 -0.086288  0.376993E-01  0.188496E-01  0.188496E-01
 -0.081605  0.381841E-01  0.190920E-01  0.190920E-01
 -0.076923  0.386820E-01  0.193410E-01  0.193410E-01
 -0.072241  0.391936E-01  0.195968E-01  0.195968E-01
 -0.067559  0.397194E-01  0.198597E-01  0.198597E-01
 -0.062876  0.402601E-01  0.201300E-01  0.201300E-01
 -0.058194  0.408162E-01  0.204081E-01  0.204081E-01
 -0.053512  0.413884E-01  0.206942E-01  0.206942E-01
 -0.048829  0.419775E-01  0.209888E-01  0.209888E-01
 -0.044147  0.425842E-01  0.212921E-01  0.212921E-01
 -0.039465  0.432093E-01  0.216047E-01  0.216047E-01
 -0.034783  0.438537E-01  0.219268E-01  0.219268E-01
 -0.030100  0.445183E-01  0.222591E-01  0.222591E-01
 -0.025418  0.452040E-01  0.226020E-01  0.226020E-01
 -0.020736  0.459120E-01  0.229560E-01  0.229560E-01
 -0.016054  0.466433E-01  0.233217E-01  0.233217E-01
 -0.011371  0.473992E-01  0.236996E-01  0.236996E-01
 -0.006689  0.481811E-01  0.240905E-01  0.240905E-01
 -0.002007  0.489902E-01  0.244951E-01  0.244951E-01
  0.002676  0.498283E-01  0.249141E-01  0.249141E-01
  0.007358  0.506969E-01  0.253484E-01  0.253484E-01
  0.012040  0.515978E-01  0.257989E-01  0.257989E-01
  0.016722  0.525330E-01  0.262665E-01  0.262665E-01
  0.021405  0.535047E-01  0.267524E-01  0.267524E-01
  0.026087  0.545153E-01  0.272576E-01  0.272576E-01
  0.030769  0.555673E-01  0.277837E-01  0.277837E-01
  0.035452  0.566637E-01  0.283318E-01  0.283318E-01
  0.040134  0.578076E-01  0.289038E-01  0.289038E-01
  0.044816  0.590025E-01  0.295013E-01  0.295013E-01
  0.049498  0.602526E-01  0.301263E-01  0.301263E-01
  0.054181  0.615615E-01  0.307807E-01  0.307807E-01
  0.058863  0.629355E-01  0.314678E-01  0.314678E-01
  0.063545  0.643799E-01  0.321900E-01  0.321900E-01
  0.068227  0.659012E-01  0.329506E-01  0.329506E-01
  0.072910  0.675070E-01  0.337535E-01  0.337535E-01
  0.077592  0.692060E-01  0.346030E-01  0.346030E-01
  0.082274  0.710087E-01  0.355044E-01  0.355044E-01
  0.086957  0.729273E-01  0.364636E-01  0.364636E-01
  0.091639  0.749764E-01  0.374882E-01  0.374882E-01
  0.096321  0.771739E-01  0.385870E-01  0.385870E-01
  0.101003  0.795419E-01  0.397710E-01  0.397710E-01
  0.105686  0.821080E-01  0.410540E-01  0.410540E-01
  0.110368  0.849075E-01  0.424538E-01  0.424538E-01
  0.115050  0.879868E-01  0.439934E-01  0.439934E-01
  0.119732  0.914084E-01  0.457042E-01  0.457042E-01
  0.124415  0.952593E-01  0.476297E-01  0.476297E-01
  0.129097  0.996659E-01  0.498330E-01  0.498330E-01
  0.133779  0.104822E+00  0.524108E-01  0.524108E-01
  0.138462  0.111041E+00  0.555207E-01  0.555207E-01
  0.143144  0.118888E+00  0.594441E-01  0.594441E-01
  0.147826  0.129500E+00  0.647499E-01  0.647499E-01
  0.152508  0.145654E+00  0.728272E-01  0.728272E-01
  0.157191  0.176610E+00  0.883049E-01  0.883049E-01
  0.161873  0.271907E+00  0.135953E+00  0.135953E+00
  0.166555  0.411080E+00  0.205540E+00  0.205540E+00
  0.171237  0.572920E+00  0.286460E+00  0.286460E+00
  0.175920  0.834434E+00  0.417217E+00  0.417217E+00
  0.180602  0.672889E+00  0.336445E+00  0.336445E+00
  0.185284  0.677105E+00  0.338552E+00  0.338552E+00
  0.189967  0.123527E+01  0.617636E+00  0.617636E+00
  0.194649  0.121334E+01  0.606669E+00  0.606669E+00
  0.199331  0.114101E+01  0.570506E+00  0.570506E+00
  0.204013  0.947551E+00  0.473775E+00  0.473775E+00
  0.208696  0.105231E+01  0.526153E+00  0.526153E+00
  0.213378  0.183440E+01  0.917201E+00  0.917201E+00
  0.218060  0.165963E+01  0.829813E+00  0.829813E+00
  0.222742  0.183819E+01  0.919094E+00  0.919094E+00
  0.227425  0.130972E+01  0.654861E+00  0.654861E+00
  0.232107  0.140169E+01  0.700846E+00  0.700846E+00
  0.236789  0.170381E+01  0.851906E+00  0.851906E+00
  0.241472  0.235193E+01  0.117596E+01  0.117596E+01
  0.246154  0.247987E+01  0.123993E+01  0.123993E+01
  0.250836  0.187984E+01  0.939922E+00  0.939922E+00
  0.255518  0.241998E+01  0.120999E+01  0.120999E+01
  0.260201  0.223579E+01  0.111789E+01  0.111789E+01
  0.264883  0.199380E+01  0.996901E+00  0.996901E+00
  0.269565  0.253872E+01  0.126936E+01  0.126936E+01
  0.274247  0.334061E+01  0.167031E+01  0.167031E+01
  0.278930  0.341189E+01  0.170594E+01  0.170594E+01
  0.283612  0.291665E+01  0.145832E+01  0.145832E+01
  0.288294  0.322102E+01  0.161051E+01  0.161051E+01
  0.292977  0.361007E+01  0.180503E+01  0.180503E+01
  0.297659  0.338544E+01  0.169272E+01  0.169272E+01
  0.302341  0.347440E+01  0.173720E+01  0.173720E+01
  0.307023  0.481336E+01  0.240668E+01  0.240668E+01
  0.311706  0.600842E+01  0.300421E+01  0.300421E+01
  0.316388  0.638913E+01  0.319456E+01  0.319456E+01
  0.321070  0.766845E+01  0.383423E+01  0.383423E+01
  0.325753  0.863146E+01  0.431573E+01  0.431573E+01
  0.330435  0.952425E+01  0.476213E+01  0.476213E+01
  0.335117  0.984638E+01  0.492319E+01  0.492319E+01
  0.339799  0.102346E+02  0.511731E+01  0.511731E+01
  0.344482  0.109305E+02  0.546526E+01  0.546526E+01
  0.349164  0.112002E+02  0.560008E+01  0.560008E+01
  0.353846  0.112699E+02  0.563495E+01  0.563495E+01
  0.358528  0.111591E+02  0.557953E+01  0.557953E+01
  0.363211  0.113745E+02  0.568726E+01  0.568726E+01
  0.367893  0.121136E+02  0.605680E+01  0.605680E+01
  0.372575  0.126580E+02  0.632902E+01  0.632902E+01
  0.377258  0.130354E+02  0.651770E+01  0.651770E+01
  0.381940  0.132384E+02  0.661921E+01  0.661921E+01
  0.386622  0.133949E+02  0.669743E+01  0.669743E+01
  0.391304  0.137052E+02  0.685262E+01  0.685262E+01
  0.395987  0.138834E+02  0.694170E+01  0.694170E+01
  0.400669  0.136751E+02  0.683755E+01  0.683755E+01
  0.405351  0.131957E+02  0.659783E+01  0.659783E+01
  0.410033  0.131300E+02  0.656501E+01  0.656501E+01
  0.414716  0.129009E+02  0.645044E+01  0.645044E+01
  0.419398  0.118499E+02  0.592495E+01  0.592495E+01
  0.424080  0.104658E+02  0.523288E+01  0.523288E+01
  0.428763  0.989138E+01  0.494569E+01  0.494569E+01
  0.433445  0.944430E+01  0.472215E+01  0.472215E+01
  0.438127  0.937409E+01  0.468705E+01  0.468705E+01
  0.442809  0.106735E+02  0.533675E+01  0.533675E+01
  0.447492  0.124571E+02  0.622853E+01  0.622853E+01
  0.452174  0.140822E+02  0.704108E+01  0.704108E+01
  0.456856  0.154448E+02  0.772239E+01  0.772239E+01
  0.461538  0.166281E+02  0.831404E+01  0.831404E+01
  0.466221  0.176895E+02  0.884473E+01  0.884473E+01
  0.470903  0.185771E+02  0.928853E+01  0.928853E+01
  0.475585  0.192836E+02  0.964178E+01  0.964178E+01
  0.480268  0.197944E+02  0.989719E+01  0.989719E+01
  0.484950  0.201437E+02  0.100719E+02  0.100719E+02
  0.489632  0.204566E+02  0.102283E+02  0.102283E+02
  0.494314  0.208806E+02  0.104403E+02  0.104403E+02
  0.498997  0.214198E+02  0.107099E+02  0.107099E+02
  0.503679  0.219166E+02  0.109583E+02  0.109583E+02
  0.508361  0.223516E+02  0.111758E+02  0.111758E+02
  0.513043  0.229250E+02  0.114625E+02  0.114625E+02
  0.517726  0.238460E+02  0.119230E+02  0.119230E+02
  0.522408  0.251674E+02  0.125837E+02  0.125837E+02
  0.527090  0.267153E+02  0.133577E+02  0.133577E+02
  0.531773  0.281935E+02  0.140968E+02  0.140968E+02
  0.536455  0.295249E+02  0.147624E+02  0.147624E+02
  0.541137  0.307010E+02  0.153505E+02  0.153505E+02
  0.545819  0.315076E+02  0.157538E+02  0.157538E+02
  0.550502  0.316911E+02  0.158455E+02  0.158455E+02
  0.555184  0.313912E+02  0.156956E+02  0.156956E+02
  0.559866  0.307531E+02  0.153765E+02  0.153765E+02
  0.564548  0.294422E+02  0.147211E+02  0.147211E+02
  0.569231  0.276839E+02  0.138420E+02  0.138420E+02
  0.573913  0.260370E+02  0.130185E+02  0.130185E+02
  0.578595  0.243145E+02  0.121573E+02  0.121573E+02
  0.583278  0.217857E+02  0.108928E+02  0.108928E+02
  0.587960  0.190287E+02  0.951437E+01  0.951437E+01
  0.592642  0.165321E+02  0.826607E+01  0.826607E+01
  0.597324  0.156526E+02  0.782632E+01  0.782632E+01
  0.602007  0.142937E+02  0.714684E+01  0.714684E+01
  0.606689  0.127439E+02  0.637197E+01  0.637197E+01
  0.611371  0.122435E+02  0.612176E+01  0.612176E+01
  0.616054  0.114056E+02  0.570281E+01  0.570281E+01
  0.620736  0.103232E+02  0.516159E+01  0.516159E+01
  0.625418  0.112883E+02  0.564415E+01  0.564415E+01
  0.630100  0.134200E+02  0.671002E+01  0.671002E+01
  0.634783  0.155490E+02  0.777451E+01  0.777451E+01
  0.639465  0.175316E+02  0.876579E+01  0.876579E+01
  0.644147  0.187662E+02  0.938309E+01  0.938309E+01
  0.648829  0.193582E+02  0.967910E+01  0.967910E+01
  0.653512  0.201210E+02  0.100605E+02  0.100605E+02
  0.658194  0.220245E+02  0.110123E+02  0.110123E+02
  0.662876  0.247718E+02  0.123859E+02  0.123859E+02
  0.667559  0.272341E+02  0.136171E+02  0.136171E+02
  0.672241  0.289341E+02  0.144671E+02  0.144671E+02
  0.676923  0.300914E+02  0.150457E+02  0.150457E+02
  0.681605  0.316478E+02  0.158239E+02  0.158239E+02
  0.686288  0.340769E+02  0.170384E+02  0.170384E+02
  0.690970  0.369466E+02  0.184733E+02  0.184733E+02
  0.695652  0.399068E+02  0.199534E+02  0.199534E+02
  0.700334  0.426733E+02  0.213366E+02  0.213366E+02
  0.705017  0.451589E+02  0.225794E+02  0.225794E+02
  0.709699  0.471979E+02  0.235989E+02  0.235989E+02
  0.714381  0.484643E+02  0.242322E+02  0.242322E+02
  0.719064  0.486121E+02  0.243061E+02  0.243061E+02
  0.723746  0.474302E+02  0.237151E+02  0.237151E+02
  0.728428  0.450790E+02  0.225395E+02  0.225395E+02
  0.733110  0.420805E+02  0.210402E+02  0.210402E+02
  0.737793  0.389891E+02  0.194945E+02  0.194945E+02
  0.742475  0.361346E+02  0.180673E+02  0.180673E+02
  0.747157  0.335414E+02  0.167707E+02  0.167707E+02
  0.751839  0.310698E+02  0.155349E+02  0.155349E+02
  0.756522  0.286351E+02  0.143175E+02  0.143175E+02
  0.761204  0.262682E+02  0.131341E+02  0.131341E+02
  0.765886  0.240512E+02  0.120256E+02  0.120256E+02
  0.770569  0.220677E+02  0.110338E+02  0.110338E+02
  0.775251  0.203870E+02  0.101935E+02  0.101935E+02
  0.779933  0.190441E+02  0.952205E+01  0.952205E+01
  0.784615  0.180131E+02  0.900655E+01  0.900655E+01
  0.789298  0.172164E+02  0.860818E+01  0.860818E+01
  0.793980  0.165550E+02  0.827750E+01  0.827750E+01
  0.798662  0.159390E+02  0.796948E+01  0.796948E+01
  0.803344  0.153134E+02  0.765668E+01  0.765668E+01
  0.808027  0.146599E+02  0.732997E+01  0.732997E+01
  0.812709  0.139833E+02  0.699166E+01  0.699166E+01
  0.817391  0.132978E+02  0.664888E+01  0.664888E+01
  0.822074  0.126189E+02  0.630946E+01  0.630946E+01
  0.826756  0.119598E+02  0.597992E+01  0.597992E+01
  0.831438  0.113300E+02  0.566502E+01  0.566502E+01
  0.836120  0.107356E+02  0.536781E+01  0.536781E+01
  0.840803  0.101802E+02  0.509011E+01  0.509011E+01
  0.845485  0.966589E+01  0.483294E+01  0.483294E+01
  0.850167  0.919375E+01  0.459687E+01  0.459687E+01
  0.854849  0.876405E+01  0.438202E+01  0.438202E+01
  0.859532  0.837516E+01  0.418758E+01  0.418758E+01
  0.864214  0.802233E+01  0.401117E+01  0.401117E+01
  0.868896  0.769834E+01  0.384917E+01  0.384917E+01
  0.873579  0.739702E+01  0.369851E+01  0.369851E+01
  0.878261  0.711829E+01  0.355915E+01  0.355915E+01
  0.882943  0.686473E+01  0.343237E+01  0.343237E+01
  0.887625  0.661196E+01  0.330598E+01  0.330598E+01
  0.892308  0.632313E+01  0.316156E+01  0.316156E+01
  0.896990  0.602476E+01  0.301238E+01  0.301238E+01
  0.901672  0.578851E+01  0.289426E+01  0.289426E+01
  0.906355  0.558792E+01  0.279396E+01  0.279396E+01
  0.911037  0.538588E+01  0.269294E+01  0.269294E+01
  0.915719  0.519957E+01  0.259979E+01  0.259979E+01
  0.920401  0.510359E+01  0.255180E+01  0.255180E+01
  0.925084  0.509484E+01  0.254742E+01  0.254742E+01
  0.929766  0.508940E+01  0.254470E+01  0.254470E+01
  0.934448  0.502053E+01  0.251026E+01  0.251026E+01
  0.939130  0.491872E+01  0.245936E+01  0.245936E+01
  0.943813  0.487174E+01  0.243587E+01  0.243587E+01
  0.948495  0.493489E+01  0.246745E+01  0.246745E+01
  0.953177  0.503613E+01  0.251806E+01  0.251806E+01
  0.957860  0.498912E+01  0.249456E+01  0.249456E+01
  0.962542  0.484423E+01  0.242212E+01  0.242212E+01
  0.967224  0.467314E+01  0.233657E+01  0.233657E+01
  0.971906  0.450303E+01  0.225152E+01  0.225152E+01
  0.976589  0.443782E+01  0.221891E+01  0.221891E+01
  0.981271  0.447435E+01  0.223718E+01  0.223718E+01
  0.985953  0.445739E+01  0.222869E+01  0.222869E+01
  0.990635  0.442806E+01  0.221403E+01  0.221403E+01
  0.995318  0.435700E+01  0.217850E+01  0.217850E+01
  1.000000  0.431655E+01  0.215827E+01  0.215827E+01
