This file contains single site DOS for a stand-alone atom, i.e., in vacuum
Atomic index in the system :   1
----------------------------------------------------
Fermi energy     :  0.54710651                              
Species index    :  3                                       
Num Energy Points:   300                                    
----------------------------------------------------
    Energy     DOS_total        DOS_up      DOS_down
 -0.400000  0.000000E+00  0.000000E+00  0.000000E+00
 -0.395318  0.000000E+00  0.000000E+00  0.000000E+00
 -0.390635  0.000000E+00  0.000000E+00  0.000000E+00
 -0.385953  0.000000E+00  0.000000E+00  0.000000E+00
 -0.381271  0.000000E+00  0.000000E+00  0.000000E+00
 -0.376589  0.000000E+00  0.000000E+00  0.000000E+00
 -0.371906  0.000000E+00  0.000000E+00  0.000000E+00
 -0.367224  0.000000E+00  0.000000E+00  0.000000E+00
 -0.362542  0.000000E+00  0.000000E+00  0.000000E+00
 -0.357860  0.000000E+00  0.000000E+00  0.000000E+00
 -0.353177  0.000000E+00  0.000000E+00  0.000000E+00
 -0.348495  0.000000E+00  0.000000E+00  0.000000E+00
 -0.343813  0.000000E+00  0.000000E+00  0.000000E+00
 -0.339130  0.000000E+00  0.000000E+00  0.000000E+00
 -0.334448  0.000000E+00  0.000000E+00  0.000000E+00
 -0.329766  0.000000E+00  0.000000E+00  0.000000E+00
 -0.325084  0.000000E+00  0.000000E+00  0.000000E+00
 -0.320401  0.000000E+00  0.000000E+00  0.000000E+00
 -0.315719  0.000000E+00  0.000000E+00  0.000000E+00
 -0.311037  0.000000E+00  0.000000E+00  0.000000E+00
 -0.306355  0.000000E+00  0.000000E+00  0.000000E+00
 -0.301672  0.000000E+00  0.000000E+00  0.000000E+00
 -0.296990  0.000000E+00  0.000000E+00  0.000000E+00
 -0.292308  0.000000E+00  0.000000E+00  0.000000E+00
 -0.287625  0.000000E+00  0.000000E+00  0.000000E+00
 -0.282943  0.000000E+00  0.000000E+00  0.000000E+00
 -0.278261  0.000000E+00  0.000000E+00  0.000000E+00
 -0.273579  0.000000E+00  0.000000E+00  0.000000E+00
 -0.268896  0.000000E+00  0.000000E+00  0.000000E+00
 -0.264214  0.000000E+00  0.000000E+00  0.000000E+00
 -0.259532  0.000000E+00  0.000000E+00  0.000000E+00
 -0.254849  0.000000E+00  0.000000E+00  0.000000E+00
 -0.250167  0.000000E+00  0.000000E+00  0.000000E+00
 -0.245485  0.000000E+00  0.000000E+00  0.000000E+00
 -0.240803  0.000000E+00  0.000000E+00  0.000000E+00
 -0.236120  0.000000E+00  0.000000E+00  0.000000E+00
 -0.231438  0.000000E+00  0.000000E+00  0.000000E+00
 -0.226756  0.000000E+00  0.000000E+00  0.000000E+00
 -0.222074  0.000000E+00  0.000000E+00  0.000000E+00
 -0.217391  0.000000E+00  0.000000E+00  0.000000E+00
 -0.212709  0.000000E+00  0.000000E+00  0.000000E+00
 -0.208027  0.000000E+00  0.000000E+00  0.000000E+00
 -0.203344  0.000000E+00  0.000000E+00  0.000000E+00
 -0.198662  0.000000E+00  0.000000E+00  0.000000E+00
 -0.193980  0.000000E+00  0.000000E+00  0.000000E+00
 -0.189298  0.000000E+00  0.000000E+00  0.000000E+00
 -0.184615  0.000000E+00  0.000000E+00  0.000000E+00
 -0.179933  0.000000E+00  0.000000E+00  0.000000E+00
 -0.175251  0.000000E+00  0.000000E+00  0.000000E+00
 -0.170569  0.000000E+00  0.000000E+00  0.000000E+00
 -0.165886  0.000000E+00  0.000000E+00  0.000000E+00
 -0.161204  0.000000E+00  0.000000E+00  0.000000E+00
 -0.156522  0.000000E+00  0.000000E+00  0.000000E+00
 -0.151839  0.000000E+00  0.000000E+00  0.000000E+00
 -0.147157  0.000000E+00  0.000000E+00  0.000000E+00
 -0.142475  0.000000E+00  0.000000E+00  0.000000E+00
 -0.137793  0.000000E+00  0.000000E+00  0.000000E+00
 -0.133110  0.000000E+00  0.000000E+00  0.000000E+00
 -0.128428  0.000000E+00  0.000000E+00  0.000000E+00
 -0.123746  0.000000E+00  0.000000E+00  0.000000E+00
 -0.119064  0.000000E+00  0.000000E+00  0.000000E+00
 -0.114381  0.000000E+00  0.000000E+00  0.000000E+00
 -0.109699  0.000000E+00  0.000000E+00  0.000000E+00
 -0.105017  0.000000E+00  0.000000E+00  0.000000E+00
 -0.100334  0.000000E+00  0.000000E+00  0.000000E+00
 -0.095652  0.000000E+00  0.000000E+00  0.000000E+00
 -0.090970  0.000000E+00  0.000000E+00  0.000000E+00
 -0.086288  0.000000E+00  0.000000E+00  0.000000E+00
 -0.081605  0.000000E+00  0.000000E+00  0.000000E+00
 -0.076923  0.000000E+00  0.000000E+00  0.000000E+00
 -0.072241  0.000000E+00  0.000000E+00  0.000000E+00
 -0.067559  0.000000E+00  0.000000E+00  0.000000E+00
 -0.062876  0.000000E+00  0.000000E+00  0.000000E+00
 -0.058194  0.000000E+00  0.000000E+00  0.000000E+00
 -0.053512  0.000000E+00  0.000000E+00  0.000000E+00
 -0.048829  0.000000E+00  0.000000E+00  0.000000E+00
 -0.044147  0.000000E+00  0.000000E+00  0.000000E+00
 -0.039465  0.000000E+00  0.000000E+00  0.000000E+00
 -0.034783  0.000000E+00  0.000000E+00  0.000000E+00
 -0.030100  0.000000E+00  0.000000E+00  0.000000E+00
 -0.025418  0.000000E+00  0.000000E+00  0.000000E+00
 -0.020736  0.000000E+00  0.000000E+00  0.000000E+00
 -0.016054  0.000000E+00  0.000000E+00  0.000000E+00
 -0.011371  0.000000E+00  0.000000E+00  0.000000E+00
 -0.006689  0.000000E+00  0.000000E+00  0.000000E+00
 -0.002007  0.000000E+00  0.000000E+00  0.000000E+00
  0.002676  0.133175E+00  0.665875E-01  0.665875E-01
  0.007358  0.223571E+00  0.111786E+00  0.111786E+00
  0.012040  0.289453E+00  0.144727E+00  0.144727E+00
  0.016722  0.345176E+00  0.172588E+00  0.172588E+00
  0.021405  0.395088E+00  0.197544E+00  0.197544E+00
  0.026087  0.441194E+00  0.220597E+00  0.220597E+00
  0.030769  0.484612E+00  0.242306E+00  0.242306E+00
  0.035452  0.526045E+00  0.263023E+00  0.263023E+00
  0.040134  0.565966E+00  0.282983E+00  0.282983E+00
  0.044816  0.604715E+00  0.302358E+00  0.302358E+00
  0.049498  0.642548E+00  0.321274E+00  0.321274E+00
  0.054181  0.679665E+00  0.339832E+00  0.339832E+00
  0.058863  0.716225E+00  0.358112E+00  0.358112E+00
  0.063545  0.752362E+00  0.376181E+00  0.376181E+00
  0.068227  0.788190E+00  0.394095E+00  0.394095E+00
  0.072910  0.823806E+00  0.411903E+00  0.411903E+00
  0.077592  0.859298E+00  0.429649E+00  0.429649E+00
  0.082274  0.894745E+00  0.447372E+00  0.447372E+00
  0.086957  0.930218E+00  0.465109E+00  0.465109E+00
  0.091639  0.965787E+00  0.482894E+00  0.482894E+00
  0.096321  0.100152E+01  0.500758E+00  0.500758E+00
  0.101003  0.103746E+01  0.518732E+00  0.518732E+00
  0.105686  0.107369E+01  0.536846E+00  0.536846E+00
  0.110368  0.111026E+01  0.555130E+00  0.555130E+00
  0.115050  0.114722E+01  0.573612E+00  0.573612E+00
  0.119732  0.118464E+01  0.592322E+00  0.592322E+00
  0.124415  0.122257E+01  0.611287E+00  0.611287E+00
  0.129097  0.126108E+01  0.630538E+00  0.630538E+00
  0.133779  0.130021E+01  0.650104E+00  0.650104E+00
  0.138462  0.134003E+01  0.670016E+00  0.670016E+00
  0.143144  0.138061E+01  0.690304E+00  0.690304E+00
  0.147826  0.142200E+01  0.711000E+00  0.711000E+00
  0.152508  0.146428E+01  0.732138E+00  0.732138E+00
  0.157191  0.150750E+01  0.753752E+00  0.753752E+00
  0.161873  0.155175E+01  0.775877E+00  0.775877E+00
  0.166555  0.159710E+01  0.798551E+00  0.798551E+00
  0.171237  0.164362E+01  0.821812E+00  0.821812E+00
  0.175920  0.169140E+01  0.845700E+00  0.845700E+00
  0.180602  0.174051E+01  0.870257E+00  0.870257E+00
  0.185284  0.179106E+01  0.895529E+00  0.895529E+00
  0.189967  0.184312E+01  0.921561E+00  0.921561E+00
  0.194649  0.189681E+01  0.948403E+00  0.948403E+00
  0.199331  0.195221E+01  0.976106E+00  0.976106E+00
  0.204013  0.200945E+01  0.100472E+01  0.100472E+01
  0.208696  0.206863E+01  0.103432E+01  0.103432E+01
  0.213378  0.212988E+01  0.106494E+01  0.106494E+01
  0.218060  0.219332E+01  0.109666E+01  0.109666E+01
  0.222742  0.225910E+01  0.112955E+01  0.112955E+01
  0.227425  0.232735E+01  0.116367E+01  0.116367E+01
  0.232107  0.239822E+01  0.119911E+01  0.119911E+01
  0.236789  0.247189E+01  0.123594E+01  0.123594E+01
  0.241472  0.254851E+01  0.127426E+01  0.127426E+01
  0.246154  0.262828E+01  0.131414E+01  0.131414E+01
  0.250836  0.271137E+01  0.135569E+01  0.135569E+01
  0.255518  0.279801E+01  0.139901E+01  0.139901E+01
  0.260201  0.288841E+01  0.144420E+01  0.144420E+01
  0.264883  0.298279E+01  0.149140E+01  0.149140E+01
  0.269565  0.308142E+01  0.154071E+01  0.154071E+01
  0.274247  0.318454E+01  0.159227E+01  0.159227E+01
  0.278930  0.329244E+01  0.164622E+01  0.164622E+01
  0.283612  0.340542E+01  0.170271E+01  0.170271E+01
  0.288294  0.352380E+01  0.176190E+01  0.176190E+01
  0.292977  0.364792E+01  0.182396E+01  0.182396E+01
  0.297659  0.377813E+01  0.188907E+01  0.188907E+01
  0.302341  0.391482E+01  0.195741E+01  0.195741E+01
  0.307023  0.405841E+01  0.202920E+01  0.202920E+01
  0.311706  0.420932E+01  0.210466E+01  0.210466E+01
  0.316388  0.436802E+01  0.218401E+01  0.218401E+01
  0.321070  0.453502E+01  0.226751E+01  0.226751E+01
  0.325753  0.471082E+01  0.235541E+01  0.235541E+01
  0.330435  0.489600E+01  0.244800E+01  0.244800E+01
  0.335117  0.509116E+01  0.254558E+01  0.254558E+01
  0.339799  0.529691E+01  0.264846E+01  0.264846E+01
  0.344482  0.551394E+01  0.275697E+01  0.275697E+01
  0.349164  0.574296E+01  0.287148E+01  0.287148E+01
  0.353846  0.598470E+01  0.299235E+01  0.299235E+01
  0.358528  0.623997E+01  0.311999E+01  0.311999E+01
  0.363211  0.650961E+01  0.325480E+01  0.325480E+01
  0.367893  0.679447E+01  0.339724E+01  0.339724E+01
  0.372575  0.709549E+01  0.354775E+01  0.354775E+01
  0.377258  0.741362E+01  0.370681E+01  0.370681E+01
  0.381940  0.774984E+01  0.387492E+01  0.387492E+01
  0.386622  0.810517E+01  0.405259E+01  0.405259E+01
  0.391304  0.848068E+01  0.424034E+01  0.424034E+01
  0.395987  0.887741E+01  0.443870E+01  0.443870E+01
  0.400669  0.929644E+01  0.464822E+01  0.464822E+01
  0.405351  0.973884E+01  0.486942E+01  0.486942E+01
  0.410033  0.102057E+02  0.510283E+01  0.510283E+01
  0.414716  0.106979E+02  0.534894E+01  0.534894E+01
  0.419398  0.112164E+02  0.560821E+01  0.560821E+01
  0.424080  0.117621E+02  0.588107E+01  0.588107E+01
  0.428763  0.123357E+02  0.616787E+01  0.616787E+01
  0.433445  0.129377E+02  0.646886E+01  0.646886E+01
  0.438127  0.135684E+02  0.678419E+01  0.678419E+01
  0.442809  0.142278E+02  0.711388E+01  0.711388E+01
  0.447492  0.149155E+02  0.745777E+01  0.745777E+01
  0.452174  0.156310E+02  0.781552E+01  0.781552E+01
  0.456856  0.163730E+02  0.818652E+01  0.818652E+01
  0.461538  0.171398E+02  0.856992E+01  0.856992E+01
  0.466221  0.179291E+02  0.896456E+01  0.896456E+01
  0.470903  0.187379E+02  0.936895E+01  0.936895E+01
  0.475585  0.195624E+02  0.978121E+01  0.978121E+01
  0.480268  0.203982E+02  0.101991E+02  0.101991E+02
  0.484950  0.212400E+02  0.106200E+02  0.106200E+02
  0.489632  0.220817E+02  0.110409E+02  0.110409E+02
  0.494314  0.229165E+02  0.114583E+02  0.114583E+02
  0.498997  0.237370E+02  0.118685E+02  0.118685E+02
  0.503679  0.245351E+02  0.122675E+02  0.122675E+02
  0.508361  0.253024E+02  0.126512E+02  0.126512E+02
  0.513043  0.260304E+02  0.130152E+02  0.130152E+02
  0.517726  0.267105E+02  0.133553E+02  0.133553E+02
  0.522408  0.273347E+02  0.136674E+02  0.136674E+02
  0.527090  0.278953E+02  0.139477E+02  0.139477E+02
  0.531773  0.283857E+02  0.141929E+02  0.141929E+02
  0.536455  0.288003E+02  0.144002E+02  0.144002E+02
  0.541137  0.291349E+02  0.145675E+02  0.145675E+02
  0.545819  0.293867E+02  0.146933E+02  0.146933E+02
  0.550502  0.295544E+02  0.147772E+02  0.147772E+02
  0.555184  0.296383E+02  0.148192E+02  0.148192E+02
  0.559866  0.296403E+02  0.148202E+02  0.148202E+02
  0.564548  0.295636E+02  0.147818E+02  0.147818E+02
  0.569231  0.294125E+02  0.147062E+02  0.147062E+02
  0.573913  0.291922E+02  0.145961E+02  0.145961E+02
  0.578595  0.289090E+02  0.144545E+02  0.144545E+02
  0.583278  0.285694E+02  0.142847E+02  0.142847E+02
  0.587960  0.281803E+02  0.140901E+02  0.140901E+02
  0.592642  0.277486E+02  0.138743E+02  0.138743E+02
  0.597324  0.272811E+02  0.136406E+02  0.136406E+02
  0.602007  0.267845E+02  0.133923E+02  0.133923E+02
  0.606689  0.262650E+02  0.131325E+02  0.131325E+02
  0.611371  0.257283E+02  0.128641E+02  0.128641E+02
  0.616054  0.251796E+02  0.125898E+02  0.125898E+02
  0.620736  0.246237E+02  0.123119E+02  0.123119E+02
  0.625418  0.240647E+02  0.120324E+02  0.120324E+02
  0.630100  0.235063E+02  0.117532E+02  0.117532E+02
  0.634783  0.229516E+02  0.114758E+02  0.114758E+02
  0.639465  0.224032E+02  0.112016E+02  0.112016E+02
  0.644147  0.218633E+02  0.109316E+02  0.109316E+02
  0.648829  0.213337E+02  0.106668E+02  0.106668E+02
  0.653512  0.208159E+02  0.104079E+02  0.104079E+02
  0.658194  0.203109E+02  0.101555E+02  0.101555E+02
  0.662876  0.198197E+02  0.990987E+01  0.990987E+01
  0.667559  0.193429E+02  0.967145E+01  0.967145E+01
  0.672241  0.188808E+02  0.944040E+01  0.944040E+01
  0.676923  0.184337E+02  0.921684E+01  0.921684E+01
  0.681605  0.180016E+02  0.900081E+01  0.900081E+01
  0.686288  0.175846E+02  0.879231E+01  0.879231E+01
  0.690970  0.171825E+02  0.859125E+01  0.859125E+01
  0.695652  0.167951E+02  0.839754E+01  0.839754E+01
  0.700334  0.164221E+02  0.821103E+01  0.821103E+01
  0.705017  0.160631E+02  0.803157E+01  0.803157E+01
  0.709699  0.157179E+02  0.785895E+01  0.785895E+01
  0.714381  0.153860E+02  0.769300E+01  0.769300E+01
  0.719064  0.150670E+02  0.753349E+01  0.753349E+01
  0.723746  0.147604E+02  0.738022E+01  0.738022E+01
  0.728428  0.144659E+02  0.723297E+01  0.723297E+01
  0.733110  0.141831E+02  0.709153E+01  0.709153E+01
  0.737793  0.139113E+02  0.695566E+01  0.695566E+01
  0.742475  0.136503E+02  0.682516E+01  0.682516E+01
  0.747157  0.133996E+02  0.669981E+01  0.669981E+01
  0.751839  0.131588E+02  0.657942E+01  0.657942E+01
  0.756522  0.129275E+02  0.646377E+01  0.646377E+01
  0.761204  0.127053E+02  0.635267E+01  0.635267E+01
  0.765886  0.124919E+02  0.624594E+01  0.624594E+01
  0.770569  0.122868E+02  0.614338E+01  0.614338E+01
  0.775251  0.120897E+02  0.604483E+01  0.604483E+01
  0.779933  0.119002E+02  0.595011E+01  0.595011E+01
  0.784615  0.117181E+02  0.585907E+01  0.585907E+01
  0.789298  0.115431E+02  0.577154E+01  0.577154E+01
  0.793980  0.113747E+02  0.568737E+01  0.568737E+01
  0.798662  0.112129E+02  0.560643E+01  0.560643E+01
  0.803344  0.110572E+02  0.552858E+01  0.552858E+01
  0.808027  0.109074E+02  0.545368E+01  0.545368E+01
  0.812709  0.107632E+02  0.538162E+01  0.538162E+01
  0.817391  0.106245E+02  0.531227E+01  0.531227E+01
  0.822074  0.104910E+02  0.524552E+01  0.524552E+01
  0.826756  0.103625E+02  0.518126E+01  0.518126E+01
  0.831438  0.102388E+02  0.511940E+01  0.511940E+01
  0.836120  0.101196E+02  0.505982E+01  0.505982E+01
  0.840803  0.100049E+02  0.500245E+01  0.500245E+01
  0.845485  0.989435E+01  0.494718E+01  0.494718E+01
  0.850167  0.978787E+01  0.489393E+01  0.489393E+01
  0.854849  0.968527E+01  0.484263E+01  0.484263E+01
  0.859532  0.958640E+01  0.479320E+01  0.479320E+01
  0.864214  0.949112E+01  0.474556E+01  0.474556E+01
  0.868896  0.939928E+01  0.469964E+01  0.469964E+01
  0.873579  0.931076E+01  0.465538E+01  0.465538E+01
  0.878261  0.922542E+01  0.461271E+01  0.461271E+01
  0.882943  0.914314E+01  0.457157E+01  0.457157E+01
  0.887625  0.906381E+01  0.453190E+01  0.453190E+01
  0.892308  0.898731E+01  0.449366E+01  0.449366E+01
  0.896990  0.891355E+01  0.445678E+01  0.445678E+01
  0.901672  0.884242E+01  0.442121E+01  0.442121E+01
  0.906355  0.877382E+01  0.438691E+01  0.438691E+01
  0.911037  0.870767E+01  0.435384E+01  0.435384E+01
  0.915719  0.864388E+01  0.432194E+01  0.432194E+01
  0.920401  0.858235E+01  0.429118E+01  0.429118E+01
  0.925084  0.852302E+01  0.426151E+01  0.426151E+01
  0.929766  0.846580E+01  0.423290E+01  0.423290E+01
  0.934448  0.841063E+01  0.420531E+01  0.420531E+01
  0.939130  0.835743E+01  0.417871E+01  0.417871E+01
  0.943813  0.830613E+01  0.415307E+01  0.415307E+01
  0.948495  0.825668E+01  0.412834E+01  0.412834E+01
  0.953177  0.820901E+01  0.410451E+01  0.410451E+01
  0.957860  0.816306E+01  0.408153E+01  0.408153E+01
  0.962542  0.811878E+01  0.405939E+01  0.405939E+01
  0.967224  0.807612E+01  0.403806E+01  0.403806E+01
  0.971906  0.803501E+01  0.401751E+01  0.401751E+01
  0.976589  0.799542E+01  0.399771E+01  0.399771E+01
  0.981271  0.795729E+01  0.397864E+01  0.397864E+01
  0.985953  0.792058E+01  0.396029E+01  0.396029E+01
  0.990635  0.788525E+01  0.394262E+01  0.394262E+01
  0.995318  0.785125E+01  0.392562E+01  0.392562E+01
  1.000000  0.781854E+01  0.390927E+01  0.390927E+01
