Source Code Version           : : Develop                                       
System Description            : Cu, fcc structure                               
Number of Atoms in Unit Cell  : 1                                               
Number of Atomic Species      : 1                                               
Number of Atoms in Each Type  : 1(Cu)                                           
Unit Cell Volume (au^3)       : 0.71874000D+02                                  
Average Atomic Volume (au^3)  : 71.87400                                        
Energy Offset                 : -3275                                           
=======================================================================================
    Iter     Energy      3PV     Efermi   Rms_rho    Rms_pot   Mix  Alg  Alpha 
---------------------------------------------------------------------------------------
**       1  -0.773811   0.14618  0.69078  0.385E-03  0.413E-04  pot  B   0.1000
         2  -0.773817   0.12945  0.69246  0.472E-05  0.107E-04  pot  B   0.1000
         3  -0.773809   0.13025  0.69327  0.330E-06  0.106E-04  pot  B   0.1000
         4  -0.773802   0.12132  0.69332  0.250E-05  0.152E-04  pot  B   0.1000
         5  -0.773776   0.12659  0.69330  0.137E-05  0.547E-05  pot  B   0.1000
         6  -0.773841   0.12440  0.69325  0.673E-06  0.948E-05  pot  B   0.1000
         7  -0.773777   0.12808  0.69324  0.101E-05  0.219E-05  pot  B   0.1000
         8  -0.767950   0.31761  0.69766  0.588E-04  0.354E-03  pot  B   0.1000
         9  -0.779508   0.23815  0.70266  0.109E-03  0.729E-03  pot  B   0.1000
        10  -0.758406   0.46401  0.69766  0.158E-03  0.559E-03  pot  B   0.1000
        11  -0.775126   0.09735  0.68993  0.105E-03  0.571E-04  pot  B   0.1000
**      12  -0.773811   0.14618  0.69078  0.385E-03  0.413E-04  pot  B   0.0020
        13  -0.773818   0.13860  0.69241  0.241E-05  0.268E-04  pot  B   0.0020
        14  -0.773811   0.13934  0.69319  0.291E-06  0.280E-04  pot  B   0.0020
        15  -0.773807   0.13296  0.69317  0.161E-05  0.158E-04  pot  B   0.0020
        16  -0.773816   0.13767  0.69312  0.121E-05  0.247E-04  pot  B   0.0020
        17  -0.773850   0.13658  0.69310  0.335E-06  0.229E-04  pot  B   0.0020
        18  -0.774001   0.13154  0.69299  0.168E-05  0.145E-04  pot  B   0.0020
        19  -0.773995   0.13163  0.69300  0.303E-07  0.146E-04  pot  B   0.0020
        20  -0.773990   0.13204  0.69300  0.124E-06  0.154E-04  pot  B   0.0020
        21  -0.774039   0.12989  0.69295  0.800E-06  0.124E-04  pot  B   0.0020
        22  -0.771629   0.20604  0.69477  0.233E-04  0.153E-03  pot  B   0.0020
        23  -0.773535   0.37864  0.69977  0.122E-03  0.811E-03  pot  B   0.0020
**      24  -0.773811   0.14618  0.69078  0.385E-03  0.413E-04  pot  A   0.0100
        25  -0.773818   0.13786  0.69241  0.259E-05  0.254E-04  pot  A   0.0100
        26  -0.773810   0.13783  0.69320  0.176E-06  0.251E-04  pot  A   0.0100
        27  -0.773806   0.13624  0.69315  0.393E-06  0.219E-04  pot  A   0.0100
        28  -0.820315  -0.18851  0.69815  0.407E-03  0.208E-02  pot  A   0.0100
        29  -0.714967   0.77632  0.69315  0.869E-03  0.265E-02  pot  A   0.0100
        30  -0.632764   1.57382  0.68815  0.764E-03  0.860E-02  pot  A   0.0100
        31  -0.606363   1.65613  0.68315  0.462E-03  0.149E-01  pot  A   0.0100
        32  -0.511338   3.15538  0.67815  0.103E-02  0.351E-01  pot  A   0.0100
        33  -0.525021   2.71651  0.67315  0.204E-03  0.359E-01  pot  A   0.0100
        34   0.295788  17.73908  0.66815  0.118E-01  0.589E-01  pot  A   0.0100
        35  -1.074584  -3.83579  0.67315  0.165E-01  0.982E-02  pot  A   0.0100
        36  -0.338548   7.11052  0.66815  0.850E-02  0.500E-01  pot  A   0.0100
        37  -1.181720  -4.88445  0.67315  0.927E-02  0.132E-01  pot  A   0.0100
**      38  -0.773811   0.14618  0.69078  0.385E-03  0.413E-04  pot  S   0.1000
        39  -0.773817   0.12945  0.69246  0.472E-05  0.107E-04  pot  S   0.1000
        40  -0.773809   0.13031  0.69327  0.343E-06  0.108E-04  pot  S   0.1000
        41  -0.773805   0.12992  0.69320  0.131E-06  0.913E-05  pot  S   0.1000
        42  -0.773805   0.12904  0.69322  0.253E-06  0.694E-05  pot  S   0.1000
        43  -0.773804   0.12870  0.69322  0.111E-06  0.568E-05  pot  S   0.1000
        44  -0.773804   0.12857  0.69323  0.611E-07  0.479E-05  pot  S   0.1000
        45  -0.773804   0.12854  0.69323  0.364E-07  0.411E-05  pot  S   0.1000
        46  -0.773804   0.12857  0.69323  0.263E-07  0.358E-05  pot  S   0.1000
        47  -0.773804   0.12861  0.69324  0.220E-07  0.313E-05  pot  S   0.1000
        48  -0.773804   0.12867  0.69324  0.195E-07  0.276E-05  pot  S   0.1000
        49  -0.773804   0.12872  0.69324  0.174E-07  0.243E-05  pot  S   0.1000
        50  -0.773804   0.12877  0.69324  0.154E-07  0.215E-05  pot  S   0.1000
        51  -0.773804   0.12881  0.69324  0.136E-07  0.190E-05  pot  S   0.1000
        52  -0.773804   0.12885  0.69324  0.122E-07  0.169E-05  pot  S   0.1000
        53  -0.773804   0.12889  0.69324  0.140E-07  0.150E-05  pot  S   0.1000
        54  -0.773805   0.12889  0.69325  0.334E-07  0.136E-05  pot  S   0.1000
        55  -0.773801   0.12901  0.69325  0.112E-06  0.131E-05  pot  S   0.1000
        56  -0.773813   0.12870  0.69325  0.385E-06  0.161E-05  pot  S   0.1000
        57  -0.773767   0.12989  0.69325  0.134E-05  0.335E-05  pot  S   0.1000
        58  -0.773918   0.12587  0.69326  0.466E-05  0.105E-04  pot  S   0.1000
        59  -0.776320   0.13674  0.69330  0.815E-04  0.416E-03  pot  S   0.1000
        60  23.925450  444.2748  0.68830  0.262E+01  0.636E+01  pot  S   0.1000
        61 ********** *********  0.68330  0.237E+02  0.954E+02  pot  S   0.1000
**      62  -0.798769  -0.25267  0.68301  0.269E-03  0.609E-02  pot  B   0.1000
        63  -0.771570   1.59139  0.68671  0.482E-03  0.273E-02  pot  B   0.1000
        64  -0.772902   0.87646  0.69038  0.180E-03  0.149E-02  pot  B   0.1000
        65  -0.773445   0.10059  0.69511  0.197E-03  0.366E-03  pot  B   0.1000
        66  -0.773549   0.13455  0.69439  0.922E-05  0.235E-03  pot  B   0.1000
        67  -0.773651   0.13099  0.69400  0.550E-05  0.138E-03  pot  B   0.1000
        68  -0.773786   0.09123  0.69367  0.111E-04  0.865E-04  pot  B   0.1000
        69  -0.773796   0.13046  0.69332  0.106E-04  0.667E-05  pot  B   0.1000
        70  -0.773797   0.11215  0.69344  0.500E-05  0.394E-04  pot  B   0.1000
        71  -0.773803   0.13020  0.69324  0.493E-05  0.227E-05  pot  B   0.1000
        72  -0.773804   0.12936  0.69325  0.233E-06  0.597E-06  pot  B   0.1000
        73  -0.773804   0.12984  0.69325  0.127E-06  0.155E-05  pot  B   0.1000
        74  -0.773804   0.12908  0.69325  0.207E-06  0.120E-07  pot  B   0.1000
        75  -0.773804   0.12908  0.69325  0.175E-08  0.235E-07  pot  B   0.1000
        76  -0.773804   0.12908  0.69325  0.217E-09  0.110E-07  pot  B   0.1000
