DOS Data: Atom #   1
--------------------------------
Fermi energy:  0.61895236                                   
LIZ Radius: 12.47725931                                     
Num Energy Points:   500                                    
--------------------------------
        Energy           DOS
     -0.400000      0.251381E-01
     -0.397194      0.253212E-01
     -0.394389      0.255067E-01
     -0.391583      0.256947E-01
     -0.388778      0.258853E-01
     -0.385972      0.260785E-01
     -0.383166      0.262744E-01
     -0.380361      0.264730E-01
     -0.377555      0.266744E-01
     -0.374749      0.268786E-01
     -0.371944      0.270858E-01
     -0.369138      0.272960E-01
     -0.366333      0.275092E-01
     -0.363527      0.277255E-01
     -0.360721      0.279450E-01
     -0.357916      0.281677E-01
     -0.355110      0.283938E-01
     -0.352305      0.286233E-01
     -0.349499      0.288563E-01
     -0.346693      0.290929E-01
     -0.343888      0.293331E-01
     -0.341082      0.295771E-01
     -0.338277      0.298249E-01
     -0.335471      0.300767E-01
     -0.332665      0.303325E-01
     -0.329860      0.305925E-01
     -0.327054      0.308567E-01
     -0.324248      0.311253E-01
     -0.321443      0.313983E-01
     -0.318637      0.316760E-01
     -0.315832      0.319584E-01
     -0.313026      0.322456E-01
     -0.310220      0.325379E-01
     -0.307415      0.328352E-01
     -0.304609      0.331379E-01
     -0.301804      0.334460E-01
     -0.298998      0.337597E-01
     -0.296192      0.340791E-01
     -0.293387      0.344045E-01
     -0.290581      0.347360E-01
     -0.287776      0.350738E-01
     -0.284970      0.354182E-01
     -0.282164      0.357692E-01
     -0.279359      0.361272E-01
     -0.276553      0.364924E-01
     -0.273747      0.368650E-01
     -0.270942      0.372453E-01
     -0.268136      0.376335E-01
     -0.265331      0.380299E-01
     -0.262525      0.384349E-01
     -0.259719      0.388487E-01
     -0.256914      0.392717E-01
     -0.254108      0.397042E-01
     -0.251303      0.401467E-01
     -0.248497      0.405994E-01
     -0.245691      0.410629E-01
     -0.242886      0.415376E-01
     -0.240080      0.420239E-01
     -0.237275      0.425224E-01
     -0.234469      0.430336E-01
     -0.231663      0.435581E-01
     -0.228858      0.440966E-01
     -0.226052      0.446497E-01
     -0.223246      0.452181E-01
     -0.220441      0.458026E-01
     -0.217635      0.464041E-01
     -0.214830      0.470235E-01
     -0.212024      0.476618E-01
     -0.209218      0.483201E-01
     -0.206413      0.489996E-01
     -0.203607      0.497015E-01
     -0.200802      0.504273E-01
     -0.197996      0.511786E-01
     -0.195190      0.519572E-01
     -0.192385      0.527650E-01
     -0.189579      0.536040E-01
     -0.186774      0.544769E-01
     -0.183968      0.553863E-01
     -0.181162      0.563352E-01
     -0.178357      0.573273E-01
     -0.175551      0.583665E-01
     -0.172745      0.594575E-01
     -0.169940      0.606057E-01
     -0.167134      0.618174E-01
     -0.164329      0.631000E-01
     -0.161523      0.644624E-01
     -0.158717      0.659153E-01
     -0.155912      0.674719E-01
     -0.153106      0.691481E-01
     -0.150301      0.709642E-01
     -0.147495      0.729462E-01
     -0.144689      0.751278E-01
     -0.141884      0.775540E-01
     -0.139078      0.802868E-01
     -0.136273      0.834139E-01
     -0.133467      0.870654E-01
     -0.130661      0.914429E-01
     -0.127856      0.968817E-01
     -0.125050      0.103987E+00
     -0.122244      0.113983E+00
     -0.119439      0.129773E+00
     -0.116633      0.159754E+00
     -0.113828      0.227307E+00
     -0.111022      0.290503E+00
     -0.108216      0.356518E+00
     -0.105411      0.510498E+00
     -0.102605      0.450020E+00
     -0.099800      0.554035E+00
     -0.096994      0.539595E+00
     -0.094188      0.624570E+00
     -0.091383      0.708551E+00
     -0.088577      0.721943E+00
     -0.085772      0.915875E+00
     -0.082966      0.689568E+00
     -0.080160      0.731485E+00
     -0.077355      0.714721E+00
     -0.074549      0.950402E+00
     -0.071743      0.984996E+00
     -0.068938      0.112606E+01
     -0.066132      0.120973E+01
     -0.063327      0.870662E+00
     -0.060521      0.874737E+00
     -0.057715      0.911754E+00
     -0.054910      0.122648E+01
     -0.052104      0.113555E+01
     -0.049299      0.143570E+01
     -0.046493      0.121354E+01
     -0.043687      0.126459E+01
     -0.040882      0.118103E+01
     -0.038076      0.145821E+01
     -0.035271      0.141791E+01
     -0.032465      0.153017E+01
     -0.029659      0.136413E+01
     -0.026854      0.133647E+01
     -0.024048      0.129119E+01
     -0.021242      0.144429E+01
     -0.018437      0.170645E+01
     -0.015631      0.218044E+01
     -0.012826      0.184070E+01
     -0.010020      0.186086E+01
     -0.007214      0.170058E+01
     -0.004409      0.167391E+01
     -0.001603      0.196395E+01
      0.001202      0.208890E+01
      0.004008      0.208021E+01
      0.006814      0.251062E+01
      0.009619      0.260649E+01
      0.012425      0.257862E+01
      0.015230      0.295693E+01
      0.018036      0.362991E+01
      0.020842      0.435526E+01
      0.023647      0.515553E+01
      0.026453      0.648758E+01
      0.029259      0.799657E+01
      0.032064      0.912426E+01
      0.034870      0.102810E+02
      0.037675      0.109094E+02
      0.040481      0.109117E+02
      0.043287      0.954191E+01
      0.046092      0.817501E+01
      0.048898      0.731287E+01
      0.051703      0.700781E+01
      0.054509      0.741253E+01
      0.057315      0.748120E+01
      0.060120      0.750546E+01
      0.062926      0.777823E+01
      0.065731      0.691195E+01
      0.068537      0.604724E+01
      0.071343      0.555094E+01
      0.074148      0.512224E+01
      0.076954      0.431021E+01
      0.079760      0.374526E+01
      0.082565      0.304755E+01
      0.085371      0.243807E+01
      0.088176      0.213964E+01
      0.090982      0.202583E+01
      0.093788      0.197681E+01
      0.096593      0.186360E+01
      0.099399      0.185818E+01
      0.102204      0.192204E+01
      0.105010      0.188756E+01
      0.107816      0.156491E+01
      0.110621      0.181887E+01
      0.113427      0.198740E+01
      0.116232      0.191987E+01
      0.119038      0.200363E+01
      0.121844      0.211088E+01
      0.124649      0.193356E+01
      0.127455      0.170954E+01
      0.130261      0.174927E+01
      0.133066      0.197311E+01
      0.135872      0.203367E+01
      0.138677      0.220627E+01
      0.141483      0.236420E+01
      0.144289      0.254835E+01
      0.147094      0.255054E+01
      0.149900      0.227260E+01
      0.152705      0.245117E+01
      0.155511      0.250225E+01
      0.158317      0.273819E+01
      0.161122      0.245469E+01
      0.163928      0.259055E+01
      0.166733      0.216700E+01
      0.169539      0.178174E+01
      0.172345      0.216581E+01
      0.175150      0.322416E+01
      0.177956      0.401522E+01
      0.180762      0.362058E+01
      0.183567      0.303058E+01
      0.186373      0.299097E+01
      0.189178      0.315697E+01
      0.191984      0.292251E+01
      0.194790      0.296043E+01
      0.197595      0.344301E+01
      0.200401      0.353993E+01
      0.203206      0.339241E+01
      0.206012      0.357185E+01
      0.208818      0.412200E+01
      0.211623      0.338606E+01
      0.214429      0.329533E+01
      0.217234      0.379693E+01
      0.220040      0.460822E+01
      0.222846      0.426545E+01
      0.225651      0.409010E+01
      0.228457      0.371719E+01
      0.231263      0.374915E+01
      0.234068      0.403458E+01
      0.236874      0.419690E+01
      0.239679      0.542530E+01
      0.242485      0.656174E+01
      0.245291      0.559534E+01
      0.248096      0.501283E+01
      0.250902      0.539496E+01
      0.253707      0.631229E+01
      0.256513      0.722257E+01
      0.259319      0.844403E+01
      0.262124      0.967567E+01
      0.264930      0.104256E+02
      0.267735      0.103764E+02
      0.270541      0.108769E+02
      0.273347      0.117907E+02
      0.276152      0.117849E+02
      0.278958      0.124369E+02
      0.281764      0.129159E+02
      0.284569      0.120832E+02
      0.287375      0.106864E+02
      0.290180      0.100143E+02
      0.292986      0.898326E+01
      0.295792      0.939150E+01
      0.298597      0.107278E+02
      0.301403      0.110142E+02
      0.304208      0.107880E+02
      0.307014      0.104320E+02
      0.309820      0.114672E+02
      0.312625      0.124958E+02
      0.315431      0.139455E+02
      0.318236      0.152552E+02
      0.321042      0.181138E+02
      0.323848      0.220199E+02
      0.326653      0.267296E+02
      0.329459      0.328245E+02
      0.332265      0.351313E+02
      0.335070      0.370133E+02
      0.337876      0.399853E+02
      0.340681      0.459582E+02
      0.343487      0.615057E+02
      0.346293      0.771317E+02
      0.349098      0.899983E+02
      0.351904      0.923818E+02
      0.354709      0.889973E+02
      0.357515      0.803693E+02
      0.360321      0.762140E+02
      0.363126      0.696754E+02
      0.365932      0.538314E+02
      0.368737      0.511165E+02
      0.371543      0.520724E+02
      0.374349      0.559397E+02
      0.377154      0.690498E+02
      0.379960      0.854857E+02
      0.382766      0.949632E+02
      0.385571      0.917091E+02
      0.388377      0.890751E+02
      0.391182      0.921567E+02
      0.393988      0.934122E+02
      0.396794      0.931285E+02
      0.399599      0.922642E+02
      0.402405      0.948755E+02
      0.405210      0.109286E+03
      0.408016      0.133399E+03
      0.410822      0.138616E+03
      0.413627      0.112233E+03
      0.416433      0.794939E+02
      0.419238      0.576579E+02
      0.422044      0.465847E+02
      0.424850      0.391883E+02
      0.427655      0.330055E+02
      0.430461      0.273235E+02
      0.433267      0.221849E+02
      0.436072      0.180970E+02
      0.438878      0.135166E+02
      0.441683      0.105095E+02
      0.444489      0.865461E+01
      0.447295      0.841409E+01
      0.450100      0.887717E+01
      0.452906      0.940186E+01
      0.455711      0.874422E+01
      0.458517      0.733230E+01
      0.461323      0.653876E+01
      0.464128      0.601503E+01
      0.466934      0.596728E+01
      0.469739      0.608731E+01
      0.472545      0.796331E+01
      0.475351      0.108727E+02
      0.478156      0.116023E+02
      0.480962      0.118731E+02
      0.483768      0.104984E+02
      0.486573      0.956709E+01
      0.489379      0.850614E+01
      0.492184      0.100651E+02
      0.494990      0.991476E+01
      0.497796      0.903237E+01
      0.500601      0.958567E+01
      0.503407      0.979410E+01
      0.506212      0.933896E+01
      0.509018      0.798539E+01
      0.511824      0.722156E+01
      0.514629      0.668983E+01
      0.517435      0.798864E+01
      0.520240      0.870740E+01
      0.523046      0.607446E+01
      0.525852      0.455891E+01
      0.528657      0.482473E+01
      0.531463      0.595873E+01
      0.534269      0.800284E+01
      0.537074      0.774425E+01
      0.539880      0.763642E+01
      0.542685      0.735071E+01
      0.545491      0.716577E+01
      0.548297      0.826063E+01
      0.551102      0.694869E+01
      0.553908      0.476811E+01
      0.556713      0.445283E+01
      0.559519      0.402561E+01
      0.562325      0.424158E+01
      0.565130      0.401565E+01
      0.567936      0.517407E+01
      0.570741      0.614865E+01
      0.573547      0.619177E+01
      0.576353      0.515028E+01
      0.579158      0.552289E+01
      0.581964      0.580218E+01
      0.584770      0.440492E+01
      0.587575      0.414508E+01
      0.590381      0.456763E+01
      0.593186      0.609444E+01
      0.595992      0.635913E+01
      0.598798      0.478793E+01
      0.601603      0.372299E+01
      0.604409      0.353896E+01
      0.607214      0.387215E+01
      0.610020      0.469725E+01
      0.612826      0.564904E+01
      0.615631      0.437503E+01
      0.618437      0.415859E+01
      0.621242      0.472026E+01
      0.624048      0.484635E+01
      0.626854      0.410920E+01
      0.629659      0.357569E+01
      0.632465      0.365614E+01
      0.635271      0.378547E+01
      0.638076      0.318803E+01
      0.640882      0.308292E+01
      0.643687      0.301195E+01
      0.646493      0.342210E+01
      0.649299      0.404681E+01
      0.652104      0.391862E+01
      0.654910      0.327479E+01
      0.657715      0.375823E+01
      0.660521      0.480585E+01
      0.663327      0.527097E+01
      0.666132      0.374340E+01
      0.668938      0.277746E+01
      0.671743      0.287644E+01
      0.674549      0.265408E+01
      0.677355      0.263028E+01
      0.680160      0.291634E+01
      0.682966      0.309904E+01
      0.685772      0.371150E+01
      0.688577      0.319181E+01
      0.691383      0.274896E+01
      0.694188      0.244938E+01
      0.696994      0.251190E+01
      0.699800      0.270810E+01
      0.702605      0.314973E+01
      0.705411      0.373226E+01
      0.708216      0.357555E+01
      0.711022      0.298531E+01
      0.713828      0.269050E+01
      0.716633      0.267081E+01
      0.719439      0.218573E+01
      0.722244      0.259496E+01
      0.725050      0.281474E+01
      0.727856      0.205910E+01
      0.730661      0.241173E+01
      0.733467      0.308073E+01
      0.736273      0.247334E+01
      0.739078      0.185182E+01
      0.741884      0.187296E+01
      0.744689      0.147399E+01
      0.747495      0.145007E+01
      0.750301      0.156644E+01
      0.753106      0.157605E+01
      0.755912      0.225128E+01
      0.758717      0.243403E+01
      0.761523      0.299053E+01
      0.764329      0.305457E+01
      0.767134      0.242316E+01
      0.769940      0.247191E+01
      0.772745      0.232817E+01
      0.775551      0.253038E+01
      0.778357      0.345514E+01
      0.781162      0.319666E+01
      0.783968      0.300352E+01
      0.786774      0.356028E+01
      0.789579      0.426388E+01
      0.792385      0.450651E+01
      0.795190      0.441029E+01
      0.797996      0.391984E+01
      0.800802      0.418142E+01
      0.803607      0.440299E+01
      0.806413      0.478810E+01
      0.809218      0.555908E+01
      0.812024      0.466071E+01
      0.814830      0.338023E+01
      0.817635      0.344432E+01
      0.820441      0.425376E+01
      0.823246      0.446174E+01
      0.826052      0.347078E+01
      0.828858      0.357681E+01
      0.831663      0.404058E+01
      0.834469      0.494795E+01
      0.837275      0.581545E+01
      0.840080      0.619802E+01
      0.842886      0.604700E+01
      0.845691      0.545075E+01
      0.848497      0.608945E+01
      0.851303      0.544304E+01
      0.854108      0.506220E+01
      0.856914      0.605528E+01
      0.859719      0.590268E+01
      0.862525      0.552062E+01
      0.865331      0.479337E+01
      0.868136      0.499756E+01
      0.870942      0.449160E+01
      0.873747      0.401651E+01
      0.876553      0.496201E+01
      0.879359      0.608030E+01
      0.882164      0.612063E+01
      0.884970      0.542666E+01
      0.887776      0.406381E+01
      0.890581      0.365424E+01
      0.893387      0.434939E+01
      0.896192      0.502154E+01
      0.898998      0.545200E+01
      0.901804      0.592321E+01
      0.904609      0.496784E+01
      0.907415      0.435604E+01
      0.910220      0.418003E+01
      0.913026      0.363633E+01
      0.915832      0.353690E+01
      0.918637      0.352078E+01
      0.921443      0.396630E+01
      0.924248      0.467944E+01
      0.927054      0.570329E+01
      0.929860      0.643227E+01
      0.932665      0.595600E+01
      0.935471      0.490153E+01
      0.938277      0.413164E+01
      0.941082      0.427773E+01
      0.943888      0.519930E+01
      0.946693      0.516384E+01
      0.949499      0.433310E+01
      0.952305      0.366161E+01
      0.955110      0.392235E+01
      0.957916      0.451998E+01
      0.960721      0.523308E+01
      0.963527      0.490358E+01
      0.966333      0.478393E+01
      0.969138      0.559053E+01
      0.971944      0.523269E+01
      0.974749      0.537841E+01
      0.977555      0.559177E+01
      0.980361      0.494893E+01
      0.983166      0.507944E+01
      0.985972      0.469415E+01
      0.988778      0.433436E+01
      0.991583      0.452260E+01
      0.994389      0.537682E+01
      0.997194      0.584362E+01
      1.000000      0.470880E+01
