DOS Data: Averaged over      2 atoms
--------------------------------
Fermi energy:  0.61895236                                   
LIZ Radius: 12.47725931                                     
Num Energy Points:   500                                    
--------------------------------
        Energy           DOS
     -0.400000      0.394945E-01
     -0.397194      0.398903E-01
     -0.394389      0.402930E-01
     -0.391583      0.407026E-01
     -0.388778      0.411193E-01
     -0.385972      0.415434E-01
     -0.383166      0.419751E-01
     -0.380361      0.424144E-01
     -0.377555      0.428616E-01
     -0.374749      0.433169E-01
     -0.371944      0.437806E-01
     -0.369138      0.442527E-01
     -0.366333      0.447336E-01
     -0.363527      0.452235E-01
     -0.360721      0.457226E-01
     -0.357916      0.462312E-01
     -0.355110      0.467494E-01
     -0.352305      0.472776E-01
     -0.349499      0.478161E-01
     -0.346693      0.483651E-01
     -0.343888      0.489249E-01
     -0.341082      0.494958E-01
     -0.338277      0.500782E-01
     -0.335471      0.506723E-01
     -0.332665      0.512785E-01
     -0.329860      0.518971E-01
     -0.327054      0.525286E-01
     -0.324248      0.531732E-01
     -0.321443      0.538314E-01
     -0.318637      0.545035E-01
     -0.315832      0.551901E-01
     -0.313026      0.558915E-01
     -0.310220      0.566082E-01
     -0.307415      0.573407E-01
     -0.304609      0.580894E-01
     -0.301804      0.588549E-01
     -0.298998      0.596377E-01
     -0.296192      0.604384E-01
     -0.293387      0.612575E-01
     -0.290581      0.620957E-01
     -0.287776      0.629536E-01
     -0.284970      0.638319E-01
     -0.282164      0.647311E-01
     -0.279359      0.656522E-01
     -0.276553      0.665958E-01
     -0.273747      0.675626E-01
     -0.270942      0.685537E-01
     -0.268136      0.695697E-01
     -0.265331      0.706116E-01
     -0.262525      0.716805E-01
     -0.259719      0.727771E-01
     -0.256914      0.739027E-01
     -0.254108      0.750583E-01
     -0.251303      0.762451E-01
     -0.248497      0.774642E-01
     -0.245691      0.787170E-01
     -0.242886      0.800049E-01
     -0.240080      0.813292E-01
     -0.237275      0.826914E-01
     -0.234469      0.840932E-01
     -0.231663      0.855363E-01
     -0.228858      0.870223E-01
     -0.226052      0.885533E-01
     -0.223246      0.901311E-01
     -0.220441      0.917581E-01
     -0.217635      0.934363E-01
     -0.214830      0.951682E-01
     -0.212024      0.969565E-01
     -0.209218      0.988038E-01
     -0.206413      0.100713E+00
     -0.203607      0.102688E+00
     -0.200802      0.104731E+00
     -0.197996      0.106846E+00
     -0.195190      0.109038E+00
     -0.192385      0.111310E+00
     -0.189579      0.113667E+00
     -0.186774      0.116115E+00
     -0.183968      0.118658E+00
     -0.181162      0.121304E+00
     -0.178357      0.124058E+00
     -0.175551      0.126928E+00
     -0.172745      0.129923E+00
     -0.169940      0.133052E+00
     -0.167134      0.136325E+00
     -0.164329      0.139754E+00
     -0.161523      0.143354E+00
     -0.158717      0.147140E+00
     -0.155912      0.151131E+00
     -0.153106      0.155351E+00
     -0.150301      0.159825E+00
     -0.147495      0.164588E+00
     -0.144689      0.169683E+00
     -0.141884      0.175164E+00
     -0.139078      0.181106E+00
     -0.136273      0.187610E+00
     -0.133467      0.194823E+00
     -0.130661      0.202972E+00
     -0.127856      0.212422E+00
     -0.125050      0.223832E+00
     -0.122244      0.238519E+00
     -0.119439      0.259595E+00
     -0.116633      0.296025E+00
     -0.113828      0.372763E+00
     -0.111022      0.445126E+00
     -0.108216      0.520811E+00
     -0.105411      0.690630E+00
     -0.102605      0.632017E+00
     -0.099800      0.749307E+00
     -0.096994      0.740569E+00
     -0.094188      0.838510E+00
     -0.091383      0.935765E+00
     -0.088577      0.958179E+00
     -0.085772      0.117409E+01
     -0.082966      0.941159E+00
     -0.080160      0.995877E+00
     -0.077355      0.988716E+00
     -0.074549      0.125326E+01
     -0.071743      0.130254E+01
     -0.068938      0.146744E+01
     -0.066132      0.157130E+01
     -0.063327      0.122176E+01
     -0.060521      0.124282E+01
     -0.057715      0.130102E+01
     -0.054910      0.166093E+01
     -0.052104      0.158500E+01
     -0.049299      0.193583E+01
     -0.046493      0.172061E+01
     -0.043687      0.180758E+01
     -0.040882      0.174562E+01
     -0.038076      0.208271E+01
     -0.035271      0.207609E+01
     -0.032465      0.224569E+01
     -0.029659      0.210848E+01
     -0.026854      0.213332E+01
     -0.024048      0.214622E+01
     -0.021242      0.239479E+01
     -0.018437      0.277640E+01
     -0.015631      0.341937E+01
     -0.012826      0.312276E+01
     -0.010020      0.326837E+01
     -0.007214      0.322787E+01
     -0.004409      0.335926E+01
     -0.001603      0.391461E+01
      0.001202      0.432156E+01
      0.004008      0.467435E+01
      0.006814      0.566677E+01
      0.009619      0.632031E+01
      0.012425      0.697656E+01
      0.015230      0.865108E+01
      0.018036      0.116386E+02
      0.020842      0.159034E+02
      0.023647      0.211766E+02
      0.026453      0.284798E+02
      0.029259      0.383460E+02
      0.032064      0.488139E+02
      0.034870      0.608135E+02
      0.037675      0.720634E+02
      0.040481      0.809446E+02
      0.043287      0.803563E+02
      0.046092      0.755981E+02
      0.048898      0.712215E+02
      0.051703      0.711617E+02
      0.054509      0.786747E+02
      0.057315      0.818556E+02
      0.060120      0.869418E+02
      0.062926      0.967385E+02
      0.065731      0.926226E+02
      0.068537      0.872999E+02
      0.071343      0.846068E+02
      0.074148      0.815744E+02
      0.076954      0.718100E+02
      0.079760      0.645148E+02
      0.082565      0.507455E+02
      0.085371      0.364311E+02
      0.088176      0.299913E+02
      0.090982      0.259257E+02
      0.093788      0.229249E+02
      0.096593      0.179581E+02
      0.099399      0.120125E+02
      0.102204      0.887745E+01
      0.105010      0.711956E+01
      0.107816      0.558568E+01
      0.110621      0.541458E+01
      0.113427      0.527956E+01
      0.116232      0.478835E+01
      0.119038      0.463576E+01
      0.121844      0.455144E+01
      0.124649      0.404978E+01
      0.127455      0.350164E+01
      0.130261      0.340987E+01
      0.133066      0.358037E+01
      0.135872      0.350101E+01
      0.138677      0.362561E+01
      0.141483      0.377047E+01
      0.144289      0.388735E+01
      0.147094      0.382284E+01
      0.149900      0.336596E+01
      0.152705      0.354392E+01
      0.155511      0.356451E+01
      0.158317      0.377515E+01
      0.161122      0.335033E+01
      0.163928      0.344719E+01
      0.166733      0.289822E+01
      0.169539      0.237230E+01
      0.172345      0.278646E+01
      0.175150      0.396902E+01
      0.177956      0.480017E+01
      0.180762      0.436582E+01
      0.183567      0.358424E+01
      0.186373      0.337154E+01
      0.189178      0.360394E+01
      0.191984      0.329603E+01
      0.194790      0.328137E+01
      0.197595      0.381957E+01
      0.200401      0.386236E+01
      0.203206      0.364054E+01
      0.206012      0.385958E+01
      0.208818      0.441130E+01
      0.211623      0.360279E+01
      0.214429      0.348483E+01
      0.217234      0.396276E+01
      0.220040      0.474455E+01
      0.222846      0.433776E+01
      0.225651      0.409980E+01
      0.228457      0.367141E+01
      0.231263      0.365598E+01
      0.234068      0.394645E+01
      0.236874      0.408343E+01
      0.239679      0.525377E+01
      0.242485      0.630784E+01
      0.245291      0.532073E+01
      0.248096      0.468112E+01
      0.250902      0.492667E+01
      0.253707      0.576435E+01
      0.256513      0.660166E+01
      0.259319      0.780596E+01
      0.262124      0.896731E+01
      0.264930      0.937836E+01
      0.267735      0.896548E+01
      0.270541      0.907197E+01
      0.273347      0.948951E+01
      0.276152      0.922874E+01
      0.278958      0.946989E+01
      0.281764      0.963595E+01
      0.284569      0.884220E+01
      0.287375      0.763766E+01
      0.290180      0.704030E+01
      0.292986      0.624018E+01
      0.295792      0.658959E+01
      0.298597      0.766365E+01
      0.301403      0.780987E+01
      0.304208      0.750383E+01
      0.307014      0.708459E+01
      0.309820      0.758143E+01
      0.312625      0.805920E+01
      0.315431      0.880727E+01
      0.318236      0.948142E+01
      0.321042      0.111760E+02
      0.323848      0.135456E+02
      0.326653      0.165456E+02
      0.329459      0.202850E+02
      0.332265      0.213213E+02
      0.335070      0.221016E+02
      0.337876      0.235285E+02
      0.340681      0.266003E+02
      0.343487      0.351013E+02
      0.346293      0.434235E+02
      0.349098      0.499389E+02
      0.351904      0.508422E+02
      0.354709      0.488176E+02
      0.357515      0.440435E+02
      0.360321      0.416994E+02
      0.363126      0.380457E+02
      0.365932      0.293141E+02
      0.368737      0.277159E+02
      0.371543      0.281989E+02
      0.374349      0.302099E+02
      0.377154      0.369524E+02
      0.379960      0.455255E+02
      0.382766      0.504947E+02
      0.385571      0.487711E+02
      0.388377      0.473526E+02
      0.391182      0.489295E+02
      0.393988      0.493675E+02
      0.396794      0.491159E+02
      0.399599      0.486772E+02
      0.402405      0.500143E+02
      0.405210      0.574485E+02
      0.408016      0.699533E+02
      0.410822      0.725451E+02
      0.413627      0.586599E+02
      0.416433      0.416542E+02
      0.419238      0.304458E+02
      0.422044      0.247645E+02
      0.424850      0.208731E+02
      0.427655      0.174731E+02
      0.430461      0.145417E+02
      0.433267      0.121856E+02
      0.436072      0.103077E+02
      0.438878      0.775842E+01
      0.441683      0.604938E+01
      0.444489      0.501174E+01
      0.447295      0.497380E+01
      0.450100      0.542301E+01
      0.452906      0.578413E+01
      0.455711      0.538459E+01
      0.458517      0.450237E+01
      0.461323      0.403798E+01
      0.464128      0.382690E+01
      0.466934      0.386602E+01
      0.469739      0.383347E+01
      0.472545      0.492456E+01
      0.475351      0.659140E+01
      0.478156      0.701368E+01
      0.480962      0.731845E+01
      0.483768      0.664222E+01
      0.486573      0.605467E+01
      0.489379      0.542881E+01
      0.492184      0.641888E+01
      0.494990      0.637955E+01
      0.497796      0.596688E+01
      0.500601      0.649431E+01
      0.503407      0.669718E+01
      0.506212      0.641603E+01
      0.509018      0.550573E+01
      0.511824      0.506602E+01
      0.514629      0.470477E+01
      0.517435      0.565978E+01
      0.520240      0.621237E+01
      0.523046      0.431262E+01
      0.525852      0.324386E+01
      0.528657      0.346301E+01
      0.531463      0.434410E+01
      0.534269      0.589491E+01
      0.537074      0.573278E+01
      0.539880      0.568293E+01
      0.542685      0.553324E+01
      0.545491      0.549264E+01
      0.548297      0.636204E+01
      0.551102      0.531765E+01
      0.553908      0.363957E+01
      0.556713      0.342849E+01
      0.559519      0.309021E+01
      0.562325      0.326024E+01
      0.565130      0.309632E+01
      0.567936      0.401282E+01
      0.570741      0.479624E+01
      0.573547      0.486357E+01
      0.576353      0.408660E+01
      0.579158      0.444612E+01
      0.581964      0.471217E+01
      0.584770      0.357681E+01
      0.587575      0.337680E+01
      0.590381      0.371898E+01
      0.593186      0.499209E+01
      0.595992      0.520313E+01
      0.598798      0.388979E+01
      0.601603      0.303743E+01
      0.604409      0.292674E+01
      0.607214      0.321697E+01
      0.610020      0.391693E+01
      0.612826      0.470308E+01
      0.615631      0.364615E+01
      0.618437      0.346912E+01
      0.621242      0.395449E+01
      0.624048      0.407975E+01
      0.626854      0.345694E+01
      0.629659      0.301389E+01
      0.632465      0.308700E+01
      0.635271      0.319539E+01
      0.638076      0.271632E+01
      0.640882      0.264865E+01
      0.643687      0.258928E+01
      0.646493      0.296513E+01
      0.649299      0.353563E+01
      0.652104      0.343223E+01
      0.654910      0.284608E+01
      0.657715      0.325098E+01
      0.660521      0.417181E+01
      0.663327      0.459049E+01
      0.666132      0.326779E+01
      0.668938      0.243632E+01
      0.671743      0.253579E+01
      0.674549      0.232850E+01
      0.677355      0.232453E+01
      0.680160      0.259016E+01
      0.682966      0.275489E+01
      0.685772      0.330011E+01
      0.688577      0.283337E+01
      0.691383      0.244776E+01
      0.694188      0.217626E+01
      0.696994      0.223821E+01
      0.699800      0.243531E+01
      0.702605      0.284367E+01
      0.705411      0.337202E+01
      0.708216      0.322772E+01
      0.711022      0.269111E+01
      0.713828      0.243429E+01
      0.716633      0.243306E+01
      0.719439      0.198401E+01
      0.722244      0.236333E+01
      0.725050      0.256903E+01
      0.727856      0.187074E+01
      0.730661      0.218563E+01
      0.733467      0.280056E+01
      0.736273      0.225765E+01
      0.739078      0.169765E+01
      0.741884      0.172590E+01
      0.744689      0.135528E+01
      0.747495      0.133396E+01
      0.750301      0.145050E+01
      0.753106      0.146159E+01
      0.755912      0.209798E+01
      0.758717      0.227283E+01
      0.761523      0.278415E+01
      0.764329      0.286355E+01
      0.767134      0.230382E+01
      0.769940      0.240921E+01
      0.772745      0.228260E+01
      0.775551      0.245487E+01
      0.778357      0.332075E+01
      0.781162      0.305458E+01
      0.783968      0.290314E+01
      0.786774      0.344459E+01
      0.789579      0.411379E+01
      0.792385      0.436264E+01
      0.795190      0.426579E+01
      0.797996      0.374078E+01
      0.800802      0.384781E+01
      0.803607      0.400703E+01
      0.806413      0.445821E+01
      0.809218      0.523319E+01
      0.812024      0.441692E+01
      0.814830      0.318740E+01
      0.817635      0.319657E+01
      0.820441      0.397268E+01
      0.823246      0.427872E+01
      0.826052      0.332029E+01
      0.828858      0.340169E+01
      0.831663      0.383036E+01
      0.834469      0.469753E+01
      0.837275      0.549399E+01
      0.840080      0.585045E+01
      0.842886      0.573029E+01
      0.845691      0.519383E+01
      0.848497      0.576083E+01
      0.851303      0.504862E+01
      0.854108      0.479015E+01
      0.856914      0.586852E+01
      0.859719      0.578349E+01
      0.862525      0.533281E+01
      0.865331      0.466586E+01
      0.868136      0.494720E+01
      0.870942      0.440766E+01
      0.873747      0.388088E+01
      0.876553      0.473942E+01
      0.879359      0.579866E+01
      0.882164      0.589748E+01
      0.884970      0.526336E+01
      0.887776      0.392338E+01
      0.890581      0.349982E+01
      0.893387      0.418686E+01
      0.896192      0.478748E+01
      0.898998      0.526482E+01
      0.901804      0.566788E+01
      0.904609      0.472551E+01
      0.907415      0.413791E+01
      0.910220      0.395110E+01
      0.913026      0.348593E+01
      0.915832      0.344355E+01
      0.918637      0.342109E+01
      0.921443      0.387875E+01
      0.924248      0.454847E+01
      0.927054      0.562122E+01
      0.929860      0.640203E+01
      0.932665      0.592249E+01
      0.935471      0.487160E+01
      0.938277      0.409269E+01
      0.941082      0.428148E+01
      0.943888      0.523074E+01
      0.946693      0.528479E+01
      0.949499      0.448843E+01
      0.952305      0.370505E+01
      0.955110      0.385535E+01
      0.957916      0.439592E+01
      0.960721      0.507433E+01
      0.963527      0.483146E+01
      0.966333      0.467839E+01
      0.969138      0.533031E+01
      0.971944      0.509945E+01
      0.974749      0.542840E+01
      0.977555      0.574631E+01
      0.980361      0.504852E+01
      0.983166      0.508584E+01
      0.985972      0.459006E+01
      0.988778      0.431643E+01
      0.991583      0.459904E+01
      0.994389      0.546029E+01
      0.997194      0.590969E+01
      1.000000      0.472544E+01
