DOS Data: Atom #   2
--------------------------------
Fermi energy:  0.61895236                                   
LIZ Radius: 12.47725931                                     
Num Energy Points:   500                                    
--------------------------------
        Energy           DOS
     -0.400000      0.538509E-01
     -0.397194      0.544595E-01
     -0.394389      0.550792E-01
     -0.391583      0.557104E-01
     -0.388778      0.563534E-01
     -0.385972      0.570084E-01
     -0.383166      0.576758E-01
     -0.380361      0.583558E-01
     -0.377555      0.590489E-01
     -0.374749      0.597552E-01
     -0.371944      0.604754E-01
     -0.369138      0.612095E-01
     -0.366333      0.619581E-01
     -0.363527      0.627216E-01
     -0.360721      0.635003E-01
     -0.357916      0.642946E-01
     -0.355110      0.651050E-01
     -0.352305      0.659320E-01
     -0.349499      0.667759E-01
     -0.346693      0.676373E-01
     -0.343888      0.685167E-01
     -0.341082      0.694145E-01
     -0.338277      0.703314E-01
     -0.335471      0.712678E-01
     -0.332665      0.722244E-01
     -0.329860      0.732017E-01
     -0.327054      0.742004E-01
     -0.324248      0.752211E-01
     -0.321443      0.762644E-01
     -0.318637      0.773311E-01
     -0.315832      0.784218E-01
     -0.313026      0.795374E-01
     -0.310220      0.806785E-01
     -0.307415      0.818461E-01
     -0.304609      0.830409E-01
     -0.301804      0.842638E-01
     -0.298998      0.855158E-01
     -0.296192      0.867977E-01
     -0.293387      0.881105E-01
     -0.290581      0.894554E-01
     -0.287776      0.908334E-01
     -0.284970      0.922455E-01
     -0.282164      0.936930E-01
     -0.279359      0.951772E-01
     -0.276553      0.966991E-01
     -0.273747      0.982603E-01
     -0.270942      0.998621E-01
     -0.268136      0.101506E+00
     -0.265331      0.103193E+00
     -0.262525      0.104926E+00
     -0.259719      0.106706E+00
     -0.256914      0.108534E+00
     -0.254108      0.110412E+00
     -0.251303      0.112343E+00
     -0.248497      0.114329E+00
     -0.245691      0.116371E+00
     -0.242886      0.118472E+00
     -0.240080      0.120634E+00
     -0.237275      0.122860E+00
     -0.234469      0.125153E+00
     -0.231663      0.127514E+00
     -0.228858      0.129948E+00
     -0.226052      0.132457E+00
     -0.223246      0.135044E+00
     -0.220441      0.137714E+00
     -0.217635      0.140468E+00
     -0.214830      0.143313E+00
     -0.212024      0.146251E+00
     -0.209218      0.149288E+00
     -0.206413      0.152427E+00
     -0.203607      0.155674E+00
     -0.200802      0.159034E+00
     -0.197996      0.162514E+00
     -0.195190      0.166118E+00
     -0.192385      0.169855E+00
     -0.189579      0.173731E+00
     -0.186774      0.177753E+00
     -0.183968      0.181931E+00
     -0.181162      0.186272E+00
     -0.178357      0.190789E+00
     -0.175551      0.195490E+00
     -0.172745      0.200389E+00
     -0.169940      0.205498E+00
     -0.167134      0.210832E+00
     -0.164329      0.216408E+00
     -0.161523      0.222246E+00
     -0.158717      0.228365E+00
     -0.155912      0.234791E+00
     -0.153106      0.241553E+00
     -0.150301      0.248686E+00
     -0.147495      0.256230E+00
     -0.144689      0.264238E+00
     -0.141884      0.272775E+00
     -0.139078      0.281925E+00
     -0.136273      0.291806E+00
     -0.133467      0.302581E+00
     -0.130661      0.314500E+00
     -0.127856      0.327963E+00
     -0.125050      0.343677E+00
     -0.122244      0.363056E+00
     -0.119439      0.389416E+00
     -0.116633      0.432297E+00
     -0.113828      0.518220E+00
     -0.111022      0.599749E+00
     -0.108216      0.685104E+00
     -0.105411      0.870762E+00
     -0.102605      0.814014E+00
     -0.099800      0.944579E+00
     -0.096994      0.941542E+00
     -0.094188      0.105245E+01
     -0.091383      0.116298E+01
     -0.088577      0.119442E+01
     -0.085772      0.143231E+01
     -0.082966      0.119275E+01
     -0.080160      0.126027E+01
     -0.077355      0.126271E+01
     -0.074549      0.155613E+01
     -0.071743      0.162008E+01
     -0.068938      0.180882E+01
     -0.066132      0.193287E+01
     -0.063327      0.157287E+01
     -0.060521      0.161090E+01
     -0.057715      0.169029E+01
     -0.054910      0.209538E+01
     -0.052104      0.203444E+01
     -0.049299      0.243596E+01
     -0.046493      0.222767E+01
     -0.043687      0.235057E+01
     -0.040882      0.231021E+01
     -0.038076      0.270721E+01
     -0.035271      0.273426E+01
     -0.032465      0.296121E+01
     -0.029659      0.285283E+01
     -0.026854      0.293017E+01
     -0.024048      0.300124E+01
     -0.021242      0.334530E+01
     -0.018437      0.384634E+01
     -0.015631      0.465830E+01
     -0.012826      0.440483E+01
     -0.010020      0.467589E+01
     -0.007214      0.475515E+01
     -0.004409      0.504460E+01
     -0.001603      0.586528E+01
      0.001202      0.655423E+01
      0.004008      0.726849E+01
      0.006814      0.882291E+01
      0.009619      0.100341E+02
      0.012425      0.113745E+02
      0.015230      0.143452E+02
      0.018036      0.196473E+02
      0.020842      0.274515E+02
      0.023647      0.371976E+02
      0.026453      0.504721E+02
      0.029259      0.686954E+02
      0.032064      0.885036E+02
      0.034870      0.111346E+03
      0.037675      0.133217E+03
      0.040481      0.150977E+03
      0.043287      0.151171E+03
      0.046092      0.143021E+03
      0.048898      0.135130E+03
      0.051703      0.135316E+03
      0.054509      0.149937E+03
      0.057315      0.156230E+03
      0.060120      0.166378E+03
      0.062926      0.185699E+03
      0.065731      0.178333E+03
      0.068537      0.168553E+03
      0.071343      0.163663E+03
      0.074148      0.158026E+03
      0.076954      0.139310E+03
      0.079760      0.125284E+03
      0.082565      0.984434E+02
      0.085371      0.704241E+02
      0.088176      0.578430E+02
      0.090982      0.498255E+02
      0.093788      0.438729E+02
      0.096593      0.340526E+02
      0.099399      0.221668E+02
      0.102204      0.158329E+02
      0.105010      0.123516E+02
      0.107816      0.960645E+01
      0.110621      0.901029E+01
      0.113427      0.857172E+01
      0.116232      0.765682E+01
      0.119038      0.726789E+01
      0.121844      0.699200E+01
      0.124649      0.616600E+01
      0.127455      0.529375E+01
      0.130261      0.507047E+01
      0.133066      0.518764E+01
      0.135872      0.496835E+01
      0.138677      0.504495E+01
      0.141483      0.517674E+01
      0.144289      0.522635E+01
      0.147094      0.509514E+01
      0.149900      0.445933E+01
      0.152705      0.463666E+01
      0.155511      0.462677E+01
      0.158317      0.481212E+01
      0.161122      0.424598E+01
      0.163928      0.430383E+01
      0.166733      0.362944E+01
      0.169539      0.296287E+01
      0.172345      0.340711E+01
      0.175150      0.471387E+01
      0.177956      0.558513E+01
      0.180762      0.511106E+01
      0.183567      0.413791E+01
      0.186373      0.375211E+01
      0.189178      0.405090E+01
      0.191984      0.366955E+01
      0.194790      0.360231E+01
      0.197595      0.419613E+01
      0.200401      0.418480E+01
      0.203206      0.388868E+01
      0.206012      0.414731E+01
      0.208818      0.470059E+01
      0.211623      0.381952E+01
      0.214429      0.367433E+01
      0.217234      0.412859E+01
      0.220040      0.488087E+01
      0.222846      0.441007E+01
      0.225651      0.410950E+01
      0.228457      0.362563E+01
      0.231263      0.356282E+01
      0.234068      0.385832E+01
      0.236874      0.396996E+01
      0.239679      0.508223E+01
      0.242485      0.605395E+01
      0.245291      0.504611E+01
      0.248096      0.434941E+01
      0.250902      0.445839E+01
      0.253707      0.521641E+01
      0.256513      0.598076E+01
      0.259319      0.716790E+01
      0.262124      0.825896E+01
      0.264930      0.833111E+01
      0.267735      0.755451E+01
      0.270541      0.726709E+01
      0.273347      0.718830E+01
      0.276152      0.667262E+01
      0.278958      0.650286E+01
      0.281764      0.635597E+01
      0.284569      0.560117E+01
      0.287375      0.458891E+01
      0.290180      0.406634E+01
      0.292986      0.349711E+01
      0.295792      0.378768E+01
      0.298597      0.459954E+01
      0.301403      0.460550E+01
      0.304208      0.421968E+01
      0.307014      0.373720E+01
      0.309820      0.369563E+01
      0.312625      0.362261E+01
      0.315431      0.366901E+01
      0.318236      0.370759E+01
      0.321042      0.423817E+01
      0.323848      0.507129E+01
      0.326653      0.636166E+01
      0.329459      0.774541E+01
      0.332265      0.751120E+01
      0.335070      0.718991E+01
      0.337876      0.707169E+01
      0.340681      0.724244E+01
      0.343487      0.869689E+01
      0.346293      0.971518E+01
      0.349098      0.987950E+01
      0.351904      0.930266E+01
      0.354709      0.863786E+01
      0.357515      0.771770E+01
      0.360321      0.718484E+01
      0.363126      0.641611E+01
      0.365932      0.479691E+01
      0.368737      0.431534E+01
      0.371543      0.432538E+01
      0.374349      0.448018E+01
      0.377154      0.485491E+01
      0.379960      0.556525E+01
      0.382766      0.602623E+01
      0.385571      0.583306E+01
      0.388377      0.563001E+01
      0.391182      0.570219E+01
      0.393988      0.532286E+01
      0.396794      0.510323E+01
      0.399599      0.509026E+01
      0.402405      0.515319E+01
      0.405210      0.561130E+01
      0.408016      0.650724E+01
      0.410822      0.647434E+01
      0.413627      0.508656E+01
      0.416433      0.381445E+01
      0.419238      0.323381E+01
      0.422044      0.294423E+01
      0.424850      0.255791E+01
      0.427655      0.194072E+01
      0.430461      0.175985E+01
      0.433267      0.218626E+01
      0.436072      0.251838E+01
      0.438878      0.200026E+01
      0.441683      0.158923E+01
      0.444489      0.136888E+01
      0.447295      0.153350E+01
      0.450100      0.196886E+01
      0.452906      0.216640E+01
      0.455711      0.202496E+01
      0.458517      0.167243E+01
      0.461323      0.153720E+01
      0.464128      0.163877E+01
      0.466934      0.176476E+01
      0.469739      0.157963E+01
      0.472545      0.188581E+01
      0.475351      0.231007E+01
      0.478156      0.242504E+01
      0.480962      0.276380E+01
      0.483768      0.278599E+01
      0.486573      0.254224E+01
      0.489379      0.235148E+01
      0.492184      0.277262E+01
      0.494990      0.284434E+01
      0.497796      0.290140E+01
      0.500601      0.340294E+01
      0.503407      0.360027E+01
      0.506212      0.349310E+01
      0.509018      0.302607E+01
      0.511824      0.291048E+01
      0.514629      0.271972E+01
      0.517435      0.333092E+01
      0.520240      0.371735E+01
      0.523046      0.255078E+01
      0.525852      0.192880E+01
      0.528657      0.210128E+01
      0.531463      0.272947E+01
      0.534269      0.378698E+01
      0.537074      0.372132E+01
      0.539880      0.372944E+01
      0.542685      0.371576E+01
      0.545491      0.381951E+01
      0.548297      0.446344E+01
      0.551102      0.368660E+01
      0.553908      0.251103E+01
      0.556713      0.240415E+01
      0.559519      0.215482E+01
      0.562325      0.227889E+01
      0.565130      0.217698E+01
      0.567936      0.285156E+01
      0.570741      0.344383E+01
      0.573547      0.353538E+01
      0.576353      0.302292E+01
      0.579158      0.336935E+01
      0.581964      0.362216E+01
      0.584770      0.274870E+01
      0.587575      0.260852E+01
      0.590381      0.287034E+01
      0.593186      0.388973E+01
      0.595992      0.404713E+01
      0.598798      0.299165E+01
      0.601603      0.235187E+01
      0.604409      0.231452E+01
      0.607214      0.256179E+01
      0.610020      0.313660E+01
      0.612826      0.375712E+01
      0.615631      0.291727E+01
      0.618437      0.277965E+01
      0.621242      0.318872E+01
      0.624048      0.331314E+01
      0.626854      0.280469E+01
      0.629659      0.245210E+01
      0.632465      0.251786E+01
      0.635271      0.260530E+01
      0.638076      0.224461E+01
      0.640882      0.221438E+01
      0.643687      0.216662E+01
      0.646493      0.250816E+01
      0.649299      0.302445E+01
      0.652104      0.294584E+01
      0.654910      0.241737E+01
      0.657715      0.274374E+01
      0.660521      0.353776E+01
      0.663327      0.391001E+01
      0.666132      0.279218E+01
      0.668938      0.209519E+01
      0.671743      0.219514E+01
      0.674549      0.200291E+01
      0.677355      0.201878E+01
      0.680160      0.226399E+01
      0.682966      0.241073E+01
      0.685772      0.288872E+01
      0.688577      0.247493E+01
      0.691383      0.214656E+01
      0.694188      0.190315E+01
      0.696994      0.196452E+01
      0.699800      0.216252E+01
      0.702605      0.253761E+01
      0.705411      0.301178E+01
      0.708216      0.287988E+01
      0.711022      0.239692E+01
      0.713828      0.217808E+01
      0.716633      0.219530E+01
      0.719439      0.178229E+01
      0.722244      0.213170E+01
      0.725050      0.232333E+01
      0.727856      0.168239E+01
      0.730661      0.195954E+01
      0.733467      0.252040E+01
      0.736273      0.204197E+01
      0.739078      0.154348E+01
      0.741884      0.157884E+01
      0.744689      0.123657E+01
      0.747495      0.121785E+01
      0.750301      0.133456E+01
      0.753106      0.134714E+01
      0.755912      0.194469E+01
      0.758717      0.211163E+01
      0.761523      0.257777E+01
      0.764329      0.267254E+01
      0.767134      0.218448E+01
      0.769940      0.234651E+01
      0.772745      0.223703E+01
      0.775551      0.237936E+01
      0.778357      0.318636E+01
      0.781162      0.291250E+01
      0.783968      0.280276E+01
      0.786774      0.332889E+01
      0.789579      0.396370E+01
      0.792385      0.421878E+01
      0.795190      0.412130E+01
      0.797996      0.356173E+01
      0.800802      0.351420E+01
      0.803607      0.361107E+01
      0.806413      0.412832E+01
      0.809218      0.490729E+01
      0.812024      0.417313E+01
      0.814830      0.299457E+01
      0.817635      0.294883E+01
      0.820441      0.369161E+01
      0.823246      0.409570E+01
      0.826052      0.316979E+01
      0.828858      0.322658E+01
      0.831663      0.362014E+01
      0.834469      0.444711E+01
      0.837275      0.517254E+01
      0.840080      0.550289E+01
      0.842886      0.541358E+01
      0.845691      0.493691E+01
      0.848497      0.543221E+01
      0.851303      0.465421E+01
      0.854108      0.451810E+01
      0.856914      0.568175E+01
      0.859719      0.566430E+01
      0.862525      0.514499E+01
      0.865331      0.453835E+01
      0.868136      0.489684E+01
      0.870942      0.432371E+01
      0.873747      0.374525E+01
      0.876553      0.451682E+01
      0.879359      0.551703E+01
      0.882164      0.567433E+01
      0.884970      0.510006E+01
      0.887776      0.378295E+01
      0.890581      0.334539E+01
      0.893387      0.402432E+01
      0.896192      0.455343E+01
      0.898998      0.507763E+01
      0.901804      0.541255E+01
      0.904609      0.448318E+01
      0.907415      0.391979E+01
      0.910220      0.372217E+01
      0.913026      0.333552E+01
      0.915832      0.335020E+01
      0.918637      0.332140E+01
      0.921443      0.379120E+01
      0.924248      0.441750E+01
      0.927054      0.553915E+01
      0.929860      0.637180E+01
      0.932665      0.588898E+01
      0.935471      0.484168E+01
      0.938277      0.405374E+01
      0.941082      0.428522E+01
      0.943888      0.526219E+01
      0.946693      0.540573E+01
      0.949499      0.464376E+01
      0.952305      0.374850E+01
      0.955110      0.378835E+01
      0.957916      0.427187E+01
      0.960721      0.491558E+01
      0.963527      0.475933E+01
      0.966333      0.457286E+01
      0.969138      0.507008E+01
      0.971944      0.496621E+01
      0.974749      0.547838E+01
      0.977555      0.590085E+01
      0.980361      0.514812E+01
      0.983166      0.509223E+01
      0.985972      0.448597E+01
      0.988778      0.429851E+01
      0.991583      0.467549E+01
      0.994389      0.554376E+01
      0.997194      0.597576E+01
      1.000000      0.474207E+01
