SS_DOS Data: Averaged over      1Cu_t01 atoms
--------------------------------
Fermi energy:  0.61895236                                   
LIZ Radius: 12.47725931                                     
Num Energy Points:   500                                    
--------------------------------
        Energy           DOS
     -0.400000      0.000000E+00
     -0.397194      0.000000E+00
     -0.394389      0.000000E+00
     -0.391583      0.000000E+00
     -0.388778      0.000000E+00
     -0.385972      0.000000E+00
     -0.383166      0.000000E+00
     -0.380361      0.000000E+00
     -0.377555      0.000000E+00
     -0.374749      0.000000E+00
     -0.371944      0.000000E+00
     -0.369138      0.000000E+00
     -0.366333      0.000000E+00
     -0.363527      0.000000E+00
     -0.360721      0.000000E+00
     -0.357916      0.000000E+00
     -0.355110      0.000000E+00
     -0.352305      0.000000E+00
     -0.349499      0.000000E+00
     -0.346693      0.000000E+00
     -0.343888      0.000000E+00
     -0.341082      0.000000E+00
     -0.338277      0.000000E+00
     -0.335471      0.000000E+00
     -0.332665      0.000000E+00
     -0.329860      0.000000E+00
     -0.327054      0.000000E+00
     -0.324248      0.000000E+00
     -0.321443      0.000000E+00
     -0.318637      0.000000E+00
     -0.315832      0.000000E+00
     -0.313026      0.000000E+00
     -0.310220      0.000000E+00
     -0.307415      0.000000E+00
     -0.304609      0.000000E+00
     -0.301804      0.000000E+00
     -0.298998      0.000000E+00
     -0.296192      0.000000E+00
     -0.293387      0.000000E+00
     -0.290581      0.000000E+00
     -0.287776      0.000000E+00
     -0.284970      0.000000E+00
     -0.282164      0.000000E+00
     -0.279359      0.000000E+00
     -0.276553      0.000000E+00
     -0.273747      0.000000E+00
     -0.270942      0.000000E+00
     -0.268136      0.000000E+00
     -0.265331      0.000000E+00
     -0.262525      0.000000E+00
     -0.259719      0.000000E+00
     -0.256914      0.000000E+00
     -0.254108      0.000000E+00
     -0.251303      0.000000E+00
     -0.248497      0.000000E+00
     -0.245691      0.000000E+00
     -0.242886      0.000000E+00
     -0.240080      0.000000E+00
     -0.237275      0.000000E+00
     -0.234469      0.000000E+00
     -0.231663      0.000000E+00
     -0.228858      0.000000E+00
     -0.226052      0.000000E+00
     -0.223246      0.000000E+00
     -0.220441      0.000000E+00
     -0.217635      0.000000E+00
     -0.214830      0.000000E+00
     -0.212024      0.000000E+00
     -0.209218      0.000000E+00
     -0.206413      0.000000E+00
     -0.203607      0.000000E+00
     -0.200802      0.000000E+00
     -0.197996      0.000000E+00
     -0.195190      0.000000E+00
     -0.192385      0.000000E+00
     -0.189579      0.000000E+00
     -0.186774      0.000000E+00
     -0.183968      0.000000E+00
     -0.181162      0.000000E+00
     -0.178357      0.000000E+00
     -0.175551      0.000000E+00
     -0.172745      0.000000E+00
     -0.169940      0.000000E+00
     -0.167134      0.000000E+00
     -0.164329      0.000000E+00
     -0.161523      0.000000E+00
     -0.158717      0.000000E+00
     -0.155912      0.000000E+00
     -0.153106      0.000000E+00
     -0.150301      0.000000E+00
     -0.147495      0.000000E+00
     -0.144689      0.000000E+00
     -0.141884      0.000000E+00
     -0.139078      0.000000E+00
     -0.136273      0.000000E+00
     -0.133467      0.000000E+00
     -0.130661      0.000000E+00
     -0.127856      0.000000E+00
     -0.125050      0.000000E+00
     -0.122244      0.000000E+00
     -0.119439      0.000000E+00
     -0.116633      0.000000E+00
     -0.113828      0.000000E+00
     -0.111022      0.000000E+00
     -0.108216      0.000000E+00
     -0.105411      0.000000E+00
     -0.102605      0.000000E+00
     -0.099800      0.000000E+00
     -0.096994      0.000000E+00
     -0.094188      0.000000E+00
     -0.091383      0.000000E+00
     -0.088577      0.000000E+00
     -0.085772      0.000000E+00
     -0.082966      0.000000E+00
     -0.080160      0.000000E+00
     -0.077355      0.000000E+00
     -0.074549      0.000000E+00
     -0.071743      0.000000E+00
     -0.068938      0.000000E+00
     -0.066132      0.000000E+00
     -0.063327      0.000000E+00
     -0.060521      0.000000E+00
     -0.057715      0.000000E+00
     -0.054910      0.000000E+00
     -0.052104      0.000000E+00
     -0.049299      0.000000E+00
     -0.046493      0.000000E+00
     -0.043687      0.000000E+00
     -0.040882      0.000000E+00
     -0.038076      0.000000E+00
     -0.035271      0.000000E+00
     -0.032465      0.000000E+00
     -0.029659      0.000000E+00
     -0.026854      0.000000E+00
     -0.024048      0.000000E+00
     -0.021242      0.000000E+00
     -0.018437      0.000000E+00
     -0.015631      0.000000E+00
     -0.012826      0.000000E+00
     -0.010020      0.000000E+00
     -0.007214      0.000000E+00
     -0.004409      0.000000E+00
     -0.001603      0.000000E+00
      0.001202      0.207102E+00
      0.004008      0.375300E+00
      0.006814      0.485768E+00
      0.009619      0.573070E+00
      0.012425      0.646772E+00
      0.015230      0.711214E+00
      0.018036      0.768817E+00
      0.020842      0.821099E+00
      0.023647      0.869092E+00
      0.026453      0.913535E+00
      0.029259      0.954984E+00
      0.032064      0.993866E+00
      0.034870      0.103052E+01
      0.037675      0.106523E+01
      0.040481      0.109821E+01
      0.043287      0.112967E+01
      0.046092      0.115976E+01
      0.048898      0.118862E+01
      0.051703      0.121637E+01
      0.054509      0.124312E+01
      0.057315      0.126897E+01
      0.060120      0.129399E+01
      0.062926      0.131826E+01
      0.065731      0.134186E+01
      0.068537      0.136483E+01
      0.071343      0.138724E+01
      0.074148      0.140914E+01
      0.076954      0.143057E+01
      0.079760      0.145159E+01
      0.082565      0.147222E+01
      0.085371      0.149251E+01
      0.088176      0.151249E+01
      0.090982      0.153220E+01
      0.093788      0.155167E+01
      0.096593      0.157093E+01
      0.099399      0.159001E+01
      0.102204      0.160894E+01
      0.105010      0.162775E+01
      0.107816      0.164645E+01
      0.110621      0.166509E+01
      0.113427      0.168368E+01
      0.116232      0.170225E+01
      0.119038      0.172082E+01
      0.121844      0.173942E+01
      0.124649      0.175808E+01
      0.127455      0.177682E+01
      0.130261      0.179566E+01
      0.133066      0.181463E+01
      0.135872      0.183376E+01
      0.138677      0.185308E+01
      0.141483      0.187260E+01
      0.144289      0.189237E+01
      0.147094      0.191241E+01
      0.149900      0.193275E+01
      0.152705      0.195342E+01
      0.155511      0.197446E+01
      0.158317      0.199591E+01
      0.161122      0.201779E+01
      0.163928      0.204015E+01
      0.166733      0.206303E+01
      0.169539      0.208648E+01
      0.172345      0.211054E+01
      0.175150      0.213526E+01
      0.177956      0.216069E+01
      0.180762      0.218690E+01
      0.183567      0.221394E+01
      0.186373      0.224188E+01
      0.189178      0.227079E+01
      0.191984      0.230075E+01
      0.194790      0.233183E+01
      0.197595      0.236414E+01
      0.200401      0.239775E+01
      0.203206      0.243279E+01
      0.206012      0.246936E+01
      0.208818      0.250759E+01
      0.211623      0.254762E+01
      0.214429      0.258959E+01
      0.217234      0.263366E+01
      0.220040      0.268002E+01
      0.222846      0.272885E+01
      0.225651      0.278038E+01
      0.228457      0.283485E+01
      0.231263      0.289251E+01
      0.234068      0.295366E+01
      0.236874      0.301861E+01
      0.239679      0.308774E+01
      0.242485      0.316143E+01
      0.245291      0.324014E+01
      0.248096      0.332437E+01
      0.250902      0.341467E+01
      0.253707      0.351167E+01
      0.256513      0.361610E+01
      0.259319      0.372874E+01
      0.262124      0.385052E+01
      0.264930      0.398247E+01
      0.267735      0.412577E+01
      0.270541      0.428179E+01
      0.273347      0.445206E+01
      0.276152      0.463839E+01
      0.278958      0.484286E+01
      0.281764      0.506786E+01
      0.284569      0.531622E+01
      0.287375      0.559123E+01
      0.290180      0.589676E+01
      0.292986      0.623741E+01
      0.295792      0.661864E+01
      0.298597      0.704698E+01
      0.301403      0.753029E+01
      0.304208      0.807810E+01
      0.307014      0.870202E+01
      0.309820      0.941633E+01
      0.312625      0.102387E+02
      0.315431      0.111911E+02
      0.318236      0.123015E+02
      0.321042      0.136051E+02
      0.323848      0.151474E+02
      0.326653      0.169873E+02
      0.329459      0.192025E+02
      0.332265      0.218961E+02
      0.335070      0.252073E+02
      0.337876      0.293258E+02
      0.340681      0.345141E+02
      0.343487      0.411394E+02
      0.346293      0.497185E+02
      0.349098      0.609801E+02
      0.351904      0.759344E+02
      0.354709      0.959124E+02
      0.357515      0.122433E+03
      0.360321      0.156522E+03
      0.363126      0.196797E+03
      0.365932      0.236175E+03
      0.368737      0.260865E+03
      0.371543      0.258872E+03
      0.374349      0.232324E+03
      0.377154      0.194645E+03
      0.379960      0.157706E+03
      0.382766      0.126716E+03
      0.385571      0.102394E+03
      0.388377      0.837509E+02
      0.391182      0.694961E+02
      0.393988      0.585169E+02
      0.396794      0.499617E+02
      0.399599      0.432073E+02
      0.402405      0.378032E+02
      0.405210      0.334241E+02
      0.408016      0.298328E+02
      0.410822      0.268550E+02
      0.413627      0.243605E+02
      0.416433      0.222513E+02
      0.419238      0.204528E+02
      0.422044      0.189072E+02
      0.424850      0.175693E+02
      0.427655      0.164037E+02
      0.430461      0.153820E+02
      0.433267      0.144814E+02
      0.436072      0.136836E+02
      0.438878      0.129735E+02
      0.441683      0.123385E+02
      0.444489      0.117685E+02
      0.447295      0.112549E+02
      0.450100      0.107903E+02
      0.452906      0.103688E+02
      0.455711      0.998523E+01
      0.458517      0.963507E+01
      0.461323      0.931458E+01
      0.464128      0.902048E+01
      0.466934      0.874997E+01
      0.469739      0.850057E+01
      0.472545      0.827015E+01
      0.475351      0.805684E+01
      0.478156      0.785899E+01
      0.480962      0.767514E+01
      0.483768      0.750402E+01
      0.486573      0.734447E+01
      0.489379      0.719550E+01
      0.492184      0.705620E+01
      0.494990      0.692575E+01
      0.497796      0.680344E+01
      0.500601      0.668860E+01
      0.503407      0.658067E+01
      0.506212      0.647909E+01
      0.509018      0.638341E+01
      0.511824      0.629317E+01
      0.514629      0.620799E+01
      0.517435      0.612751E+01
      0.520240      0.605139E+01
      0.523046      0.597935E+01
      0.525852      0.591110E+01
      0.528657      0.584640E+01
      0.531463      0.578501E+01
      0.534269      0.572673E+01
      0.537074      0.567135E+01
      0.539880      0.561871E+01
      0.542685      0.556862E+01
      0.545491      0.552095E+01
      0.548297      0.547554E+01
      0.551102      0.543227E+01
      0.553908      0.539101E+01
      0.556713      0.535165E+01
      0.559519      0.531409E+01
      0.562325      0.527822E+01
      0.565130      0.524396E+01
      0.567936      0.521122E+01
      0.570741      0.517992E+01
      0.573547      0.514999E+01
      0.576353      0.512135E+01
      0.579158      0.509394E+01
      0.581964      0.506770E+01
      0.584770      0.504258E+01
      0.587575      0.501851E+01
      0.590381      0.499544E+01
      0.593186      0.497334E+01
      0.595992      0.495216E+01
      0.598798      0.493184E+01
      0.601603      0.491236E+01
      0.604409      0.489367E+01
      0.607214      0.487574E+01
      0.610020      0.485854E+01
      0.612826      0.484203E+01
      0.615631      0.482618E+01
      0.618437      0.481097E+01
      0.621242      0.479637E+01
      0.624048      0.478235E+01
      0.626854      0.476889E+01
      0.629659      0.475597E+01
      0.632465      0.474356E+01
      0.635271      0.473164E+01
      0.638076      0.472020E+01
      0.640882      0.470921E+01
      0.643687      0.469866E+01
      0.646493      0.468853E+01
      0.649299      0.467880E+01
      0.652104      0.466946E+01
      0.654910      0.466050E+01
      0.657715      0.465189E+01
      0.660521      0.464364E+01
      0.663327      0.463571E+01
      0.666132      0.462811E+01
      0.668938      0.462081E+01
      0.671743      0.461382E+01
      0.674549      0.460711E+01
      0.677355      0.460068E+01
      0.680160      0.459452E+01
      0.682966      0.458862E+01
      0.685772      0.458296E+01
      0.688577      0.457755E+01
      0.691383      0.457237E+01
      0.694188      0.456742E+01
      0.696994      0.456268E+01
      0.699800      0.455816E+01
      0.702605      0.455383E+01
      0.705411      0.454971E+01
      0.708216      0.454577E+01
      0.711022      0.454202E+01
      0.713828      0.453844E+01
      0.716633      0.453504E+01
      0.719439      0.453180E+01
      0.722244      0.452873E+01
      0.725050      0.452581E+01
      0.727856      0.452304E+01
      0.730661      0.452042E+01
      0.733467      0.451795E+01
      0.736273      0.451561E+01
      0.739078      0.451340E+01
      0.741884      0.451132E+01
      0.744689      0.450937E+01
      0.747495      0.450755E+01
      0.750301      0.450583E+01
      0.753106      0.450424E+01
      0.755912      0.450275E+01
      0.758717      0.450138E+01
      0.761523      0.450011E+01
      0.764329      0.449894E+01
      0.767134      0.449787E+01
      0.769940      0.449689E+01
      0.772745      0.449601E+01
      0.775551      0.449522E+01
      0.778357      0.449452E+01
      0.781162      0.449391E+01
      0.783968      0.449337E+01
      0.786774      0.449292E+01
      0.789579      0.449255E+01
      0.792385      0.449225E+01
      0.795190      0.449203E+01
      0.797996      0.449188E+01
      0.800802      0.449180E+01
      0.803607      0.449179E+01
      0.806413      0.449185E+01
      0.809218      0.449197E+01
      0.812024      0.449215E+01
      0.814830      0.449240E+01
      0.817635      0.449270E+01
      0.820441      0.449307E+01
      0.823246      0.449349E+01
      0.826052      0.449397E+01
      0.828858      0.449450E+01
      0.831663      0.449508E+01
      0.834469      0.449571E+01
      0.837275      0.449640E+01
      0.840080      0.449713E+01
      0.842886      0.449791E+01
      0.845691      0.449873E+01
      0.848497      0.449961E+01
      0.851303      0.450052E+01
      0.854108      0.450148E+01
      0.856914      0.450248E+01
      0.859719      0.450352E+01
      0.862525      0.450460E+01
      0.865331      0.450572E+01
      0.868136      0.450687E+01
      0.870942      0.450807E+01
      0.873747      0.450930E+01
      0.876553      0.451056E+01
      0.879359      0.451186E+01
      0.882164      0.451320E+01
      0.884970      0.451456E+01
      0.887776      0.451596E+01
      0.890581      0.451739E+01
      0.893387      0.451885E+01
      0.896192      0.452034E+01
      0.898998      0.452186E+01
      0.901804      0.452340E+01
      0.904609      0.452498E+01
      0.907415      0.452658E+01
      0.910220      0.452821E+01
      0.913026      0.452987E+01
      0.915832      0.453155E+01
      0.918637      0.453325E+01
      0.921443      0.453498E+01
      0.924248      0.453674E+01
      0.927054      0.453852E+01
      0.929860      0.454032E+01
      0.932665      0.454214E+01
      0.935471      0.454399E+01
      0.938277      0.454585E+01
      0.941082      0.454774E+01
      0.943888      0.454965E+01
      0.946693      0.455158E+01
      0.949499      0.455353E+01
      0.952305      0.455549E+01
      0.955110      0.455748E+01
      0.957916      0.455949E+01
      0.960721      0.456151E+01
      0.963527      0.456355E+01
      0.966333      0.456561E+01
      0.969138      0.456769E+01
      0.971944      0.456978E+01
      0.974749      0.457189E+01
      0.977555      0.457402E+01
      0.980361      0.457616E+01
      0.983166      0.457832E+01
      0.985972      0.458049E+01
      0.988778      0.458268E+01
      0.991583      0.458488E+01
      0.994389      0.458710E+01
      0.997194      0.458933E+01
      1.000000      0.459158E+01
