System Description            : Nb, bcc structure                               
Number of Atoms in Unit Cell  : 1                                               
Number of Atomic Species      : 1                                               
Number of Atoms in Each Type  : 1(Nb)                                           
Energy Offset                 : -7502                                           
=======================================================================================
    Iter     Energy      3PV     Efermi   Rms_rho    Rms_pot   Mix  Alg  Alpha 
---------------------------------------------------------------------------------------
**       1  -0.934086   0.81818  0.95639  0.435E-03  0.162E-03  pot  B   0.1000
         2  -0.934095   0.98617  0.95706  0.195E-04  0.852E-04  pot  B   0.1000
         3  -0.934109   0.96961  0.95742  0.205E-05  0.719E-04  pot  B   0.1000
         4  -0.934164   0.89686  0.95781  0.833E-05  0.347E-05  pot  B   0.1000
         5  -0.934163   0.90190  0.95800  0.899E-06  0.465E-05  pot  B   0.1000
         6  -0.934166   0.90081  0.95809  0.405E-06  0.129E-05  pot  B   0.1000
         7  -0.934167   0.90082  0.95812  0.172E-06  0.184E-05  pot  B   0.1000
         8  -0.934168   0.90055  0.95814  0.543E-07  0.379E-06  pot  B   0.1000
         9  -0.934169   0.90048  0.95815  0.321E-07  0.129E-06  pot  B   0.1000
        10  -0.934169   0.90047  0.95815  0.169E-07  0.125E-06  pot  B   0.1000
        11  -0.934169   0.90044  0.95815  0.474E-08  0.148E-07  pot  B   0.1000
        12  -0.934169   0.90044  0.95815  0.502E-08  0.420E-07  pot  B   0.1000
        13  -0.934169   0.90044  0.95816  0.927E-09  0.142E-07  pot  B   0.1000
        14  -0.934169   0.90044  0.95816  0.526E-09  0.198E-07  pot  B   0.1000
        15  -0.934169   0.90044  0.95816  0.411E-09  0.212E-07  pot  B   0.1000
**      16  -0.942171   0.79787  0.96012  0.408E-03  0.275E-03  pot  B   0.1000
        17  -0.942097   0.82132  0.95919  0.310E-05  0.233E-03  pot  B   0.1000
        18  -0.941924   0.88515  0.95834  0.876E-05  0.739E-04  pot  B   0.1000
        19  -0.941881   0.88628  0.95813  0.172E-05  0.400E-04  pot  B   0.1000
        20  -0.941808   0.87649  0.95792  0.228E-05  0.889E-05  pot  B   0.1000
        21  -0.941798   0.88221  0.95790  0.749E-06  0.109E-04  pot  B   0.1000
        22  -0.941808   0.88002  0.95795  0.389E-06  0.219E-05  pot  B   0.1000
        23  -0.941808   0.88006  0.95795  0.465E-07  0.948E-06  pot  B   0.1000
        24  -0.941809   0.87999  0.95796  0.287E-07  0.140E-06  pot  B   0.1000
        25  -0.941809   0.88000  0.95796  0.152E-08  0.132E-06  pot  B   0.1000
        26  -0.941809   0.88000  0.95796  0.267E-09  0.123E-06  pot  B   0.1000
        27  -0.941809   0.88000  0.95796  0.134E-08  0.844E-07  pot  B   0.1000
        28  -0.941809   0.87999  0.95796  0.264E-08  0.128E-07  pot  B   0.1000
        29  -0.941809   0.87999  0.95796  0.175E-09  0.124E-07  pot  B   0.1000
**      30  -0.941809   0.87999  0.95796  0.409E-03  0.124E-07  pot  B   0.1000
        31  -0.941809   0.87999  0.95796  0.390E-10  0.713E-07  pot  B   0.1000
**      32  -0.941809   0.87999  0.95796  0.409E-03  0.124E-07  pot  B   0.1000
        33  -0.941809   0.87999  0.95796  0.390E-10  0.713E-07  pot  B   0.1000
**      34  -0.935541   0.96593  0.95652  0.436E-03  0.290E-03  pot  B   0.1000
        35  -0.935553   0.94662  0.95607  0.522E-05  0.227E-03  pot  B   0.1000
        36  -0.935651   0.89544  0.95663  0.805E-05  0.829E-04  pot  B   0.1000
        37  -0.935564   0.92703  0.95604  0.722E-05  0.227E-03  pot  B   0.1000
        38  -0.935695   0.89516  0.95744  0.106E-04  0.912E-05  pot  B   0.1000
        39  -0.935695   0.89589  0.95761  0.267E-05  0.133E-04  pot  B   0.1000
        40  -0.935697   0.89518  0.95774  0.181E-06  0.601E-05  pot  B   0.1000
        41  -0.935698   0.89519  0.95779  0.222E-06  0.699E-05  pot  B   0.1000
        42  -0.935702   0.89407  0.95784  0.223E-06  0.106E-05  pot  B   0.1000
        43  -0.935702   0.89403  0.95786  0.990E-07  0.125E-05  pot  B   0.1000
        44  -0.935703   0.89396  0.95787  0.325E-07  0.102E-05  pot  B   0.1000
        45  -0.935703   0.89380  0.95788  0.320E-07  0.113E-06  pot  B   0.1000
        46  -0.935704   0.89380  0.95789  0.185E-07  0.189E-06  pot  B   0.1000
        47  -0.935704   0.89380  0.95789  0.648E-08  0.214E-06  pot  B   0.1000
        48  -0.935704   0.89380  0.95789  0.185E-08  0.209E-06  pot  B   0.1000
        49  -0.935704   0.89376  0.95789  0.949E-08  0.185E-07  pot  B   0.1000
        50  -0.935704   0.89375  0.95789  0.251E-08  0.836E-07  pot  B   0.1000
        51  -0.935704   0.89375  0.95789  0.224E-08  0.691E-07  pot  B   0.1000
        52  -0.935704   0.89374  0.95789  0.787E-09  0.901E-07  pot  B   0.1000
        53  -0.935704   0.89374  0.95789  0.605E-09  0.843E-07  pot  B   0.1000
